20210409 -0.0195091 -0.0201472 -0.0180445 -0.0184876 -0.0174929 -0.0179273 -0.0168865 -0.0162245 -0.0154815 -0.0170909 -0.0191076 -0.016368 -0.0184189 -0.0198401 -0.0197639 -0.0199586 -0.0188378 -0.0193291 -0.0194951 -0.0180427 -0.0158978 -0.0229628 -0.0198731 -0.019449 -0.0177793 -0.0177788 -0.0193221 -0.0219014 -0.0222372 -0.0199021 -0.0201445 -0.0188977
20210411 -0.0214459 -0.0214947 -0.0204168 -0.0218157 -0.0219728 -0.0215604 -0.0250247 -0.0223962 -0.0245862 -0.0207071 -0.0210562 -0.0199584 -0.0230374 -0.0233255 -0.0221325 -0.022616 -0.0219478 -0.0229008 -0.0216416 -0.0213893 -0.0206522 -0.0186858 -0.0194573 -0.0188707 -0.0204468 -0.0231448 -0.0254371 -0.0231751 -0.024032 -0.0230813 -0.0210637 -0.0214189
20210412 -0.0156033 -0.0151616 -0.0148438 -0.0155374 -0.0146596 -0.0144471 -0.0129343 -0.0180055 -0.0182 -0.0165316 -0.0161304 -0.0150823 -0.0171214 -0.0177445 -0.0175096 -0.0160483 -0.0161376 -0.01416 -0.0143192 -0.0131174 -0.0128699 -0.0121295 -0.0154013 -0.017034 -0.0195655 -0.0217858 -0.0193755 -0.0197091 -0.0191769 -0.0173899 -0.0178361 -0.017321
20210414 -0.00492599 -0.00509044 -0.0039876 -0.00432944 -0.00374959 -0.00519432 -0.00253447 -0.0046743 -0.00357407 -0.0076054 -0.00298886 -0.00192813 -0.00288503 -0.00270668 -0.00370065 -0.00314595 -0.00353189 -0.00273394 -0.00382666 -0.00167336 -0.00237248 -0.00244745 -0.00711765 -0.00925488 -0.0079324 -0.00838438 -0.0082199 -0.00642232 -0.0068418 -0.00672277 -0.00804081 -0.00908334
20210416 -0.00187492 -0.00216339 -0.000634115 -0.00117348 -0.00142219 -0.000658857 0.00162619 0.000657213 -0.00213044 -0.00158869 -0.0011063 0.00126863 0.000226661 0.00248809 0.00368569 0.00337409 0.003082 0.00391366 0.00449407 0.00567339 0.00397923 0.00589051 -0.000452743 -0.000570434 -0.0011133 0.00125162 0.000590382 0.000849205 7.38367e-05 -0.000938302 0.00043354 0.00291645
20210417 0.00255841 0.00320903 0.0041189 0.00288213 0.00258582 0.00177634 0.00209544 0.00349916 0.00539538 0.00394789 0.00256307 0.00245752 0.00119734 0.0035575 0.00595279 0.00681708 0.00672604 0.00704327 0.00822115 0.00902647 0.00953848 0.00776992 0.00232305 0.00179979 0.00382446 0.00307642 0.00285145 0.00262132 0.00155182 0.00305133 0.00569597 0.00306676
20210418 -0.00327928 -0.00317709 -0.00301733 -0.00374866 -0.0044318 -0.00322478 -0.00413737 -0.00391634 -0.00667205 -0.00507729 -0.00789423 -0.00525334 -0.00306626 -0.00475795 -0.00250404 -0.000394475 4.30025e-05 -0.000715094 -0.000606804 0.000684269 0.000739181 0.00103525 -0.00326978 -0.00145392 -0.00161254 -0.00191647 -0.00273517 -0.00471167 -0.00295693 -0.000363131 -0.0024849 -0.00355191
20210419 -0.0116515 -0.0108216 -0.00994959 -0.0111781 -0.0099917 -0.00984065 -0.0116885 -0.0100637 -0.0122332 -0.0117017 -0.00828361 -0.0114663 -0.0118071 -0.0119619 -0.0136084 -0.0110145 -0.009676 -0.00830944 -0.00888331 -0.00905504 -0.0079104 -0.00863622 -0.0105882 -0.0108194 -0.0110616 -0.011125 -0.0138091 -0.0119867 -0.0095591 -0.0112374 -0.0120838 -0.00985631
20210420 -0.00772741 -0.00575209 -0.00393463 -0.00515686 -0.00502848 -0.0050388 -0.00705901 -0.00740148 -0.00572486 -0.0105069 -0.00513678 -0.00904882 -0.00916031 -0.00886909 -0.00880379 -0.0107007 -0.00850206 -0.00713716 -0.00497073 -0.00592059 -0.00579198 -0.00486679 -0.00721868 -0.00727327 -0.0072975 -0.00955408 -0.00772549 -0.00539328 -0.00736768 -0.00873347 -0.0060816 -0.00418523
20210421 -0.0125822 -0.0126695 -0.0104189 -0.0120984 -0.0136001 -0.0157883 -0.0157381 -0.0145289 -0.0161299 -0.015 -0.015311 -0.0177467 -0.0140384 -0.0165133 -0.0162699 -0.0157503 -0.0168714 -0.0142841 -0.0134734 -0.0115298 -0.0128423 -0.0123599 -0.0112107 -0.0110957 -0.0137672 -0.011781 -0.0092285 -0.0112116 -0.0133197 -0.0110696 -0.00930774 -0.00710282
20210422 -0.0102839 -0.00990942 -0.00734725 -0.00801914 -0.00903891 -0.00894091 -0.00832081 -0.00917128 -0.00934048 -0.0116465 -0.0127827 -0.0129257 -0.0113346 -0.0121849 -0.0145997 -0.0139068 -0.0139674 -0.0144573 -0.0115347 -0.0109191 -0.00861325 -0.0105682 -0.00919197 -0.0122184 -0.00964891 -0.00716847 -0.00891009 -0.0101426 -0.00816274 -0.00661232 -0.0044479 -0.00642127
20210423 -0.0158715 -0.0159859 -0.013246 -0.014354 -0.0132807 -0.0137369 -0.0152426 -0.0131536 -0.0160299 -0.0146604 -0.017258 -0.0136184 -0.0167374 -0.0172354 -0.0170409 -0.0184816 -0.0180296 -0.0183497 -0.0186998 -0.0162539 -0.0158827 -0.0125243 -0.018299 -0.0152414 -0.0123464 -0.0141482 -0.0150181 -0.0126321 -0.0111895 -0.00934149 -0.0114209 -0.0112152
20210424 -0.00855095 -0.00962069 -0.00856101 -0.00861845 -0.00811888 -0.00799902 -0.00713282 -0.00847018 -0.00554135 -0.00874654 -0.00844092 -0.0079304 -0.00541319 -0.00619792 -0.00635424 -0.00617159 -0.00732755 -0.00740682 -0.00792844 -0.00851512 -0.00637326 -0.00599346 -0.00639187 -0.00343927 -0.00591053 -0.00722137 -0.00420461 -0.00285254 -0.00135277 -0.00351083 -0.00347469 -0.00131514
20210425 -0.00208392 -0.00339889 -0.00108968 -0.00176711 9.2938e-05 0.000273321 -0.00240717 -0.00242011 -0.000938634 0.00150089 -0.0028023 -0.000129386 -0.00361032 -0.000617787 -0.00204217 -0.0018921 -0.00188051 -0.0026746 -0.00337789 -0.00429866 -0.00547935 -0.0033021 0.000639999 -0.00252828 -0.0040574 -0.000240988 0.000782284 0.00250396 0.00124975 0.00116993 0.0032573 0.00259656
20210426 -0.00217074 -0.00329715 -0.00221791 -0.00291645 -0.00152646 -0.00183551 -0.000758689 -0.0011367 -0.00145674 -0.00209461 -0.00100513 -0.00185652 -0.00439185 -0.00592739 -0.00290088 -0.00468456 -0.00500865 -0.00541907 -0.00598189 -0.00663478 -0.00733095 -0.00852633 -0.00563435 -0.00728111 -0.00344781 -0.00267107 -0.000869597 -0.00237708 -0.00217843 0.000253602 -0.00029481 0.000193466
20210427 -0.0145651 -0.0146638 -0.0133177 -0.0146011 -0.0136136 -0.0129481 -0.0136985 -0.0147948 -0.0164631 -0.0155115 -0.0115922 -0.0135719 -0.0108313 -0.013627 -0.0152415 -0.0120797 -0.0134623 -0.0139642 -0.0144861 -0.014977 -0.0158225 -0.0165022 -0.0167305 -0.0119029 -0.0109384 -0.00920829 -0.010928 -0.0113631 -0.00949815 -0.0109562 -0.0103366 -0.0130844
20210428 -0.0153317 -0.0153816 -0.0135541 -0.0132588 -0.012913 -0.0124649 -0.0119315 -0.0163371 -0.0151372 -0.0154574 -0.0152709 -0.0112583 -0.0132283 -0.0102472 -0.0130828 -0.0144828 -0.0116156 -0.0125188 -0.0122546 -0.012454 -0.0124425 -0.0129971 -0.00989247 -0.00870846 -0.00685572 -0.00806045 -0.00868812 -0.00583726 -0.00719623 -0.00630978 -0.00963033 -0.00849515
20210429 -0.0142696 -0.0142464 -0.0122048 -0.0129303 -0.0119882 -0.0113836 -0.0106027 -0.0118273 -0.011218 -0.0131373 -0.0177312 -0.0137091 -0.0197113 -0.0174718 -0.0148086 -0.0171216 -0.0182392 -0.0147932 -0.01556 -0.0158671 -0.0163325 -0.0168928 -0.0132777 -0.0114065 -0.0129286 -0.0131923 -0.00951452 -0.00990638 -0.00914903 -0.0125066 -0.0116011 -0.0106663
20210430 -0.0165084 -0.0169532 -0.015308 -0.014939 -0.0147546 -0.0135269 -0.0128663 -0.0119015 -0.0131939 -0.013934 -0.0164443 -0.0195583 -0.0175548 -0.0228818 -0.0203827 -0.0171865 -0.0190331 -0.0194582 -0.0159711 -0.0168056 -0.0173923 -0.0181571 -0.0148393 -0.0168671 -0.0170851 -0.0127172 -0.0124489 -0.0116268 -0.0152103 -0.0142652 -0.0131585 -0.0139092
20210501 -0.0209313 -0.0199736 -0.0173394 -0.0178732 -0.0187374 -0.0168935 -0.015786 -0.0186131 -0.0180454 -0.0195107 -0.020762 -0.0185333 -0.0218098 -0.0225209 -0.0274311 -0.0244212 -0.0213463 -0.0235096 -0.023934 -0.0207518 -0.0215466 -0.0222753 -0.0225334 -0.0224942 -0.019104 -0.0178559 -0.0168462 -0.0210545 -0.0197174 -0.0187034 -0.0191398 -0.020505
20210502 -0.0283165 -0.0270521 -0.0247782 -0.026643 -0.0257158 -0.0244842 -0.027607 -0.0250188 -0.027971 -0.029547 -0.0244547 -0.0282059 -0.0264948 -0.0267484 -0.0272256 -0.0322801 -0.0290711 -0.0265149 -0.0286456 -0.0294023 -0.0275212 -0.0286524 -0.0283279 -0.0251437 -0.0241995 -0.0229912 -0.026937 -0.0257769 -0.0253173 -0.0258814 -0.0269014 -0.0274177
20210503 -0.0291734 -0.0292585 -0.0274469 -0.0273995 -0.0279226 -0.0263104 -0.0263965 -0.0267849 -0.0254753 -0.0281547 -0.0327263 -0.0259933 -0.0288974 -0.0271415 -0.0273507 -0.0280078 -0.0335899 -0.0305767 -0.0285984 -0.0312535 -0.0325681 -0.0313084 -0.0258984 -0.0260459 -0.0251057 -0.0290122 -0.028397 -0.0279373 -0.029052 -0.0305349 -0.0306251 -0.0288013
20210504 -0.0256268 -0.0266421 -0.0240651 -0.023804 -0.0238462 -0.0240514 -0.0243698 -0.02378 -0.0265183 -0.0279623 -0.0279431 -0.0306898 -0.028884 -0.0287985 -0.0271849 -0.0281071 -0.0295461 -0.0350373 -0.0310298 -0.0282606 -0.0305747 -0.0318057 -0.0259916 -0.0246906 -0.0283711 -0.0277901 -0.0274929 -0.0288511 -0.0306677 -0.0307525 -0.0285702 -0.0249081
20210505 -0.0197126 -0.0200969 -0.0186988 -0.0199919 -0.0188725 -0.0193396 -0.0182562 -0.0178586 -0.019783 -0.0248253 -0.0257292 -0.0232491 -0.0196702 -0.0234019 -0.0237093 -0.0220898 -0.0230024 -0.0241555 -0.02891 -0.0254642 -0.0227423 -0.0248166 -0.0181398 -0.021627 -0.0215372 -0.0213376 -0.0228318 -0.0248554 -0.0251149 -0.0233658 -0.0193696 -0.020622
20210506 -0.0117068 -0.011573 -0.00922672 -0.0114388 -0.0115211 -0.0114766 -0.0118875 -0.0125706 -0.0108634 -0.00992261 -0.0144819 -0.0107072 -0.0133301 -0.0122507 -0.0155146 -0.0151892 -0.0126941 -0.012951 -0.0142744 -0.0195462 -0.0165858 -0.013086 -0.0147777 -0.014707 -0.0145184 -0.0156935 -0.0177976 -0.0176998 -0.0164292 -0.0123559 -0.0136099 -0.0127024
20210507 -0.00993019 -0.00917906 -0.00761383 -0.00802523 -0.00774222 -0.00912362 -0.00989247 -0.00998108 -0.0098454 -0.00885815 -0.00931766 -0.00824133 -0.00730716 -0.00869727 -0.00672025 -0.00843602 -0.00809028 -0.005729 -0.00650909 -0.00823961 -0.0134805 -0.00969709 -0.00892864 -0.00851352 -0.00967295 -0.0121343 -0.0116841 -0.00999432 -0.00576436 -0.00722645 -0.00599544 -0.00591427
20210508 -0.010941 -0.0102685 -0.00772135 -0.00813222 -0.00859684 -0.00827243 -0.00781476 -0.00692727 -0.00800863 -0.00931755 -0.00982181 -0.00798135 -0.0119171 -0.00941726 -0.0105793 -0.00846185 -0.00994103 -0.010485 -0.00808549 -0.00789123 -0.00932682 -0.0154481 -0.0105234 -0.0116563 -0.0142141 -0.0128499 -0.0116553 -0.00781166 -0.00915591 -0.0080465 -0.00811831 -0.00844959
20210509 -0.0217164 -0.0212007 -0.0179504 -0.0186071 -0.0185197 -0.0190604 -0.0193872 -0.0202989 -0.0196503 -0.0178339 -0.0205932 -0.0176364 -0.0216455 -0.0222853 -0.0197889 -0.0205252 -0.0188783 -0.0205341 -0.0213136 -0.0187563 -0.0185574 -0.020076 -0.0228378 -0.0247334 -0.0222367 -0.0208953 -0.0167536 -0.018095 -0.0161492 -0.0168294 -0.0168739 -0.019621
20210510 -0.0281878 -0.0294968 -0.0263407 -0.0259143 -0.0261573 -0.0257291 -0.0281109 -0.0247742 -0.0267704 -0.0217157 -0.0223215 -0.0267935 -0.0271264 -0.0275582 -0.0292848 -0.0268864 -0.0274545 -0.0256577 -0.0269265 -0.0275433 -0.0243148 -0.0240402 -0.0304505 -0.0273766 -0.0262819 -0.0222675 -0.0239227 -0.0217365 -0.0226793 -0.0220332 -0.0245039 -0.0243705
20210511 -0.0181296 -0.0207845 -0.0185715 -0.0180495 -0.0173953 -0.0174751 -0.0170348 -0.018054 -0.0172158 -0.0187887 -0.0142595 -0.0150811 -0.0168564 -0.0156707 -0.0160454 -0.017915 -0.0149133 -0.0154369 -0.0132992 -0.0150299 -0.0158693 -0.0128998 -0.0168011 -0.0159181 -0.0123234 -0.013583 -0.0112324 -0.0122054 -0.0109639 -0.0130874 -0.0127173 -0.0114734
20210512 -0.0111594 -0.0110031 -0.0104406 -0.0107426 -0.0104632 -0.00966352 -0.00872922 -0.00888781 -0.00876701 -0.00980197 -0.00846136 -0.00770327 -0.0118136 -0.00957174 -0.00779649 -0.00752806 -0.00945009 -0.00607434 -0.00713759 -0.00564081 -0.00765222 -0.00884621 -0.00991074 -0.00699473 -0.0088409 -0.00726756 -0.0080638 -0.00748613 -0.00979244 -0.00982475 -0.00820354 -0.00834686
20210513 -0.00867298 -0.00906732 -0.00761356 -0.00928417 -0.00861303 -0.00766746 -0.00813839 -0.006604 -0.00706459 -0.00800871 -0.00453032 -0.00822317 -0.00998375 -0.0106488 -0.0080663 -0.005921 -0.00628271 -0.00865744 -0.00491799 -0.0058172 -0.0052592 -0.00793088 -0.00556344 -0.00765549 -0.00625185 -0.00736864 -0.00730276 -0.00962598 -0.00977535 -0.00803202 -0.00816946 -0.010013
20210514 -0.00424997 -0.00486635 -0.00273752 -0.00366641 -0.00458752 -0.00478714 -0.0042735 -0.00412925 -0.00490827 -0.00446143 -0.000706274 -0.00374326 -0.00759399 -0.00842231 -0.00954771 -0.007067 -0.00523387 -0.00590253 -0.00859007 -0.00444791 -0.00548711 -0.00527729 -0.00693254 -0.00495764 -0.00535191 -0.00569185 -0.00768337 -0.00826698 -0.00656033 -0.00646355 -0.00815135 -0.0069741
20210515 -0.0115962 -0.0118091 -0.00823676 -0.00911072 -0.00814497 -0.00861507 -0.00822375 -0.00790981 -0.0107862 -0.0124895 -0.0114031 -0.00664784 -0.0087855 -0.0120817 -0.0127568 -0.0139896 -0.0105855 -0.00839425 -0.00934423 -0.0121956 -0.00849659 -0.00969514 -0.00974246 -0.0101379 -0.0110104 -0.0122371 -0.0122389 -0.0102079 -0.0100769 -0.0112355 -0.00995263 -0.0136938
20210516 -0.00846842 -0.00896838 -0.00650656 -0.00637923 -0.00551245 -0.00678295 -0.00562211 -0.00635818 -0.0060283 -0.00806067 -0.00740801 -0.0069129 -0.0106422 -0.00748506 -0.0108167 -0.0120755 -0.0141748 -0.0114519 -0.00908215 -0.00993444 -0.0126385 -0.00891453 -0.00816802 -0.00823785 -0.01068 -0.0114643 -0.0100873 -0.0100411 -0.0107945 -0.00892925 -0.0124551 -0.0129368
20210517 -0.00565631 -0.00698324 -0.00587002 -0.00540637 -0.00481782 -0.00394568 -0.00494046 -0.00551062 -0.00523418 -0.00405946 -0.00673037 -0.00357251 -0.00629205 -0.00870119 -0.0057722 -0.00837636 -0.00933491 -0.0106876 -0.00892174 -0.00652465 -0.00763209 -0.0104143 -0.00562009 -0.00824141 -0.00862235 -0.00781747 -0.00821231 -0.0106878 -0.00938948 -0.0114882 -0.0111517 -0.00882001
20210518 -0.00666594 -0.00722139 -0.00555676 -0.00542823 -0.0054694 -0.00416468 -0.00434648 -0.00442421 -0.0034082 -0.00792904 -0.00866356 -0.00713224 -0.00704165 -0.00727248 -0.00924415 -0.00663741 -0.00925679 -0.0108707 -0.0120656 -0.0112621 -0.00870479 -0.00911669 -0.00812595 -0.00870531 -0.00881704 -0.00878714 -0.0120332 -0.0117673 -0.0148304 -0.0147288 -0.011445 -0.0111805
20210519 -0.0100726 -0.0101506 -0.00893984 -0.00957201 -0.00928861 -0.0092689 -0.00955778 -0.00924007 -0.00789077 -0.0105784 -0.0131312 -0.0117421 -0.00867178 -0.00959587 -0.00981016 -0.0126687 -0.0106161 -0.0133154 -0.0148805 -0.0160021 -0.0156279 -0.0139557 -0.0108655 -0.011159 -0.0111265 -0.0144149 -0.0144114 -0.01796 -0.0182005 -0.0150732 -0.0156983 -0.021509
20210520 -0.00711813 -0.00750119 -0.00572673 -0.00377111 -0.0025644 -0.00190195 -0.00347306 -0.00415272 -0.00551371 -0.00169072 -0.00439488 -0.0086308 -0.00658269 -0.00422491 -0.00412926 -0.00368375 -0.00644351 -0.00456055 -0.00735223 -0.0100339 -0.0118837 -0.0116741 -0.00660693 -0.00604063 -0.00931906 -0.00954807 -0.0131571 -0.0143713 -0.0110057 -0.0107105 -0.0159483 -0.0141735
20210521 0.00131458 0.00163593 0.00317864 0.00302093 0.00282574 0.00376422 0.00349793 0.002851 0.00207938 0.00420174 0.00294329 0.00166404 0.00144146 0.00283399 0.0048909 0.00377843 0.0038998 0.00131672 0.00339779 0.000338877 -0.00295819 -0.00536799 0.00169683 -0.00143643 -0.0020957 -0.0049004 -0.00554269 -0.00207811 -0.00194866 -0.00689755 -0.00517632 -0.00339924
20210522 -0.00359027 -0.00333902 -0.0011204 -0.00203725 -0.00185776 -0.00219595 -0.00441578 -0.00118542 -0.00299914 -0.00163509 -0.00157853 -0.00305534 -0.00362431 -0.0033338 -0.00217645 -0.000315435 -0.00123127 -0.00107398 -0.00390228 -0.0016737 -0.00409217 -0.00708192 -0.00666492 -0.00719284 -0.00884847 -0.00938961 -0.00580691 -0.0056959 -0.0105869 -0.00942689 -0.00768189 -0.00838457
20210523 -0.00466329 -0.00532308 -0.00309036 -0.00308675 -0.00205502 -0.000895189 -0.00155777 -0.000332607 0.00224971 -0.00392614 -0.00294189 -0.00455677 -0.00257435 -0.00256653 -0.0022875 -0.00105659 0.000956858 0.000503075 0.000969881 -0.00172286 0.00118346 -0.00133191 -0.00536554 -0.00664288 -0.00669308 -0.00253247 -0.00332109 -0.00836743 -0.00684609 -0.00483288 -0.00573126 -0.00495664
20210524 -0.00601504 -0.00675833 -0.00624114 -0.00667453 -0.00728568 -0.00660447 -0.00579938 -0.00556537 -0.00570653 -0.000695215 -0.00501486 -0.00181212 -0.00505086 -0.00267641 -0.00211833 -0.00243889 -0.00116472 0.000631378 0.000345391 0.000950004 -0.00186341 0.000345535 -0.00751448 -0.00688391 -0.00268019 -0.00387752 -0.00964507 -0.0089385 -0.00670596 -0.00753747 -0.00680169 -0.00583888
20210525 -0.000322558 -0.00227057 -0.00155267 -0.00170276 -0.000606304 0.00103131 0.00283989 0.000964315 -0.00154955 -0.00337227 0.00320559 0.00189131 0.00105305 0.00119623 0.00287769 0.00275772 0.00167683 0.00309565 0.00464806 0.00486551 0.00534848 0.00277914 2.35198e-05 0.00422048 0.00272504 -0.00376734 -0.00414049 -0.00232778 -0.00239029 -0.00215375 -0.00155916 -0.00401715
20210526 0.00406442 0.00395715 0.00309304 0.00210137 0.002362 0.00139331 0.00201728 0.00447635 0.0036819 0.00340957 0.000930515 0.00664822 0.00327242 0.0047341 0.00437477 0.00564063 0.00577147 0.00491309 0.00656091 0.00777911 0.00818778 0.00874804 0.00871243 0.00767249 0.00105241 0.0015334 0.00332345 0.00392803 0.00450697 0.00483333 0.00187026 0.00179219
20230315 -0.0115317 -0.0114782 -0.00897156 -0.00954156 -0.00950212 -0.0103737 -0.0110982 -0.0112799 -0.012041 -0.0122407 -0.0111269 -0.0103067 -0.0115899 -0.0131082 -0.0137628 -0.0161995 -0.0164229 -0.0176844 -0.0135152 -0.0115362 -0.00982449 -0.00904127 -0.0187594 -0.0167977 -0.0146418 -0.0153765 -0.0136619 -0.00764988 -0.00739425 -0.00731872 -0.0140809 -0.0154513
20230316 0.0742988 0.0763755 0.0768713 0.0740108 0.0731989 0.072631 0.0767464 0.0715324 0.0747364 0.0737182 0.0782314 0.0845884 0.0748469 0.0781963 0.0738506 0.0726044 0.0724537 0.0719225 0.0804139 0.0846199 0.0873148 0.0873372 0.0673299 0.0705266 0.0685041 0.072349 0.0818254 0.0856466 0.0860826 0.0871041 0.0886881 0.0910772
20230317 0.0863404 0.0926104 0.0939326 0.0913956 0.0844133 0.0863122 0.0806587 0.0902124 0.0796619 0.0946293 0.0946484 0.103303 0.0946878 0.0876472 0.10036 0.095053 0.0929463 0.0945855 0.0882703 0.0968794 0.100601 0.101458 0.0883352 0.0840095 0.0847448 0.0985167 0.100709 0.102063 0.10287 0.100991 0.100016 0.0993692
20230318 0.18131 0.185846 0.194983 0.19436 0.196998 0.186752 0.188722 0.17976 0.180614 0.178981 0.190931 0.189349 0.180178 0.191453 0.181061 0.193134 0.185835 0.182726 0.183861 0.176217 0.1855 0.189916 0.176729 0.172402 0.175052 0.181747 0.18524 0.183851 0.182026 0.181794 0.179281 0.184253
20230319 0.0758115 0.076479 0.0740467 0.0693629 0.0714108 0.0732551 0.0626992 0.06214 0.0633204 0.0683099 0.0636962 0.0581919 0.0761572 0.0804967 0.0831322 0.0751109 0.0857331 0.0739395 0.0749969 0.0719972 0.0581294 0.0736851 0.0745268 0.0750545 0.0765664 0.0754729 0.0739365 0.0716113 0.0648754 0.0608364 0.0641617 0.0596516
20230320 -0.00778266 -0.00998074 -0.0096457 -0.0111356 -0.01325 -0.0179447 -0.0174328 -0.00306216 -0.0113285 -0.00843823 -0.00671934 -0.0109126 -0.00874943 -0.00470883 0.00103663 0.00237473 -0.00370749 0.0108451 -0.00261848 0.00709215 0.00447702 -0.009868 -0.00333602 -0.00288188 -0.00732001 -0.00899019 -0.0104961 -0.0209241 -0.0227534 -0.0198866 -0.0269635 -0.0268428
20230321 -0.0239506 -0.0242934 -0.0217959 -0.0223292 -0.0237146 -0.0214649 -0.0220059 -0.021771 -0.0249161 -0.0237567 -0.0262831 -0.0262436 -0.0306567 -0.0329496 -0.0326716 -0.0338738 -0.0359173 -0.0308954 -0.0305098 -0.0335005 -0.0348105 -0.036277 -0.0228806 -0.0230218 -0.0293038 -0.0306147 -0.0268297 -0.0295072 -0.0270907 -0.0303039 -0.0314851 -0.03052
20230322 -0.0231222 -0.0230426 -0.0204108 -0.021199 -0.0209923 -0.0203507 -0.0197322 -0.0206854 -0.0214676 -0.0232368 -0.0222317 -0.0296822 -0.0237521 -0.0301642 -0.0325573 -0.0325019 -0.0343112 -0.0363812 -0.0310482 -0.0317567 -0.0342014 -0.0353895 -0.0230657 -0.0293729 -0.0309298 -0.0265457 -0.0288408 -0.0261935 -0.0286905 -0.0302626 -0.0296874 -0.0298977
20230323 -0.0204397 -0.0201948 -0.0184837 -0.018712 -0.0180953 -0.017954 -0.0180732 -0.0177442 -0.0202656 -0.0221322 -0.0221138 -0.0198957 -0.0199964 -0.0196826 -0.0261663 -0.0287221 -0.0291206 -0.0303251 -0.0317973 -0.0266069 -0.0273496 -0.0297535 -0.0266007 -0.0278431 -0.0230276 -0.0249909 -0.023071 -0.0255639 -0.0273418 -0.0273975 -0.0279356 -0.0283221
20230324 -0.0139258 -0.0132497 -0.0125143 -0.0138163 -0.0140838 -0.0146204 -0.0153861 -0.0127295 -0.0119199 -0.0131129 -0.0131541 -0.0130292 -0.0071261 -0.00719446 -0.00766174 -0.0147669 -0.0165899 -0.0174457 -0.0181478 -0.0194519 -0.0142627 -0.0147409 -0.0155569 -0.0113742 -0.0131434 -0.0116636 -0.0142982 -0.0163583 -0.0162327 -0.016171 -0.0155315 -0.0100121
20230325 -0.0171895 -0.0163561 -0.0152327 -0.0163187 -0.0165321 -0.0171534 -0.0165678 -0.0170984 -0.0133435 -0.0155472 -0.0130331 -0.0157275 -0.0154864 -0.00901266 -0.00892418 -0.00993002 -0.0174351 -0.0190742 -0.020593 -0.0211122 -0.0222835 -0.0167684 -0.0127959 -0.0144581 -0.0135285 -0.0164782 -0.018411 -0.0186365 -0.018428 -0.0174719 -0.012158 -0.0149023
20230326 -0.0285777 -0.0278459 -0.0270708 -0.028255 -0.0285037 -0.0275756 -0.0293089 -0.0285226 -0.029989 -0.0294762 -0.0288743 -0.0272333 -0.0327545 -0.0312766 -0.0254969 -0.0251347 -0.0261468 -0.033515 -0.0345494 -0.0359365 -0.0361165 -0.0375965 -0.0293874 -0.0283347 -0.0311573 -0.0327362 -0.0325379 -0.0327414 -0.0322801 -0.0271046 -0.0299255 -0.0333299
20230327 -0.0218586 -0.0217557 -0.0191847 -0.020301 -0.019422 -0.0199722 -0.0211671 -0.0217026 -0.023687 -0.0224264 -0.0178847 -0.0192283 -0.0217095 -0.0257039 -0.024329 -0.0182801 -0.0176154 -0.0181983 -0.0254472 -0.0262818 -0.0275271 -0.0278833 -0.0207944 -0.0228324 -0.0243163 -0.0242002 -0.0241543 -0.0240043 -0.0190819 -0.0225519 -0.0268335 -0.0232088
20230328 -0.0149889 -0.0152594 -0.0141623 -0.0147489 -0.0155831 -0.0164971 -0.0171755 -0.016849 -0.0185335 -0.0183574 -0.0174787 -0.0143687 -0.0173359 -0.0178807 -0.0218817 -0.0204174 -0.0142664 -0.0136083 -0.014321 -0.0217536 -0.0228111 -0.0240253 -0.0167961 -0.0184418 -0.0187725 -0.019184 -0.0190658 -0.0141018 -0.0176448 -0.0217211 -0.0185143 -0.0198116
20230329 -0.0175199 -0.0174776 -0.0182799 -0.0189983 -0.0194521 -0.0185275 -0.0191378 -0.0189676 -0.0152064 -0.0193505 -0.0180156 -0.0179053 -0.0164744 -0.0192146 -0.0203885 -0.0242398 -0.0229487 -0.0171475 -0.0161849 -0.017067 -0.0243447 -0.0253371 -0.0187279 -0.0185652 -0.019436 -0.0196625 -0.0151894 -0.0189697 -0.0225094 -0.019805 -0.0204506 -0.0212434
20230330 -0.0106253 -0.0109325 -0.00949296 -0.0121233 -0.0113142 -0.0105301 -0.0101062 -0.00868226 -0.010019 -0.00655146 -0.0112511 -0.0112957 -0.00943066 -0.00812399 -0.0103461 -0.0111506 -0.0142619 -0.0130725 -0.00753567 -0.00652675 -0.00742057 -0.01401 -0.00997169 -0.0106656 -0.0104172 -0.005102 -0.00838776 -0.0111781 -0.0089828 -0.0101294 -0.011241 -0.00987868
20230331 -0.0168837 -0.0179105 -0.0155685 -0.0155909 -0.0177021 -0.0181836 -0.0177817 -0.0161766 -0.0130252 -0.0139375 -0.0143302 -0.0135051 -0.0174946 -0.0157737 -0.013956 -0.0156552 -0.0167387 -0.0193605 -0.0181547 -0.0126703 -0.0115761 -0.0120738 -0.0172823 -0.0159345 -0.00972784 -0.0130801 -0.0158814 -0.0130612 -0.0138211 -0.0148506 -0.0139056 -0.0131232
20230401 -0.00806896 -0.00937288 -0.00800275 -0.00750803 -0.00677019 -0.00873542 -0.00863329 -0.00870907 -0.00566533 -0.00517051 -0.00430575 -0.0057361 -0.00772832 -0.00814067 -0.00593263 -0.00467441 -0.00660237 -0.00766876 -0.00973067 -0.00843247 -0.00340274 -0.0023332 -0.00659785 -9.6325e-05 -0.00359484 -0.00685712 -0.00409942 -0.00456093 -0.00504306 -0.00396959 -0.00327588 -0.00212917
20230402 -0.00631347 -0.00754508 -0.00562328 -0.00570256 -0.00476288 -0.00453857 -0.00580384 -0.00792298 -0.00590569 -0.00486533 -0.00438781 -0.00425597 -0.00741607 -0.00700389 -0.00818288 -0.00577498 -0.00467622 -0.006418 -0.00724279 -0.00986394 -0.00825923 -0.00423038 0.000126807 -0.0031596 -0.00618801 -0.00346301 -0.00334007 -0.00366168 -0.0022977 -0.00203347 -0.000496695 0.00174768
20230403 -0.0100549 -0.0121609 -0.00942443 -0.00930782 -0.00845761 -0.007285 -0.00803181 -0.00984523 -0.0130719 -0.0106014 -0.00820807 -0.01055 -0.0165107 -0.017533 -0.0172674 -0.0178326 -0.0152389 -0.0143045 -0.0159364 -0.0163728 -0.0189078 -0.0177998 -0.0130114 -0.0159808 -0.0136323 -0.0139659 -0.0149479 -0.0139397 -0.0135979 -0.0113916 -0.00901251 -0.0103839
20230404 -0.0179673 -0.0202269 -0.0177224 -0.0177638 -0.0174498 -0.0169615 -0.0167311 -0.014512 -0.0169652 -0.0169711 -0.0171569 -0.0140282 -0.0150419 -0.021226 -0.0221434 -0.0215521 -0.0219997 -0.0197305 -0.0188813 -0.0201651 -0.0200046 -0.0222967 -0.0208078 -0.0181885 -0.0182741 -0.0187854 -0.0184503 -0.0184461 -0.0166218 -0.0141709 -0.0159562 -0.018252
20230405 -0.0149751 -0.0148854 -0.0137866 -0.0141325 -0.0134057 -0.0122044 -0.0107789 -0.00961797 -0.00675509 -0.00825514 -0.00658413 -0.0087394 -0.0120129 -0.00855308 -0.01424 -0.0154141 -0.0145143 -0.015192 -0.0133093 -0.0123639 -0.0134624 -0.0133124 -0.0120967 -0.0124406 -0.0123012 -0.0113096 -0.0110868 -0.0092097 -0.00699507 -0.00853022 -0.0112164 -0.0120805
20230406 -0.015473 -0.0157293 -0.0132419 -0.0131437 -0.0121539 -0.0123651 -0.0126234 -0.0127858 -0.0133347 -0.009214 -0.00951359 -0.00994656 -0.0180113 -0.0140385 -0.0101169 -0.0156141 -0.0169277 -0.0162427 -0.0171426 -0.014639 -0.0138851 -0.0147421 -0.0157073 -0.0152524 -0.0140994 -0.0137688 -0.0116497 -0.00921167 -0.0100941 -0.012611 -0.0125766 -0.0141712
20230407 -0.0193595 -0.0205398 -0.0181696 -0.018773 -0.0181898 -0.0185083 -0.0169514 -0.0158163 -0.0140791 -0.0162155 -0.0120934 -0.00990382 -0.0186825 -0.0208502 -0.0168414 -0.0125943 -0.0184422 -0.0199463 -0.0193456 -0.0205313 -0.0181655 -0.0184497 -0.0188938 -0.0172856 -0.0163514 -0.0144112 -0.0119735 -0.0133711 -0.0169239 -0.0164597 -0.01771 -0.015677
20230408 -0.0209197 -0.0220239 -0.0201859 -0.0200492 -0.0185514 -0.0184795 -0.0189551 -0.0166438 -0.0168168 -0.0150135 -0.0152699 -0.0119633 -0.020812 -0.0196652 -0.0208498 -0.0171853 -0.0130185 -0.0197429 -0.0216912 -0.0210221 -0.0221213 -0.0196018 -0.019903 -0.0193257 -0.0177347 -0.0151006 -0.0172123 -0.0208127 -0.0202274 -0.0214539 -0.0193534 -0.0201638
20230409 -0.0192653 -0.0205505 -0.0180496 -0.0186 -0.0175489 -0.0151661 -0.0158671 -0.0189357 -0.0162981 -0.0169915 -0.0158204 -0.015816 -0.019854 -0.0184529 -0.0169835 -0.0178085 -0.0136306 -0.00922066 -0.0155138 -0.0170925 -0.016157 -0.0171336 -0.0193923 -0.01832 -0.0161037 -0.0176704 -0.0216261 -0.0208747 -0.0221684 -0.0201616 -0.0204038 -0.0209515
20230410 -0.0179761 -0.0196041 -0.0172759 -0.0177394 -0.0168681 -0.0163261 -0.0158121 -0.0155689 -0.0174359 -0.0154739 -0.0165698 -0.0152092 -0.0172315 -0.0177537 -0.0168645 -0.0162271 -0.0179337 -0.0143047 -0.010238 -0.0162698 -0.0178446 -0.0169927 -0.0172723 -0.0153712 -0.016446 -0.0197193 -0.0193287 -0.0221118 -0.0207837 -0.0210804 -0.0211173 -0.0213204
20230411 -0.0200977 -0.0213405 -0.0194685 -0.0198565 -0.0180871 -0.0177393 -0.0182922 -0.0175972 -0.0177197 -0.0174359 -0.0172108 -0.0192273 -0.0210617 -0.0213166 -0.0220976 -0.0217164 -0.0213582 -0.0233529 -0.0195464 -0.0158344 -0.0212436 -0.0230475 -0.0177153 -0.0190224 -0.0225505 -0.0222051 -0.0242307 -0.0232965 -0.0244212 -0.0245341 -0.0248793 -0.0251622
20230412 -0.0299604 -0.0298101 -0.0290089 -0.0298117 -0.0287184 -0.029581 -0.028975 -0.0273972 -0.0307909 -0.0268127 -0.0285439 -0.0285797 -0.0323114 -0.0337857 -0.0339938 -0.0340473 -0.0333751 -0.0334848 -0.035513 -0.0313455 -0.0284442 -0.0332584 -0.0308313 -0.0347271 -0.0339021 -0.0353061 -0.0350514 -0.0366116 -0.0371363 -0.0381032 -0.0386246 -0.0341955
20230413 -0.03691 -0.036472 -0.0338508 -0.035084 -0.0350816 -0.0350688 -0.0345404 -0.035613 -0.0360392 -0.03575 -0.034498 -0.0357348 -0.0355779 -0.0372599 -0.0387988 -0.0386402 -0.0384699 -0.0380999 -0.0383986 -0.0399898 -0.0359845 -0.0332081 -0.040756 -0.0401452 -0.0412402 -0.0417116 -0.0428041 -0.042833 -0.0436246 -0.0441108 -0.0399964 -0.0404617
20230414 -0.0312192 -0.0306528 -0.0282777 -0.0282598 -0.0269175 -0.027758 -0.0274752 -0.02709 -0.0270035 -0.0289207 -0.0271384 -0.0275642 -0.0274363 -0.0266644 -0.0285282 -0.0293986 -0.0291879 -0.0291809 -0.0289998 -0.0294446 -0.0327289 -0.0288029 -0.0308342 -0.0320135 -0.0327583 -0.0346469 -0.0347276 -0.0348617 -0.0350445 -0.0305873 -0.031031 -0.0295889
20230415 -0.0224321 -0.0222667 -0.0208902 -0.0213846 -0.0211073 -0.0206483 -0.0200802 -0.0202496 -0.0196374 -0.0208635 -0.0203134 -0.0222525 -0.0225483 -0.0193972 -0.0187211 -0.0204132 -0.0210994 -0.0215322 -0.0219998 -0.0217756 -0.0221462 -0.0251722 -0.0233716 -0.0242727 -0.0261486 -0.026274 -0.0265254 -0.0264609 -0.0224214 -0.0226828 -0.0208622 -0.023025
20230416 -0.0164487 -0.0165888 -0.0148542 -0.0149557 -0.0149473 -0.0149184 -0.0154708 -0.0151204 -0.0121914 -0.0112133 -0.0114337 -0.0123113 -0.0158397 -0.0156169 -0.0121972 -0.0110916 -0.0124284 -0.0137228 -0.0139742 -0.0146445 -0.0144752 -0.0152049 -0.0172365 -0.0192994 -0.0196403 -0.0196182 -0.0199158 -0.0153202 -0.0158398 -0.0143403 -0.0170347 -0.0181472
20230417 -0.0188577 -0.019006 -0.0165873 -0.0168532 -0.0163664 -0.0157876 -0.0169241 -0.014271 -0.016154 -0.0164606 -0.0140581 -0.0142504 -0.0179505 -0.0171131 -0.0171077 -0.0138887 -0.0130023 -0.0147274 -0.0165695 -0.016918 -0.016832 -0.0167861 -0.0209613 -0.0207362 -0.0212642 -0.0217376 -0.0164137 -0.0170593 -0.0157511 -0.0183956 -0.0189737 -0.0214282
20230418 -0.0210647 -0.0221821 -0.0211366 -0.0208794 -0.0205391 -0.0192291 -0.0187413 -0.0168374 -0.0163471 -0.0166782 -0.0199513 -0.015703 -0.0203705 -0.0197418 -0.0195846 -0.0197814 -0.0164132 -0.0152348 -0.0163986 -0.0176251 -0.0176992 -0.0181082 -0.0199195 -0.0201097 -0.0210346 -0.0166692 -0.0185557 -0.0174242 -0.0197339 -0.0214292 -0.0243034 -0.0229936
20230419 -0.0176292 -0.017572 -0.0170068 -0.0173999 -0.0163394 -0.0163587 -0.0167632 -0.0157013 -0.0134234 -0.0163965 -0.0165804 -0.0156464 -0.0192089 -0.0178265 -0.016514 -0.0164425 -0.0165987 -0.0128228 -0.0107633 -0.0122674 -0.0144689 -0.0149325 -0.0168959 -0.0170931 -0.0121888 -0.0139245 -0.0134436 -0.0160112 -0.0173811 -0.0209034 -0.0195339 -0.0225774
20230420 -0.00799374 -0.00802474 -0.00745836 -0.00803113 -0.00751727 -0.0076453 -0.00853947 -0.00876303 -0.00844191 -0.00666463 -0.00617867 -0.00586204 -0.00836813 -0.00930719 -0.00785021 -0.00684989 -0.00611793 -0.0061738 -0.00228506 -0.00106956 -0.00242218 -0.00474502 -0.00790322 -0.00295904 -0.00427026 -0.00356037 -0.00453578 -0.00534857 -0.00909787 -0.00832073 -0.0116757 -0.00738473
20230421 -0.00329151 -0.00307573 -0.00178628 -0.00171953 -0.000873144 -0.000352713 -0.0012282 -0.00312001 -0.00245461 -0.00313044 0.00102963 0.001795 -0.00374955 -0.00384256 -0.00470483 -0.00327064 -0.00227421 -0.00188249 -0.00191368 0.00179958 0.0031189 0.00163995 0.00188124 0.000668933 0.00189032 0.00119596 0.000378777 -0.00363417 -0.00258818 -0.00573461 -0.00208107 0.000256169
20230422 -0.0138658 -0.0136453 -0.0117978 -0.0124622 -0.0129742 -0.012146 -0.0137027 -0.0116943 -0.0123569 -0.0129572 -0.0139779 -0.0121086 -0.0195015 -0.0200702 -0.0198941 -0.0209172 -0.0203514 -0.0188071 -0.0186435 -0.0192035 -0.0160988 -0.014123 -0.0149698 -0.0127848 -0.0144605 -0.0134666 -0.0173825 -0.0162933 -0.0187792 -0.0147378 -0.0125709 -0.0114182
20230423 -0.0140655 -0.0136889 -0.0127476 -0.012758 -0.013266 -0.0130003 -0.013097 -0.0130026 -0.0109717 -0.00981942 -0.0109863 -0.0122312 -0.012864 -0.0185898 -0.0195498 -0.0193202 -0.0199584 -0.0192808 -0.0184452 -0.0176211 -0.0183866 -0.0153223 -0.0113589 -0.0132389 -0.01213 -0.0152038 -0.0137036 -0.0161603 -0.012395 -0.0104663 -0.00925756 -0.0150304
20230424 -0.014617 -0.0154899 -0.0124757 -0.0127661 -0.0122573 -0.0124475 -0.0126334 -0.0148312 -0.0144082 -0.0161692 -0.0141745 -0.0159862 -0.0178496 -0.0161071 -0.0208547 -0.0226371 -0.0219589 -0.0222418 -0.0218974 -0.021694 -0.0201118 -0.0203005 -0.0169764 -0.0163825 -0.0199964 -0.018036 -0.0200297 -0.0164263 -0.0154096 -0.0137237 -0.018712 -0.0171539
20230425 -0.00644331 -0.00772341 -0.00547999 -0.00465764 -0.00380437 -0.00356445 -0.00241032 -0.00206177 -0.00223266 -0.00301186 -0.00124064 -0.0017118 -0.0042142 -0.00753703 -0.00573692 -0.010358 -0.0128237 -0.0121989 -0.011682 -0.0105551 -0.00965647 -0.00745247 -0.00579976 -0.00872371 -0.00600919 -0.00816371 -0.00454998 -0.00358334 -0.00262214 -0.00779358 -0.00629425 -0.00831073
20230426 -0.00588423 -0.00578087 -0.00298508 -0.00317582 -0.00201095 -0.00261398 -0.00219514 -0.00081865 -0.000705426 -0.00233634 -0.000996457 -0.00126665 -0.00605076 -0.0031315 -0.00650382 -0.00546638 -0.00985839 -0.0119659 -0.0109766 -0.00962218 -0.00844065 -0.00785918 -0.00926522 -0.00564299 -0.00749537 -0.00342973 -0.00165189 -0.000431077 -0.00543842 -0.00338704 -0.00566037 -0.00850614
20230427 -0.00852625 -0.00831935 -0.00687771 -0.00453977 -0.00492499 -0.00400562 -0.00394356 -0.0050083 -0.00459956 -0.00387507 -0.00176207 -0.00276654 -0.00453268 -0.00415354 -0.000627534 -0.00406328 -0.00292285 -0.00736709 -0.00902899 -0.00787498 -0.00663315 -0.00620998 -0.00603391 -0.00837894 -0.00469982 -0.00244866 -0.00199724 -0.0069577 -0.00392051 -0.00612445 -0.00869207 -0.00876226
20230428 -0.00948845 -0.00796299 -0.00706302 -0.00743899 -0.00434745 -0.00561414 -0.00613394 -0.00638025 -0.00746217 -0.00932693 -0.00823803 -0.00777133 -0.0117144 -0.00749943 -0.00733379 -0.00435136 -0.00835965 -0.0074104 -0.0125864 -0.0141657 -0.0133362 -0.0130173 -0.0113738 -0.00791992 -0.00595947 -0.00580413 -0.0118343 -0.00977421 -0.0125061 -0.0144546 -0.0136329 -0.0141692
20230429 -0.0131548 -0.0127927 -0.0108866 -0.0116626 -0.0104947 -0.00968231 -0.00945025 -0.00964822 -0.00853503 -0.00808452 -0.0109963 -0.00994555 -0.0109671 -0.0134678 -0.010661 -0.0106633 -0.00747741 -0.0107944 -0.00949058 -0.0151059 -0.0164482 -0.0159882 -0.0094176 -0.00759197 -0.0073603 -0.012958 -0.0105531 -0.0127971 -0.0140126 -0.0130084 -0.0140555 -0.0159707
20230430 -0.0218907 -0.0230352 -0.0209938 -0.0216774 -0.0212921 -0.0182584 -0.0181128 -0.0197309 -0.0201585 -0.0206946 -0.0231707 -0.0215561 -0.0265262 -0.0242855 -0.0264214 -0.0236209 -0.0234775 -0.0190811 -0.0222782 -0.0214495 -0.0277653 -0.0286621 -0.0202542 -0.0194878 -0.0263733 -0.0237572 -0.0252811 -0.0262813 -0.0257051 -0.0258832 -0.0266672 -0.0244563
