20210415 -0.0320602 -0.0320602 -0.0250839 -0.00165558 -0.0113847 -0.0148362 -0.0203674 -0.0241781 -0.0311503 -0.0331412 -0.0210266 -0.00236314 -0.02362 -0.0188269 -0.0236545 -0.0271021 -0.00614538 -0.0046552 -0.0230858 -0.039493 -0.0287416 -0.0275337 -0.02362 -0.0188269 -0.0236545 -0.0271021 -0.00614538 -0.0046552 -0.0230858 -0.039493 -0.0287416 -0.0275337
20210416 -0.00852109 -0.00852109 -0.00125287 0.000263961 0.00965527 0.00457728 -0.000618663 -0.0142441 -0.0103339 -0.00384963 -0.0176441 -0.0458874 -0.00384712 0.000526569 -0.00204352 0.00879262 -0.0206217 -0.000416495 -0.00586485 -0.00903051 -0.0200108 -0.0128299 -0.00384712 0.000526569 -0.00204352 0.00879262 -0.0206217 -0.000416495 -0.00586485 -0.00903051 -0.0200108 -0.0128299
20210417 0.0100037 0.0100037 0.00717768 0.0046615 0.00948307 0.0237772 0.0319153 0.01598 -0.000416409 0.0196126 0.0404565 0.00478777 0.00437641 0.0215942 0.0200927 0.0169354 0.0612244 0.0172568 0.034691 0.0393943 0.0223373 0.0140336 0.00437641 0.0215942 0.0200927 0.0169354 0.0612244 0.0172568 0.034691 0.0393943 0.0223373 0.0140336
20210418 -0.000420793 -0.000420793 0.0148464 0.0167055 0.0145881 0.0289137 0.0297416 0.0329283 0.0205913 0.00142444 -0.0347777 -0.00858155 0.011935 0.000245209 -0.0162936 -0.0243848 -0.00370495 0.0212923 -0.00785502 0.00823069 -0.0117359 -0.0123837 0.011935 0.000245209 -0.0162936 -0.0243848 -0.00370495 0.0212923 -0.00785502 0.00823069 -0.0117359 -0.0123837
20210419 0.0235109 0.0235109 0.000700976 -0.00115242 0.000148877 0.0165239 0.00970218 0.0268074 0.0322875 0.0152879 0.00894923 -0.025522 -0.00216564 -0.00206899 -0.0178318 -0.0182892 -0.0499083 -0.02356 0.0310986 -0.0033781 0.0296682 0.022593 -0.00216564 -0.00206899 -0.0178318 -0.0182892 -0.0499083 -0.02356 0.0310986 -0.0033781 0.0296682 0.022593
20210420 -0.00166682 -0.00166682 0.00957912 0.0119717 0.0112737 0.0154772 0.00925855 0.0294433 0.0145157 0.0266535 0.0178022 0.00479256 0.00712604 -0.00763243 -0.00977292 -0.0111555 -0.0422511 -0.0150206 -0.00316381 0.0648584 0.0418685 0.051704 0.00712604 -0.00763243 -0.00977292 -0.0111555 -0.0422511 -0.0150206 -0.00316381 0.0648584 0.0418685 0.051704
20210421 0.0208879 0.0208879 0.018124 0.0249783 0.02192 0.0258204 0.0222553 0.02133 0.0199958 -0.00123684 0.0048782 0.00867769 0.0227059 0.0198134 0.0327119 0.0701331 0.0689029 0.0503742 0.035678 0.0113355 0.0297311 0.007057 0.0227059 0.0198134 0.0327119 0.0701331 0.0689029 0.0503742 0.035678 0.0113355 0.0297311 0.007057
20210422 0.00754176 0.00754176 0.015727 0.0140217 0.0188767 0.0209366 0.0128148 0.0249468 0.00348417 0.00769193 -0.0230273 -0.010755 0.0104907 0.0283842 0.0437216 0.0163098 0.026054 0.018801 0.0107408 0.0138464 -0.00388725 -0.00309117 0.0104907 0.0283842 0.0437216 0.0163098 0.026054 0.018801 0.0107408 0.0138464 -0.00388725 -0.00309117
20210423 -0.0215451 -0.0215451 -0.0183963 -0.0158124 -0.0345911 -0.0411404 -0.0358568 -0.0392076 -0.0413326 -0.0357956 -0.0230467 0.0041357 -0.0234063 -0.0368325 -0.0106503 0.0178537 0.00420256 -0.0140646 -0.0341756 -0.0190742 0.0116698 -0.0189761 -0.0234063 -0.0368325 -0.0106503 0.0178537 0.00420256 -0.0140646 -0.0341756 -0.0190742 0.0116698 -0.0189761
20210424 -0.0240081 -0.0240081 -0.0333472 -0.0349021 -0.0295753 -0.0234951 -0.0190002 -0.00974487 -0.00887669 -0.0348718 -0.00498138 -0.00876478 -0.0349686 -0.0378054 0.0015088 0.0191836 0.0312097 0.00965737 0.00303787 -0.0272089 -0.0310785 -0.00506491 -0.0349686 -0.0378054 0.0015088 0.0191836 0.0312097 0.00965737 0.00303787 -0.0272089 -0.0310785 -0.00506491
20210425 -0.0452961 -0.0452961 -0.00415037 -0.0119429 -0.0306094 -0.0235043 -0.0389703 -0.0282793 -0.0343785 -0.0262527 -0.0514177 -0.0305724 -0.00668362 -0.0338045 -0.0192888 -0.00150795 -0.0120553 -0.0314174 -0.0349441 -0.0346304 -0.0598355 -0.03097 -0.00668362 -0.0338045 -0.0192888 -0.00150795 -0.0120553 -0.0314174 -0.0349441 -0.0346304 -0.0598355 -0.03097
20210426 -0.00631101 -0.00631101 -0.00114748 -0.00608868 -0.00671918 -0.0171467 -0.021093 -0.00441573 0.0176123 -0.0107067 0.0105727 -0.0230084 -0.00200588 -0.0259377 -0.028467 0.00510768 0.0146905 0.0321534 0.0143079 0.0133498 0.00281242 0.0107566 -0.00200588 -0.0259377 -0.028467 0.00510768 0.0146905 0.0321534 0.0143079 0.0133498 0.00281242 0.0107566
20210427 -0.0186427 -0.0186427 -0.0347181 -0.0335495 -0.0205075 -0.0215473 -0.00727959 -0.00814301 -0.00294119 0.0261213 -0.00868764 0.0220591 -0.0347222 0.0107694 -0.0213735 0.0177449 0.0122307 0.0274653 0.0298724 -0.00576853 -0.0234798 -0.00980655 -0.0347222 0.0107694 -0.0213735 0.0177449 0.0122307 0.0274653 0.0298724 -0.00576853 -0.0234798 -0.00980655
20210428 0.00173559 0.00173559 0.0155035 0.0145142 0.00936069 0.00734559 0.0247312 0.0339574 0.0366261 0.0120083 0.0356008 0.0181249 0.00908521 0.0181333 0.0268134 0.0195932 0.0341567 0.027201 0.0291784 0.0239452 -0.013105 -0.00755059 0.00908521 0.0181333 0.0268134 0.0195932 0.0341567 0.027201 0.0291784 0.0239452 -0.013105 -0.00755059
20210429 -0.0152563 -0.0152563 -0.0219108 -0.0154728 -0.00956356 -0.0118094 -0.0115156 0.00938363 0.000822466 -0.00925679 0.0122842 0.0248932 -0.0247863 -0.00859289 0.0152245 0.0447776 0.052801 0.0266011 0.0181799 0.0216394 0.00696629 -0.0172535 -0.0247863 -0.00859289 0.0152245 0.0447776 0.052801 0.0266011 0.0181799 0.0216394 0.00696629 -0.0172535
20210430 -0.0117828 -0.0117828 -0.0145899 -0.0132093 -0.0172263 -0.0258628 -0.0096951 -0.02389 -0.0127242 -0.0249375 -0.00794956 0.0141682 -0.0117435 0.00390877 0.0138459 0.0400443 0.0313424 0.0306691 0.0102042 -0.00788466 0.00971246 -0.000898046 -0.0117435 0.00390877 0.0138459 0.0400443 0.0313424 0.0306691 0.0102042 -0.00788466 0.00971246 -0.000898046
20210501 0.0130032 0.0130032 0.00316662 -0.000705696 -0.00426986 0.00562603 -0.0104534 0.0136379 -0.00232761 0.013828 0.0436711 0.0279772 -0.00198569 0.0166862 0.0142442 0.031497 0.0540098 0.0413889 0.0257736 0.0119896 0.0080367 0.013754 -0.00198569 0.0166862 0.0142442 0.031497 0.0540098 0.0413889 0.0257736 0.0119896 0.0080367 0.013754
20210502 0.0356777 0.0356777 0.00372782 0.00535406 0.00641805 0.0029196 -0.0307135 -0.0202568 -0.00550404 0.00704699 -0.0135828 0.00909041 0.00763393 0.00968583 0.0295044 0.01133 0.0129397 -0.0113972 0.035551 0.00716281 0.0074165 -0.0107637 0.00763393 0.00968583 0.0295044 0.01133 0.0129397 -0.0113972 0.035551 0.00716281 0.0074165 -0.0107637
20210503 -0.0316454 -0.0316454 -0.0315558 -0.0281567 -0.0227587 -0.0220215 -0.0250031 -0.0652428 -0.0536377 -0.0471776 -0.0634234 -0.0493489 -0.0344766 0.0209658 -0.0161634 -0.0606846 -0.087116 -0.0649189 -0.0408339 -0.0269876 -0.0592131 -0.0227834 -0.0344766 0.0209658 -0.0161634 -0.0606846 -0.087116 -0.0649189 -0.0408339 -0.0269876 -0.0592131 -0.0227834
20210504 -0.0262697 -0.0262697 -0.0377063 -0.0351309 -0.0405994 -0.0325028 -0.0299172 -0.0269034 -0.0445563 -0.0268684 -0.0153612 -0.0375267 -0.0354139 -0.00314768 0.00845907 -0.0181947 0.00725996 -0.0160552 -0.0100876 -0.0102353 -0.0133671 -0.0296485 -0.0354139 -0.00314768 0.00845907 -0.0181947 0.00725996 -0.0160552 -0.0100876 -0.0102353 -0.0133671 -0.0296485
20210505 -0.019289 -0.019289 -0.0049511 -0.0105344 -0.00280164 -0.00477791 -0.00229185 0.00564387 -0.0140814 0.00106693 0.00886024 0.0173979 -0.0244938 -0.00606885 0.0263128 0.0267869 0.0191685 0.0177509 -0.0151306 -0.00964707 -0.00669746 -0.00172951 -0.0244938 -0.00606885 0.0263128 0.0267869 0.0191685 0.0177509 -0.0151306 -0.00964707 -0.00669746 -0.00172951
20210506 -0.0234133 -0.0234133 -0.0262572 -0.0430089 -0.0429308 -0.0405028 -0.0376435 -0.0441735 -0.0455762 -0.047799 0.00637431 0.0315199 -0.0248654 -0.0105974 -0.021632 -0.000512527 -0.00535483 0.00706444 -0.0257081 -0.0410924 -0.0274903 -0.00557147 -0.0248654 -0.0105974 -0.021632 -0.000512527 -0.00535483 0.00706444 -0.0257081 -0.0410924 -0.0274903 -0.00557147
20210507 -0.0418064 -0.0418064 -0.0501914 -0.0493062 -0.0479193 -0.0612108 -0.0496494 -0.0631209 -0.0266892 -0.0654339 -0.06734 -0.0375714 -0.0495838 -0.0215033 -0.0165537 -0.00910707 0.0160435 0.052361 0.0251222 -0.00177471 -0.00686403 0.0361194 -0.0495838 -0.0215033 -0.0165537 -0.00910707 0.0160435 0.052361 0.0251222 -0.00177471 -0.00686403 0.0361194
20210508 -0.00691485 -0.00691485 -0.0181318 -0.0155364 -0.00679732 -0.0266567 -0.0229174 -0.0160522 -0.00521728 0.00245625 0.0186561 -0.0199043 -0.0169383 -0.00357157 0.0210426 0.00551575 0.0344907 0.0218629 0.054704 0.0590549 0.0288018 0.0161396 -0.0169383 -0.00357157 0.0210426 0.00551575 0.0344907 0.0218629 0.054704 0.0590549 0.0288018 0.0161396
20210509 -0.0134933 -0.0134933 -0.0136871 -0.0172015 -0.0130308 -0.0124109 -0.0260517 -0.0249028 -0.0284016 -0.0212271 -0.00468655 0.00399553 -0.0176318 0.0167186 0.00573765 0.0283266 -0.000920031 0.00986105 0.0148476 0.0556921 0.0683924 0.0673052 -0.0176318 0.0167186 0.00573765 0.0283266 -0.000920031 0.00986105 0.0148476 0.0556921 0.0683924 0.0673052
20210510 -0.00608137 -0.00608137 0.00948073 0.0125062 0.0163668 0.026206 0.0197521 0.0333994 0.0278177 0.0370927 0.0356297 0.0515385 0.00742185 0.0275899 0.0542041 0.0445888 0.0568086 0.0333271 0.0715693 0.06406 0.100836 0.0817153 0.00742185 0.0275899 0.0542041 0.0445888 0.0568086 0.0333271 0.0715693 0.06406 0.100836 0.0817153
20210511 -0.00969132 -0.00969132 0.0130062 0.0199737 0.013081 0.0107178 0.00870484 0.0204035 -0.0118416 -0.010256 -0.00629239 0.0233642 0.00579507 0.00336368 0.00910961 0.0442069 0.00791302 0.00544558 0.0174707 0.0703314 0.0655559 0.0468261 0.00579507 0.00336368 0.00910961 0.0442069 0.00791302 0.00544558 0.0174707 0.0703314 0.0655559 0.0468261
20210512 -0.0083979 -0.0083979 -0.00311907 0.00742328 -0.000596526 -0.00480896 -0.0173548 -0.0164648 0.00306817 -0.0122723 -0.0160248 -0.0219584 -0.0145784 -0.000137423 0.0100373 0.0252822 0.0641397 0.023555 0.00464596 0.0134595 0.0503554 0.0277493 -0.0145784 -0.000137423 0.0100373 0.0252822 0.0641397 0.023555 0.00464596 0.0134595 0.0503554 0.0277493
20210513 -0.0230888 -0.0230888 -0.0347725 -0.00722344 -0.0199493 -0.0154844 -0.0249891 -0.0185539 -0.0407553 -0.0166809 -0.0349949 -0.00590165 -0.032709 -0.0147425 -0.027328 -0.0229179 0.0244962 0.0557936 0.025544 0.0375777 0.00678208 0.0133407 -0.032709 -0.0147425 -0.027328 -0.0229179 0.0244962 0.0557936 0.025544 0.0375777 0.00678208 0.0133407
20210514 -0.00853008 -0.00853008 -0.0234734 -0.0176501 0.0419101 0.0363306 0.0229542 -0.000743802 -0.00548424 0.0101345 0.00868993 -0.0140532 -0.0246389 -0.0126662 -0.0330561 -0.0116584 -0.0160133 -0.00377395 0.0260999 0.0161548 0.0100999 -0.0246994 -0.0246389 -0.0126662 -0.0330561 -0.0116584 -0.0160133 -0.00377395 0.0260999 0.0161548 0.0100999 -0.0246994
20210515 -0.0569456 -0.0569456 -0.0485042 -0.0524787 -0.0545337 -0.0183425 -0.0178992 -0.0198849 -0.0273044 -0.0101042 -0.0134053 -0.0461185 -0.0492705 -0.0343002 -0.0141224 -0.0451979 -0.0225831 -0.0438939 -0.0290509 -0.0144715 -0.0553077 -0.0510673 -0.0492705 -0.0343002 -0.0141224 -0.0451979 -0.0225831 -0.0438939 -0.0290509 -0.0144715 -0.0553077 -0.0510673
20210516 -0.034869 -0.034869 -0.0152123 -0.0213458 -0.0170852 -0.0251791 -0.0336785 -0.0349059 -0.0233829 -0.0315964 -0.0317946 -0.018885 -0.0159475 -0.0132046 0.00574862 -0.00288422 -0.0232457 -0.0518117 -0.0208217 -0.00420639 -0.00218599 -0.0226687 -0.0159475 -0.0132046 0.00574862 -0.00288422 -0.0232457 -0.0518117 -0.0208217 -0.00420639 -0.00218599 -0.0226687
20210517 -0.0438533 -0.0438533 -0.0166785 -0.0137684 -0.0109353 -0.0094192 -0.0256524 -0.0395004 -0.0277726 -0.0264168 -0.0196586 -0.0353571 -0.0205963 -0.0250057 -0.00733389 -0.0108469 -0.03652 -0.0641954 -0.0617925 -0.0582941 -0.0279161 -0.0218748 -0.0205963 -0.0250057 -0.00733389 -0.0108469 -0.03652 -0.0641954 -0.0617925 -0.0582941 -0.0279161 -0.0218748
20210518 -0.0565196 -0.0565196 -0.0241981 -0.0285996 -0.0275747 -0.0356398 -0.0212199 -0.0327342 0.0068986 0.0183157 0.0164119 -0.00464601 -0.0270696 -0.0258862 -0.0204688 -0.020632 -0.0100332 -0.0331979 -0.0426274 -0.0530054 -0.0631758 -0.0678872 -0.0270696 -0.0258862 -0.0204688 -0.020632 -0.0100332 -0.0331979 -0.0426274 -0.0530054 -0.0631758 -0.0678872
20210519 -0.0569699 -0.0569699 -0.0445423 -0.0397364 -0.03999 -0.0395698 -0.0381845 -0.042464 -0.0319993 -0.0299443 0.00890409 0.00221508 -0.0540649 -0.0360054 -0.00479409 -0.0299031 -0.0209193 -0.0211901 -0.01539 -0.0276601 -0.0234765 -0.0435509 -0.0540649 -0.0360054 -0.00479409 -0.0299031 -0.0209193 -0.0211901 -0.01539 -0.0276601 -0.0234765 -0.0435509
20210520 -0.0185789 -0.0185789 -0.0194204 -0.0163445 -0.00684749 -0.00714361 -0.00759501 -0.00311167 -0.00884397 0.0130606 -0.0130095 0.0182563 -0.0261272 -0.0216532 -0.00490637 -0.00196997 -0.0174503 0.00824418 0.0236091 0.018794 -0.0198034 -0.023254 -0.0261272 -0.0216532 -0.00490637 -0.00196997 -0.0174503 0.00824418 0.0236091 0.018794 -0.0198034 -0.023254
20210521 0.00100382 0.00100382 -0.00650518 -0.0065666 -0.00794069 -0.0180153 -0.0226558 -0.0159722 -0.0033861 -0.0080381 -0.0209639 0.00320461 -0.0091938 -0.00819256 -0.0111813 -0.0244925 -0.0302786 -0.0185214 -0.00251736 -0.00632084 -0.0155486 -0.0307635 -0.0091938 -0.00819256 -0.0111813 -0.0244925 -0.0302786 -0.0185214 -0.00251736 -0.00632084 -0.0155486 -0.0307635
20210522 -0.00794795 -0.00794795 -0.000744946 0.000236143 -0.00633517 -0.0117553 -0.0270477 -0.0173778 -0.0426378 -0.0387388 -0.024427 0.00188381 -0.000223203 -0.0153239 -0.000317292 0.013507 -0.00901216 -0.0260604 0.0221302 0.0398201 0.0331769 -0.0155137 -0.000223203 -0.0153239 -0.000317292 0.013507 -0.00901216 -0.0260604 0.0221302 0.0398201 0.0331769 -0.0155137
20210523 -0.016767 -0.016767 -0.0203109 -0.019801 -0.0257279 -0.0237783 -0.0292952 -0.00486003 -0.00290611 -0.0142101 -0.0274973 -0.0255879 -0.0180756 0.0100435 0.00460768 0.0386154 0.00616832 -0.0176165 -0.0339442 -0.00215134 0.0010539 -0.00999574 -0.0180756 0.0100435 0.00460768 0.0386154 0.00616832 -0.0176165 -0.0339442 -0.00215134 0.0010539 -0.00999574
20210524 -0.0683716 -0.0683716 -0.0538346 -0.0571682 -0.0533311 -0.0594321 -0.0527133 -0.041145 -0.029627 -0.0426869 -0.02092 -0.0393624 -0.0536971 -0.0472679 -0.0314388 -0.0260073 -0.0225506 -0.0520733 -0.0276936 0.00822738 0.0336683 0.0260911 -0.0536971 -0.0472679 -0.0314388 -0.0260073 -0.0225506 -0.0520733 -0.0276936 0.00822738 0.0336683 0.0260911
20210525 -0.0458173 -0.0458173 -0.0449778 -0.0406658 -0.0382778 -0.028794 -0.0392453 -0.0415724 -0.0296116 -0.0248803 -0.0390584 -0.0160174 -0.0455658 -0.00634462 0.000774342 -0.0219342 -0.0161903 -0.0242884 -0.019514 0.0202759 0.0335628 0.0279936 -0.0455658 -0.00634462 0.000774342 -0.0219342 -0.0161903 -0.0242884 -0.019514 0.0202759 0.0335628 0.0279936
20210526 0.00753431 0.00753431 -0.00372393 -0.00225833 0.00248192 -0.00754262 -0.0125147 -0.0164647 -0.0100947 -0.00108198 0.0249911 0.0182139 0.0179681 0.0267302 0.0365785 0.0543444 0.00974362 0.0152733 0.0278975 0.0357707 0.0380533 0.0484651 0.0179681 0.0267302 0.0365785 0.0543444 0.00974362 0.0152733 0.0278975 0.0357707 0.0380533 0.0484651
20230315 -0.0252512 -0.0252512 -0.0361625 -0.0400226 -0.0428048 -0.0314887 -0.0258427 -0.0230846 -0.0151514 -0.0514705 -0.0495925 -0.036498 -0.0210064 -0.0448801 -0.0439273 -0.014501 -0.0511828 -0.0607101 -0.0739622 -0.0637307 -0.0279505 -0.0181153 -0.0210064 -0.0448801 -0.0439273 -0.014501 -0.0511828 -0.0607101 -0.0739622 -0.0637307 -0.0279505 -0.0181153
20230316 0.0827577 0.0827577 0.0868509 0.0476349 0.0644908 0.0496835 0.0496103 0.089292 0.0773686 0.0537899 0.127425 0.0356917 0.077166 -0.0652917 -0.108663 -0.039387 -0.0342484 -0.0569995 -0.0468669 -0.06153 -0.0394346 -0.0558486 0.077166 -0.0652917 -0.108663 -0.039387 -0.0342484 -0.0569995 -0.0468669 -0.06153 -0.0394346 -0.0558486
20230317 0.178684 0.178684 0.110377 0.12374 0.103253 0.110716 0.182919 0.0805954 0.0917501 0.131014 0.115596 0.0394695 0.110374 0.140277 0.044517 -0.0108092 0.0670397 0.0181865 -0.0787419 -0.013434 -0.11939 -0.0425859 0.110374 0.140277 0.044517 -0.0108092 0.0670397 0.0181865 -0.0787419 -0.013434 -0.11939 -0.0425859
20230318 0.121551 0.121551 0.0388649 0.0388641 0.0870004 0.03171 -0.00484013 0.0157609 0.0349831 -0.0472906 0.0601456 0.0213734 0.0388661 0.179848 -0.0322957 -0.0146287 -0.179138 -0.167015 -0.0884281 -0.201429 -0.0760129 -0.0913407 0.0388661 0.179848 -0.0322957 -0.0146287 -0.179138 -0.167015 -0.0884281 -0.201429 -0.0760129 -0.0913407
20230319 0.376956 0.376956 0.342208 0.342206 0.34221 0.308172 0.156443 0.162518 0.179122 0.175994 0.336792 0.193092 0.342214 0.366569 0.364446 0.299508 0.306134 0.235763 0.386366 0.337239 0.189013 0.171891 0.342214 0.366569 0.364446 0.299508 0.306134 0.235763 0.386366 0.337239 0.189013 0.171891
20230320 0.111122 0.111122 0.14405 0.144049 0.144049 0.144055 0.169481 -0.0530384 -0.0716771 -0.0921511 0.120666 -0.114839 0.0899129 0.130144 0.0227671 0.390924 0.11697 0.101471 -0.00288651 0.26582 0.323363 0.106716 0.0899129 0.130144 0.0227671 0.390924 0.11697 0.101471 -0.00288651 0.26582 0.323363 0.106716
20230321 -0.0100161 -0.0100161 -0.0164344 0.0157087 0.015709 0.0157093 0.0157103 -0.00267311 -0.0466555 -0.00329495 -0.0118129 0.000619289 -0.0257971 -0.0256731 -0.0186147 0.0219618 0.0166376 -0.00954706 0.0260108 -0.00838098 -0.00403822 -0.0390474 -0.0257971 -0.0256731 -0.0186147 0.0219618 0.0166376 -0.00954706 0.0260108 -0.00838098 -0.00403822 -0.0390474
20230322 0.00815025 0.00815025 0.00610556 0.00665106 0.0138745 0.0138739 0.0138752 0.0138764 -0.00724798 0.0136492 0.0384116 0.00711148 0.000468864 -0.0537663 -0.0100981 -0.0019807 -0.0111415 -0.0306455 -0.0541779 -0.00151297 0.0138969 0.000659213 0.000468864 -0.0537663 -0.0100981 -0.0019807 -0.0111415 -0.0306455 -0.0541779 -0.00151297 0.0138969 0.000659213
20230323 -0.0430803 -0.0430803 -0.0461495 -0.0299464 -0.0400761 -0.0159934 -0.0159932 -0.0159905 -0.0159957 -0.0431588 -0.00520626 -0.0174117 -0.0452195 -0.0587356 -0.0821037 -0.0502895 -0.0443495 -0.0706447 -0.0916316 -0.0894231 -0.0390872 -0.0491497 -0.0452195 -0.0587356 -0.0821037 -0.0502895 -0.0443495 -0.0706447 -0.0916316 -0.0894231 -0.0390872 -0.0491497
20230324 -0.0477488 -0.0477488 -0.0453356 -0.0437485 -0.0488998 -0.0446891 -0.0373634 -0.0373616 -0.037358 -0.0373611 -0.045244 -0.00109285 -0.049708 -0.0310743 -0.0238828 -0.0674881 -0.0506113 -0.0498657 -0.0695298 -0.099961 -0.0875917 -0.0486659 -0.049708 -0.0310743 -0.0238828 -0.0674881 -0.0506113 -0.0498657 -0.0695298 -0.099961 -0.0875917 -0.0486659
20230325 -0.0455577 -0.0455577 -0.0514891 -0.0611073 -0.0601866 -0.0327255 -0.0322937 -0.0195105 -0.0195095 -0.019503 -0.0195039 -0.0383971 -0.0566657 -0.0471437 -0.0282839 -0.0259274 -0.0350402 -0.0171365 -0.0224377 -0.0407169 -0.0576336 -0.022922 -0.0566657 -0.0471437 -0.0282839 -0.0259274 -0.0350402 -0.0171365 -0.0224377 -0.0407169 -0.0576336 -0.022922
20230326 0.00676086 0.00676086 0.000558639 -0.00625973 -0.0176326 -0.0354701 -0.0121972 -0.00125953 0.00144291 0.00143728 0.00144892 0.00142965 -0.00179455 -0.0266492 -0.0148728 -0.00344631 -0.0204544 -0.0352159 -0.00296573 -0.0186874 -0.00285529 -0.01138 -0.00179455 -0.0266492 -0.0148728 -0.00344631 -0.0204544 -0.0352159 -0.00296573 -0.0186874 -0.00285529 -0.01138
20230327 -0.0243178 -0.0243178 -0.01977 -0.0274316 -0.0156727 -0.029755 -0.0208368 -0.0146916 -0.0258667 -0.00939669 -0.00940334 -0.00940415 -0.0273385 -0.00687808 -0.0328321 0.000665631 -0.0228975 -0.00302125 -0.0304215 -0.00898235 0.0297286 0.00274578 -0.0273385 -0.00687808 -0.0328321 0.000665631 -0.0228975 -0.00302125 -0.0304215 -0.00898235 0.0297286 0.00274578
20230328 0.0193517 0.0193517 -0.00480777 -0.00544665 -0.00117125 -0.00621941 -0.0107899 0.0190107 -0.017466 -0.0445006 -0.00339268 -0.00339094 -0.00606527 -0.00761471 0.00725006 -0.0203273 -0.00257088 -0.0148278 -0.0126857 0.00976127 0.00265509 0.0084917 -0.00606527 -0.00761471 0.00725006 -0.0203273 -0.00257088 -0.0148278 -0.0126857 0.00976127 0.00265509 0.0084917
20230329 -0.014717 -0.014717 -0.0124401 -0.0103678 -0.00689907 -0.0108491 -0.0167528 0.000314828 0.0192028 0.0241897 0.0187478 0.00382289 -0.0137131 0.00730881 -0.00851285 -0.02065 -0.0235799 -0.0125475 -0.0103011 -0.0198142 -0.0260062 -0.0347273 -0.0137131 0.00730881 -0.00851285 -0.02065 -0.0235799 -0.0125475 -0.0103011 -0.0198142 -0.0260062 -0.0347273
20230330 -0.0377649 -0.0377649 -0.0163595 -0.0290715 -0.0391371 -0.0261635 -0.0359322 -0.0252108 -0.0137808 -0.0275781 0.00197525 0.00841056 -0.0229629 0.00478947 -0.0294108 -0.0387489 -0.00724036 -0.00677438 0.00221264 -0.00644476 -0.021091 -0.0150405 -0.0229629 0.00478947 -0.0294108 -0.0387489 -0.00724036 -0.00677438 0.00221264 -0.00644476 -0.021091 -0.0150405
20230331 -0.0130244 -0.0130244 -0.00272499 0.0013432 -0.0283757 -0.0215648 -0.0220072 -0.0280963 -0.0106047 -0.0239703 -0.0389884 -0.0171009 -0.00558293 0.00373129 0.0177716 0.0294474 0.0246882 0.0342498 0.0113644 0.0122305 0.0486002 0.0430758 -0.00558293 0.00373129 0.0177716 0.0294474 0.0246882 0.0342498 0.0113644 0.0122305 0.0486002 0.0430758
20230401 0.00810722 0.00810722 0.00355712 -0.00652155 -0.00163902 -0.0142112 0.00123038 -0.007267 -0.0223974 -0.0361932 -0.0420281 -0.0211292 -0.0024734 0.0151619 0.0320858 0.0285642 -0.00348471 -0.0161276 0.0160576 -0.0207912 -0.01435 0.035094 -0.0024734 0.0151619 0.0320858 0.0285642 -0.00348471 -0.0161276 0.0160576 -0.0207912 -0.01435 0.035094
20230402 -0.00721713 -0.00721713 0.01952 0.0215184 0.0259793 0.0216751 0.00543251 0.00641394 0.0115536 0.00878601 0.0118304 0.0222343 0.0221544 0.0342016 0.0273417 -0.00718907 0.0208634 0.0199369 0.0333383 0.0302788 0.0344285 0.0299162 0.0221544 0.0342016 0.0273417 -0.00718907 0.0208634 0.0199369 0.0333383 0.0302788 0.0344285 0.0299162
20230403 -0.0366439 -0.0366439 -0.0293167 -0.030105 -0.0294079 -0.0414078 -0.0354645 -0.0384169 -0.0592075 -0.0516862 -0.0636616 -0.0258288 -0.0271758 -0.0563309 -0.0516239 -0.0057446 -0.0444501 -0.0235007 -0.0518127 -0.0548253 -0.0445339 -0.025118 -0.0271758 -0.0563309 -0.0516239 -0.0057446 -0.0444501 -0.0235007 -0.0518127 -0.0548253 -0.0445339 -0.025118
20230404 -0.0111637 -0.0111637 -0.0145508 -0.0136606 -0.0186184 -0.0291025 -0.0318621 -0.039296 -0.0489965 -0.0445902 -0.033906 -0.0665323 -0.0171199 -0.0131981 -0.0316854 -0.00722139 -7.64854e-05 -0.0161808 -0.0115905 -0.00400421 -0.0330636 -0.0383147 -0.0171199 -0.0131981 -0.0316854 -0.00722139 -7.64854e-05 -0.0161808 -0.0115905 -0.00400421 -0.0330636 -0.0383147
20230405 -0.0170504 -0.0170504 -0.0235954 -0.022356 -0.0295904 -0.0213612 -0.0246159 -0.0170179 -0.0255742 0.000634381 0.00294187 0.0176955 -0.0242772 0.0150751 0.0173269 -0.015825 0.010709 0.0458461 0.0288392 0.003176 -0.0279588 -0.0291933 -0.0242772 0.0150751 0.0173269 -0.015825 0.010709 0.0458461 0.0288392 0.003176 -0.0279588 -0.0291933
20230406 -0.0338146 -0.0338146 -0.019212 -0.0092605 -0.0153026 -0.00948823 -0.012029 -0.00741375 0.00719259 -0.00384231 -0.0146655 0.0134321 -0.0290447 0.00652427 0.0242573 0.00425387 0.00413397 0.00665437 0.039081 0.0289359 0.027378 0.0389194 -0.0290447 0.00652427 0.0242573 0.00425387 0.00413397 0.00665437 0.039081 0.0289359 0.027378 0.0389194
20230407 0.00026882 0.00026882 0.0127893 0.014361 0.0163295 0.0212788 0.0222225 0.0233834 0.0200714 0.0414546 0.0654843 0.0305302 0.00830401 0.0468371 0.0518426 0.0585568 0.0479691 0.0632193 0.0418369 0.0755252 0.0625575 0.0797379 0.00830401 0.0468371 0.0518426 0.0585568 0.0479691 0.0632193 0.0418369 0.0755252 0.0625575 0.0797379
20230408 0.0160866 0.0160866 0.0145924 0.0158398 0.0242507 0.0123739 0.00631981 0.0241244 0.0297992 0.0597585 0.0708486 0.0876311 0.0128801 0.0588745 0.0931568 0.101071 0.0698886 0.082234 0.0668479 0.0703982 0.0674837 0.0614347 0.0128801 0.0588745 0.0931568 0.101071 0.0698886 0.082234 0.0668479 0.0703982 0.0674837 0.0614347
20230409 0.0292196 0.0292196 0.0230333 0.0186176 0.0225238 0.0196809 0.0249087 0.0139485 0.0196096 -0.00437843 0.00316566 0.0529479 0.0252731 0.0245584 0.0600072 0.0896186 0.0753785 0.051338 0.0645453 0.073032 0.0401433 0.065509 0.0252731 0.0245584 0.0600072 0.0896186 0.0753785 0.051338 0.0645453 0.073032 0.0401433 0.065509
20230410 0.0451646 0.0451646 0.056534 0.0638915 0.0674665 0.0580315 0.0540946 0.0586052 0.0512026 0.0526791 0.0498602 0.0557995 0.0577583 0.0547819 0.04498 0.0797171 0.107324 0.114121 0.0504955 0.0700377 0.0634923 0.067581 0.0577583 0.0547819 0.04498 0.0797171 0.107324 0.114121 0.0504955 0.0700377 0.0634923 0.067581
20230411 0.0488905 0.0488905 0.0305763 0.0318029 0.0260302 0.0204938 0.0134412 0.0234949 0.0463378 0.0204923 0.0475172 0.0302192 0.0249464 0.00727977 -0.00361839 -0.00878498 -0.00228231 0.0153968 0.0312373 0.0225075 0.0319195 0.00814013 0.0249464 0.00727977 -0.00361839 -0.00878498 -0.00228231 0.0153968 0.0312373 0.0225075 0.0319195 0.00814013
20230412 0.0136768 0.0136768 -0.00674077 -0.0160937 -0.0151596 0.00237041 -0.00432568 0.00880375 0.00933656 0.0381175 0.0113966 0.0253889 0.0168465 0.0462083 0.0271744 -0.00136782 -0.0154315 0.0150203 0.00800022 0.0208877 0.0300937 0.0399013 0.0168465 0.0462083 0.0271744 -0.00136782 -0.0154315 0.0150203 0.00800022 0.0208877 0.0300937 0.0399013
20230413 0.0443032 0.0443032 0.0368004 0.0637934 0.0666667 0.0607902 0.0618763 0.0680843 0.0863824 0.0688143 0.0491971 0.0587659 0.0425612 0.0555687 0.099728 0.07441 0.0257094 0.0525918 0.0598124 0.0772966 0.0847314 0.0616997 0.0425612 0.0555687 0.099728 0.07441 0.0257094 0.0525918 0.0598124 0.0772966 0.0847314 0.0616997
20230414 0.0273803 0.0273803 0.0220659 0.0199464 0.017992 0.022664 0.0139526 0.0290239 0.0250038 0.0580157 0.0434793 0.0859649 0.0263114 0.0531749 0.0786304 0.0736127 0.064888 0.0541767 0.0321165 0.0350662 0.0528306 0.0365502 0.0263114 0.0531749 0.0786304 0.0736127 0.064888 0.0541767 0.0321165 0.0350662 0.0528306 0.0365502
20230415 0.0338124 0.0338124 0.0270714 0.0239135 0.0307327 0.0221896 0.0295181 0.0154954 0.0494041 0.0124611 0.0296026 0.0647652 0.0200417 0.0337337 0.0552323 0.0611392 0.0706353 0.0661943 0.0260699 0.00455746 0.021784 0.0457968 0.0200417 0.0337337 0.0552323 0.0611392 0.0706353 0.0661943 0.0260699 0.00455746 0.021784 0.0457968
20230416 -0.0337158 -0.0337158 -0.042548 -0.0447382 -0.0449057 -0.0446171 -0.0195231 -0.0242139 -0.0218295 -0.0123197 -0.0491648 -0.0134114 -0.0409108 -0.0311084 -0.0322245 -0.0156154 0.0252086 0.0689755 0.0351494 0.0324321 0.00881838 -0.000303689 -0.0409108 -0.0311084 -0.0322245 -0.0156154 0.0252086 0.0689755 0.0351494 0.0324321 0.00881838 -0.000303689
20230417 -0.0264747 -0.0264747 -0.031745 -0.0274027 -0.020043 -0.0315205 -0.0201276 -0.0436984 -0.0504044 -0.0451497 -0.0603032 -0.0573973 -0.0349731 0.0101766 -0.0170031 -0.02787 0.00127315 0.00407837 0.0418787 0.0255141 0.0109001 0.00182653 -0.0349731 0.0101766 -0.0170031 -0.02787 0.00127315 0.00407837 0.0418787 0.0255141 0.0109001 0.00182653
20230418 -0.0400356 -0.0400356 -0.0464235 -0.0503828 -0.0436113 -0.0430987 -0.0502161 -0.0442893 -0.0214579 -0.0252204 -0.0171858 -0.00583783 -0.0472765 -0.051532 -0.0172825 -0.020547 -0.0273129 -0.025545 -0.00151698 0.0239755 0.0252156 -0.0227147 -0.0472765 -0.051532 -0.0172825 -0.020547 -0.0273129 -0.025545 -0.00151698 0.0239755 0.0252156 -0.0227147
20230419 -0.0244336 -0.0244336 -0.0315397 -0.0327823 -0.0286435 -0.02952 -0.0287165 -0.0203736 -0.0328389 -0.049486 -0.0443017 -0.0138661 -0.0184937 -0.0349153 -0.0318999 -0.033467 -0.00233905 -0.0283235 -0.0353369 -0.0195927 -0.0194287 -0.0487226 -0.0184937 -0.0349153 -0.0318999 -0.033467 -0.00233905 -0.0283235 -0.0353369 -0.0195927 -0.0194287 -0.0487226
20230420 -0.0184435 -0.0184435 -0.0212231 -0.0386868 -0.043204 -0.0522509 -0.0433265 -0.0538387 -0.023504 -0.0676663 -0.0225376 -0.0517679 -0.027759 -0.0337213 -0.0774575 -0.0705326 -0.0340213 -0.00438847 -0.0387374 -0.0357108 -0.0499051 -0.0252605 -0.027759 -0.0337213 -0.0774575 -0.0705326 -0.0340213 -0.00438847 -0.0387374 -0.0357108 -0.0499051 -0.0252605
20230421 -0.0312921 -0.0312921 -0.0382314 -0.036289 -0.0410702 -0.0378443 -0.0446122 -0.0345358 -0.019462 -0.0247141 -0.0324495 0.0154766 -0.0333091 -0.00477213 -0.000772592 0.00395044 -0.0200394 -0.00364369 0.00664398 0.00387901 0.0224956 -0.00470642 -0.0333091 -0.00477213 -0.000772592 0.00395044 -0.0200394 -0.00364369 0.00664398 0.00387901 0.0224956 -0.00470642
20230422 -0.0201412 -0.0201412 -0.0149152 -0.0136837 -0.0187641 -0.0298443 -0.0413876 -0.0358365 -0.0277846 -0.0150485 -0.00754348 -0.0165527 -0.00578033 -0.00849864 0.0101908 0.00707913 -0.0152849 -0.0273344 -0.0144153 -0.0287201 -0.013053 -0.0355539 -0.00578033 -0.00849864 0.0101908 0.00707913 -0.0152849 -0.0273344 -0.0144153 -0.0287201 -0.013053 -0.0355539
20230423 0.0190685 0.0190685 0.0181274 0.0157674 0.019554 0.0166512 0.0369992 0.020486 0.0333118 0.0413495 0.0299487 0.0221472 0.0205921 0.0218288 0.0376773 0.0567062 0.0587792 0.033512 0.0253956 0.0454134 0.0292931 0.0204718 0.0205921 0.0218288 0.0376773 0.0567062 0.0587792 0.033512 0.0253956 0.0454134 0.0292931 0.0204718
20230424 0.0119129 0.0119129 0.0109482 0.0159171 0.015493 0.00773406 0.00835856 0.00846001 0.00221242 0.00966982 0.0102995 0.0580749 0.0151357 0.0325678 0.0416377 0.0715765 0.082131 0.037379 0.00136038 0.0037377 0.0225507 0.0341591 0.0151357 0.0325678 0.0416377 0.0715765 0.082131 0.037379 0.00136038 0.0037377 0.0225507 0.0341591
20230425 -0.00236715 -0.00236715 0.0149043 0.0170761 0.0300162 0.0328124 0.0492973 0.0401494 0.0715491 0.0594744 0.0581885 0.0594798 0.0202683 0.0213066 0.0384742 0.0416255 0.0317199 0.0261219 0.00101637 -0.0229416 -0.0177213 -0.012191 0.0202683 0.0213066 0.0384742 0.0416255 0.0317199 0.0261219 0.00101637 -0.0229416 -0.0177213 -0.012191
20230426 0.0254214 0.0254214 0.0437958 0.0447021 0.0445812 0.0403167 0.050144 0.0633465 0.0533814 0.0906957 0.086396 0.0830041 0.0290789 0.0407334 0.0314884 0.0486977 0.0726528 0.0421365 0.0573463 0.0388878 0.0276237 0.0112387 0.0290789 0.0407334 0.0314884 0.0486977 0.0726528 0.0421365 0.0573463 0.0388878 0.0276237 0.0112387
20230427 0.00681861 0.00681861 0.00771162 0.0183916 0.0046991 0.00588807 0.010137 0.0106675 0.0199609 0.0176177 0.0192079 0.0289099 0.00704434 0.0286692 0.0258777 0.0308974 0.0259058 0.0546972 -0.000654112 0.0301902 0.0303363 0.0302437 0.00704434 0.0286692 0.0258777 0.0308974 0.0259058 0.0546972 -0.000654112 0.0301902 0.0303363 0.0302437
20230428 -0.00962913 -0.00962913 -0.0132822 -0.0116332 -0.0319528 -0.0314479 -0.0436413 -0.0399627 -0.0309389 -0.0315064 -0.0474864 0.0045194 -0.00941951 0.0207733 0.00782504 -0.000669368 0.0141404 -0.000403722 0.0183015 0.00568663 0.00419032 -0.00378263 -0.00941951 0.0207733 0.00782504 -0.000669368 0.0141404 -0.000403722 0.0183015 0.00568663 0.00419032 -0.00378263
20230429 -0.0514732 -0.0514732 -0.0627751 -0.0614799 -0.0688032 -0.051063 -0.0477256 -0.0332149 -0.0463104 -0.058687 -0.0539189 -0.0246897 -0.0577608 -0.0242967 -0.00685393 0.0111246 -0.00671318 0.0217532 0.0444865 0.0468709 0.0111021 0.00464766 -0.0577608 -0.0242967 -0.00685393 0.0111246 -0.00671318 0.0217532 0.0444865 0.0468709 0.0111021 0.00464766
20230430 -0.0642811 -0.0642811 -0.0697275 -0.0681881 -0.0746217 -0.0666486 -0.0442908 -0.0316008 -0.0527658 -0.0444836 -0.0431311 -0.034845 -0.0726234 -0.082535 -0.055107 -0.0246474 -0.0269413 -0.0226695 0.00754536 0.0088177 -2.47073e-05 -0.00171936 -0.0726234 -0.082535 -0.055107 -0.0246474 -0.0269413 -0.0226695 0.00754536 0.0088177 -2.47073e-05 -0.00171936
