20210404 -0.0218884 -0.0218884 -0.0216326 -0.0224067 -0.0222481 -0.0214191 -0.0248272 -0.0216425 -0.0226104 -0.0214214 -0.0232449 -0.0232806 -0.0215952 -0.0209106 -0.0203269 -0.0209715 -0.0177086 -0.0240615 -0.0212942 -0.0204138 -0.0208247 -0.0205727 -0.0215952 -0.0209106 -0.0203269 -0.0209715 -0.0177086 -0.0240615 -0.0212942 -0.0204138 -0.0208247 -0.0205727
20210405 -0.0246798 -0.0246798 -0.0252181 -0.0258673 -0.0258824 -0.0243609 -0.0250925 -0.0266422 -0.0229547 -0.0238748 -0.0233384 -0.0270878 -0.0244897 -0.0257977 -0.0256247 -0.0253973 -0.0270833 -0.0242392 -0.0311097 -0.0284832 -0.0277091 -0.0276578 -0.0244897 -0.0257977 -0.0256247 -0.0253973 -0.0270833 -0.0242392 -0.0311097 -0.0284832 -0.0277091 -0.0276578
20210406 -0.0157103 -0.0157103 -0.016806 -0.017436 -0.0177456 -0.0178253 -0.0170245 -0.0160439 -0.0190245 -0.0184845 -0.0174831 -0.0151653 -0.0163885 -0.0145303 -0.0167517 -0.0164481 -0.0164774 -0.0190747 -0.0161078 -0.0248279 -0.022188 -0.0210438 -0.0163885 -0.0145303 -0.0167517 -0.0164481 -0.0164774 -0.0190747 -0.0161078 -0.0248279 -0.022188 -0.0210438
20210407 -0.014296 -0.014296 -0.0173224 -0.017598 -0.0184663 -0.0173931 -0.0174506 -0.0174015 -0.0153729 -0.0210401 -0.0205735 -0.0173789 -0.0140425 -0.0172464 -0.0159582 -0.0182141 -0.0180952 -0.0174512 -0.0190571 -0.016547 -0.0223152 -0.0199111 -0.0140425 -0.0172464 -0.0159582 -0.0182141 -0.0180952 -0.0174512 -0.0190571 -0.016547 -0.0223152 -0.0199111
20210408 -0.0204686 -0.0204686 -0.0208658 -0.0246721 -0.0245864 -0.0247816 -0.02415 -0.0243145 -0.0250058 -0.0240241 -0.025807 -0.0280928 -0.0206411 -0.0232285 -0.0268045 -0.0255405 -0.0276381 -0.0278466 -0.0268177 -0.0278548 -0.0247541 -0.0289103 -0.0206411 -0.0232285 -0.0268045 -0.0255405 -0.0276381 -0.0278466 -0.0268177 -0.0278548 -0.0247541 -0.0289103
20210409 -0.0193267 -0.0193267 -0.0207583 -0.0202249 -0.0230662 -0.0215815 -0.0232052 -0.0205485 -0.0206818 -0.0208339 -0.020702 -0.0224352 -0.020225 -0.0192351 -0.020901 -0.0218502 -0.0219443 -0.0243094 -0.0244628 -0.0227454 -0.0234649 -0.0203293 -0.020225 -0.0192351 -0.020901 -0.0218502 -0.0219443 -0.0243094 -0.0244628 -0.0227454 -0.0234649 -0.0203293
20210410 -0.0231601 -0.0231601 -0.0244803 -0.0246802 -0.0246906 -0.0236114 -0.0225875 -0.0228494 -0.0228185 -0.0225301 -0.0205572 -0.0203045 -0.0239731 -0.0235218 -0.0211099 -0.0206698 -0.0204112 -0.0202075 -0.0226089 -0.0234204 -0.021881 -0.0229564 -0.0239731 -0.0235218 -0.0211099 -0.0206698 -0.0204112 -0.0202075 -0.0226089 -0.0234204 -0.021881 -0.0229564
20210411 -0.0249294 -0.0249294 -0.025217 -0.0254351 -0.0255001 -0.0247461 -0.0247629 -0.0240268 -0.0225698 -0.0221287 -0.0225371 -0.0216329 -0.0249138 -0.0245365 -0.0238337 -0.0210852 -0.0201604 -0.0192676 -0.0198587 -0.0222208 -0.0230426 -0.0209794 -0.0249138 -0.0245365 -0.0238337 -0.0210852 -0.0201604 -0.0192676 -0.0198587 -0.0222208 -0.0230426 -0.0209794
20210412 -0.0190232 -0.0190232 -0.0210424 -0.0208916 -0.0203994 -0.0190923 -0.019347 -0.0177547 -0.0182358 -0.0173174 -0.0173234 -0.0183168 -0.0207926 -0.02232 -0.0215616 -0.0204454 -0.0172253 -0.017058 -0.0144571 -0.0146756 -0.0170708 -0.0181535 -0.0207926 -0.02232 -0.0215616 -0.0204454 -0.0172253 -0.017058 -0.0144571 -0.0146756 -0.0170708 -0.0181535
20210413 -0.0149584 -0.0149584 -0.0162055 -0.0162094 -0.0157146 -0.0148002 -0.0136598 -0.0147363 -0.0151337 -0.0134706 -0.0131542 -0.0128477 -0.0160905 -0.0152485 -0.0164008 -0.0159348 -0.0159155 -0.013201 -0.0130492 -0.0110363 -0.0110681 -0.011893 -0.0160905 -0.0152485 -0.0164008 -0.0159348 -0.0159155 -0.013201 -0.0130492 -0.0110363 -0.0110681 -0.011893
20210414 -0.00984725 -0.00984725 -0.0118707 -0.0121249 -0.0125046 -0.0129174 -0.0100629 -0.0101521 -0.00903345 -0.00792226 -0.00646856 -0.0075977 -0.00940248 -0.00949944 -0.00889191 -0.008834 -0.00783923 -0.0086528 -0.00713642 -0.00803561 -0.00472204 -0.00462873 -0.00940248 -0.00949944 -0.00889191 -0.008834 -0.00783923 -0.0086528 -0.00713642 -0.00803561 -0.00472204 -0.00462873
20210415 -0.00408795 -0.00408795 -0.00464554 -0.00684967 -0.0063223 -0.00582479 -0.00901218 -0.00563702 -0.00587254 -0.00342207 0.000641342 0.000553976 -0.00437083 -0.00626624 -0.00656137 -0.00544975 -0.00494179 -0.00395052 -0.00445917 -0.00314708 -0.00472103 -0.00281512 -0.00437083 -0.00626624 -0.00656137 -0.00544975 -0.00494179 -0.00395052 -0.00445917 -0.00314708 -0.00472103 -0.00281512
20210416 -0.00253458 -0.00253458 -0.00408492 -0.00411315 -0.00492638 -0.005485 -0.00331211 -0.00187384 -0.00244309 -0.00200411 0.00148319 0.00575332 -0.00371125 -0.00233406 -0.00314408 -0.00243566 -0.000579214 0.000189889 0.00168468 0.00175886 0.00401526 0.00226843 -0.00371125 -0.00233406 -0.00314408 -0.00243566 -0.000579214 0.000189889 0.00168468 0.00175886 0.00401526 0.00226843
20210417 0.0018731 0.0018731 0.000719913 0.0012274 0.00126031 0.000580702 0.00129781 0.00186064 0.00241031 0.00448307 -0.00032908 0.00520834 0.00124481 0.00142166 0.00383658 0.00288936 0.00388486 0.00604443 0.00665112 0.00809766 0.00693579 0.00781207 0.00124481 0.00142166 0.00383658 0.00288936 0.00388486 0.00604443 0.00665112 0.00809766 0.00693579 0.00781207
20210418 -0.00432829 -0.00432829 -0.004522 -0.00438125 -0.00376275 -0.00497079 -0.00575345 -0.00595048 -0.00747479 -0.00515213 -0.00395395 -0.0050969 -0.00416714 -0.00438996 -0.00399266 -0.0012837 -0.00204784 0.00146639 0.00275577 0.00235844 0.00238349 0.000298608 -0.00416714 -0.00438996 -0.00399266 -0.0012837 -0.00204784 0.00146639 0.00275577 0.00235844 0.00238349 0.000298608
20210419 -0.0132259 -0.0132259 -0.014939 -0.0150241 -0.0144363 -0.0153104 -0.0168786 -0.0163119 -0.0151476 -0.0159232 -0.0143175 -0.0117629 -0.0141739 -0.0148944 -0.0152964 -0.01457 -0.0116684 -0.0125338 -0.00711702 -0.00666925 -0.00708255 -0.00774387 -0.0141739 -0.0148944 -0.0152964 -0.01457 -0.0116684 -0.0125338 -0.00711702 -0.00666925 -0.00708255 -0.00774387
20210420 -0.0080685 -0.0080685 -0.00715381 -0.00694552 -0.0068602 -0.0059918 -0.00742464 -0.00786663 -0.00536487 -0.00643596 -0.00705397 -0.00675607 -0.00673675 -0.00767363 -0.00665221 -0.00557872 -0.00557482 -0.00420855 -0.00611168 -0.000218484 0.000603477 0.00172862 -0.00673675 -0.00767363 -0.00665221 -0.00557872 -0.00557482 -0.00420855 -0.00611168 -0.000218484 0.000603477 0.00172862
20210421 -0.0122441 -0.0122441 -0.0103611 -0.0106835 -0.0110411 -0.010582 -0.00934538 -0.00869974 -0.00959212 -0.0107506 -0.0136741 -0.012831 -0.0121709 -0.0101336 -0.0106728 -0.00887305 -0.00879283 -0.0105945 -0.00966579 -0.0115608 -0.00924125 -0.00841379 -0.0121709 -0.0101336 -0.0106728 -0.00887305 -0.00879283 -0.0105945 -0.00966579 -0.0115608 -0.00924125 -0.00841379
20210422 -0.00608513 -0.00608513 -0.00576209 -0.00656969 -0.00604325 -0.00534534 -0.00542518 -0.00520821 -0.00796652 -0.00858659 -0.0120135 -0.013643 -0.0054107 -0.0067003 -0.0062743 -0.00715356 -0.0067657 -0.00953793 -0.0111873 -0.0101308 -0.0113842 -0.00881863 -0.0054107 -0.0067003 -0.0062743 -0.00715356 -0.0067657 -0.00953793 -0.0111873 -0.0101308 -0.0113842 -0.00881863
20210423 -0.00927934 -0.00927934 -0.00818468 -0.00857634 -0.00915914 -0.00911526 -0.00836478 -0.00700926 -0.00930003 -0.00867704 -0.00969672 -0.0109385 -0.00782164 -0.00846885 -0.0109959 -0.0116835 -0.0129467 -0.0154034 -0.0179425 -0.0184436 -0.0170305 -0.0175786 -0.00782164 -0.00846885 -0.0109959 -0.0116835 -0.0129467 -0.0154034 -0.0179425 -0.0184436 -0.0170305 -0.0175786
20210424 -0.00590216 -0.00590216 -0.00452964 -0.00436764 -0.00422272 -0.00406786 -0.00387057 -0.00329608 -0.00168581 -0.00263459 -0.00216991 -0.00270944 -0.00443883 -0.0017867 -0.00374928 -0.00496245 -0.00491976 -0.00485065 -0.00707939 -0.00842983 -0.00765226 -0.00559628 -0.00443883 -0.0017867 -0.00374928 -0.00496245 -0.00491976 -0.00485065 -0.00707939 -0.00842983 -0.00765226 -0.00559628
20210425 0.00736343 0.00736343 -0.000568498 -0.000651791 -0.000806272 -0.000682822 0.000615929 6.04525e-05 -0.000675559 -0.000313829 0.000991385 0.00238194 -5.38623e-05 -0.00258695 0.00101874 -0.000350638 -0.000529284 0.000864627 -0.000351828 -0.0031039 -0.00392914 -0.00190722 -5.38623e-05 -0.00258695 0.00101874 -0.000350638 -0.000529284 0.000864627 -0.000351828 -0.0031039 -0.00392914 -0.00190722
20210426 -0.00469043 -0.00469043 -0.0019508 -0.00257078 -0.00239944 -0.00149932 -0.00124705 0.000181889 -0.000454933 -0.000843706 0.000484284 -0.000652355 -0.00171753 -0.00335022 -0.00510941 -0.000917674 -0.00215814 -0.0030577 -0.00275537 -0.00355836 -0.00559265 -0.00588872 -0.00171753 -0.00335022 -0.00510941 -0.000917674 -0.00215814 -0.0030577 -0.00275537 -0.00355836 -0.00559265 -0.00588872
20210427 -0.0143627 -0.0143627 -0.013052 -0.0129442 -0.0125069 -0.0121525 -0.0127803 -0.0131455 -0.00980546 -0.0112948 -0.00736926 -0.00934986 -0.0123464 -0.0110353 -0.0129144 -0.0148076 -0.00976141 -0.00992708 -0.0106346 -0.0112248 -0.0116077 -0.0135701 -0.0123464 -0.0110353 -0.0129144 -0.0148076 -0.00976141 -0.00992708 -0.0106346 -0.0112248 -0.0116077 -0.0135701
20210428 -0.0134647 -0.0134647 -0.0163094 -0.01631 -0.0168361 -0.0158858 -0.016797 -0.0160865 -0.0154147 -0.00880981 -0.0133508 -0.00773784 -0.0134446 -0.0120961 -0.0100295 -0.0113858 -0.012254 -0.0085211 -0.00841706 -0.00805785 -0.0098027 -0.0103154 -0.0134446 -0.0120961 -0.0100295 -0.0113858 -0.012254 -0.0085211 -0.00841706 -0.00805785 -0.0098027 -0.0103154
20210429 -0.0112358 -0.0112358 -0.0111835 -0.0153501 -0.0153873 -0.0153215 -0.0149622 -0.0130221 -0.0136623 -0.0145443 -0.0112456 -0.0168699 -0.0109009 -0.0142501 -0.0143285 -0.0122174 -0.0144923 -0.016236 -0.012835 -0.0129089 -0.0128311 -0.0168372 -0.0109009 -0.0142501 -0.0143285 -0.0122174 -0.0144923 -0.016236 -0.012835 -0.0129089 -0.0128311 -0.0168372
20210430 -0.0132227 -0.0132227 -0.0127167 -0.0124149 -0.0134014 -0.0117088 -0.0117567 -0.012884 -0.011509 -0.00978254 -0.0101792 -0.010103 -0.0124841 -0.0127867 -0.0158273 -0.0145124 -0.013353 -0.0165288 -0.0178323 -0.0143339 -0.0146888 -0.0148151 -0.0124841 -0.0127867 -0.0158273 -0.0145124 -0.013353 -0.0165288 -0.0178323 -0.0143339 -0.0146888 -0.0148151
20210501 -0.014615 -0.014615 -0.014856 -0.0151562 -0.0152511 -0.016018 -0.0157316 -0.0176024 -0.0191553 -0.0148399 -0.0163811 -0.0169371 -0.0145199 -0.0157534 -0.0159225 -0.0203908 -0.0185968 -0.0167919 -0.019268 -0.0195996 -0.0167815 -0.0168807 -0.0145199 -0.0157534 -0.0159225 -0.0203908 -0.0185968 -0.0167919 -0.019268 -0.0195996 -0.0167815 -0.0168807
20210502 -0.0193163 -0.0193163 -0.0205741 -0.0205105 -0.0198781 -0.0206515 -0.0259359 -0.0253599 -0.0292699 -0.027456 -0.0250834 -0.0268089 -0.0200467 -0.018339 -0.0203812 -0.0209472 -0.0248984 -0.0252798 -0.0227587 -0.0246558 -0.0246563 -0.0225632 -0.0200467 -0.018339 -0.0203812 -0.0209472 -0.0248984 -0.0252798 -0.0227587 -0.0246558 -0.0246563 -0.0225632
20210503 -0.0232541 -0.0232541 -0.0259175 -0.0261866 -0.026522 -0.0245066 -0.0252202 -0.0291436 -0.0256384 -0.0267259 -0.030195 -0.029131 -0.0254666 -0.0248215 -0.0233963 -0.0259742 -0.0257987 -0.0296846 -0.0313515 -0.0303482 -0.0333122 -0.0330251 -0.0254666 -0.0248215 -0.0233963 -0.0259742 -0.0257987 -0.0296846 -0.0313515 -0.0303482 -0.0333122 -0.0330251
20210504 -0.0232376 -0.0232376 -0.0257043 -0.026375 -0.0267361 -0.0269306 -0.0252934 -0.0242161 -0.0297952 -0.0236501 -0.0233575 -0.0289457 -0.0250612 -0.02677 -0.0267245 -0.0258608 -0.0287146 -0.0290211 -0.0329382 -0.0333563 -0.0319315 -0.0350225 -0.0250612 -0.02677 -0.0267245 -0.0258608 -0.0287146 -0.0290211 -0.0329382 -0.0333563 -0.0319315 -0.0350225
20210505 -0.0189465 -0.0189465 -0.0200457 -0.0196087 -0.019214 -0.0191369 -0.0193638 -0.0181062 -0.0190872 -0.0220766 -0.0157769 -0.0160707 -0.0198308 -0.0195121 -0.0218023 -0.0215001 -0.0205701 -0.0228728 -0.0231993 -0.0269328 -0.0266156 -0.0243506 -0.0198308 -0.0195121 -0.0218023 -0.0215001 -0.0205701 -0.0228728 -0.0231993 -0.0269328 -0.0266156 -0.0243506
20210506 -0.0120196 -0.0120196 -0.0133921 -0.0131878 -0.0134264 -0.012486 -0.0121459 -0.0128423 -0.0119596 -0.0131464 -0.0168351 -0.008816 -0.0128959 -0.0147626 -0.014113 -0.0167012 -0.0158963 -0.014791 -0.0166817 -0.0174066 -0.0211503 -0.0210031 -0.0128959 -0.0147626 -0.014113 -0.0167012 -0.0158963 -0.014791 -0.0166817 -0.0174066 -0.0211503 -0.0210031
20210507 -0.00977863 -0.00977863 -0.0109376 -0.0111123 -0.0110374 -0.0105646 -0.0106581 -0.0105744 -0.00978182 -0.011217 -0.0118716 -0.0117743 -0.0106322 -0.0069751 -0.0078019 -0.00700433 -0.00904074 -0.00828271 -0.00671233 -0.00838468 -0.00957836 -0.0134193 -0.0106322 -0.0069751 -0.0078019 -0.00700433 -0.00904074 -0.00828271 -0.00671233 -0.00838468 -0.00957836 -0.0134193
20210508 -0.00610701 -0.00610701 -0.00651438 -0.00618563 -0.00657531 -0.00745008 -0.00633292 -0.00756247 -0.00561093 -0.00672953 -0.0081614 -0.00827812 -0.00610861 -0.00679244 -0.00290929 -0.00374037 -0.00418457 -0.00611964 -0.00683816 -0.00753378 -0.0099057 -0.0106282 -0.00610861 -0.00679244 -0.00290929 -0.00374037 -0.00418457 -0.00611964 -0.00683816 -0.00753378 -0.0099057 -0.0106282
20210509 -0.0146543 -0.0146543 -0.0161356 -0.0161237 -0.0166873 -0.0157848 -0.0168268 -0.0178057 -0.0173932 -0.016844 -0.0164601 -0.0174575 -0.0155981 -0.0177161 -0.0181863 -0.0151044 -0.0161672 -0.0151915 -0.0179434 -0.0192016 -0.0202888 -0.0228058 -0.0155981 -0.0177161 -0.0181863 -0.0151044 -0.0161672 -0.0151915 -0.0179434 -0.0192016 -0.0202888 -0.0228058
20210510 -0.0219426 -0.0219426 -0.0234586 -0.0233731 -0.0238836 -0.0237786 -0.0251439 -0.0232503 -0.022368 -0.0242112 -0.0233781 -0.0217877 -0.0231152 -0.0214369 -0.0260723 -0.0267289 -0.0225335 -0.0222179 -0.0189052 -0.0207012 -0.0216066 -0.0239576 -0.0231152 -0.0214369 -0.0260723 -0.0267289 -0.0225335 -0.0222179 -0.0189052 -0.0207012 -0.0216066 -0.0239576
20210511 -0.0145689 -0.0145689 -0.0176478 -0.0171032 -0.0175385 -0.0172504 -0.0176371 -0.0187904 -0.0153608 -0.0153295 -0.0155288 -0.0128164 -0.0170856 -0.0135781 -0.0114019 -0.0150246 -0.0151947 -0.0104735 -0.0111244 -0.00897883 -0.0103623 -0.0101226 -0.0170856 -0.0135781 -0.0114019 -0.0150246 -0.0151947 -0.0104735 -0.0111244 -0.00897883 -0.0103623 -0.0101226
20210512 -0.0112484 -0.0112484 -0.0116027 -0.0118408 -0.0113913 -0.0112172 -0.010427 -0.0110656 -0.00978689 -0.00999724 -0.0100774 -0.0100939 -0.0117223 -0.00965043 -0.00651171 -0.00403684 -0.00785631 -0.00917307 -0.00596014 -0.00739355 -0.00538604 -0.00707144 -0.0117223 -0.00965043 -0.00651171 -0.00403684 -0.00785631 -0.00917307 -0.00596014 -0.00739355 -0.00538604 -0.00707144
20210513 -0.00810393 -0.00810393 -0.00819826 -0.00728174 -0.0085655 -0.00830113 -0.00825725 -0.0083506 -0.00790973 -0.00674006 -0.00647646 -0.00768626 -0.00778406 -0.0108516 -0.0107834 -0.00693054 -0.00313916 -0.00699974 -0.00833764 -0.00498017 -0.00549133 -0.00615962 -0.00778406 -0.0108516 -0.0107834 -0.00693054 -0.00313916 -0.00699974 -0.00833764 -0.00498017 -0.00549133 -0.00615962
20210514 -0.00796598 -0.00796598 -0.0073713 -0.00786494 -0.00944578 -0.0073702 -0.00771089 -0.00955298 -0.00889064 -0.00904426 -0.00630168 -0.00593869 -0.00724129 -0.00720214 -0.010898 -0.0110607 -0.00663866 -0.00219957 -0.00600511 -0.00653075 -0.00355002 -0.00486459 -0.00724129 -0.00720214 -0.010898 -0.0110607 -0.00663866 -0.00219957 -0.00600511 -0.00653075 -0.00355002 -0.00486459
20210515 -0.0115792 -0.0115792 -0.0121779 -0.0128796 -0.0130667 -0.0152233 -0.0144534 -0.013709 -0.017667 -0.0163728 -0.0169382 -0.0144356 -0.0118346 -0.0120968 -0.0123995 -0.0161425 -0.0147722 -0.0107262 -0.00738913 -0.0115746 -0.0123067 -0.00850801 -0.0118346 -0.0120968 -0.0123995 -0.0161425 -0.0147722 -0.0107262 -0.00738913 -0.0115746 -0.0123067 -0.00850801
20210516 -0.00748935 -0.00748935 -0.00843099 -0.00841944 -0.00827861 -0.00846175 -0.0120853 -0.0115406 -0.00974558 -0.0118212 -0.0113967 -0.0129251 -0.00788158 -0.00988003 -0.010551 -0.0101378 -0.0125323 -0.00940474 -0.00605027 -0.00420848 -0.00804835 -0.00872443 -0.00788158 -0.00988003 -0.010551 -0.0101378 -0.0125323 -0.00940474 -0.00605027 -0.00420848 -0.00804835 -0.00872443
20210517 -0.00294175 -0.00294175 -0.00392286 -0.0037807 -0.00314023 -0.00299317 -0.00275508 -0.00700366 -0.00609839 -0.00673616 -0.00665896 -0.00634512 -0.00370216 -0.00363724 -0.00578521 -0.00618186 -0.00640249 -0.0087101 -0.00607781 -0.00184805 0.00123611 -0.00220159 -0.00370216 -0.00363724 -0.00578521 -0.00618186 -0.00640249 -0.0087101 -0.00607781 -0.00184805 0.00123611 -0.00220159
20210518 -0.0048085 -0.0048085 -0.00676544 -0.00661338 -0.00600906 -0.00554013 -0.00409222 -0.0048365 -0.0104093 -0.00840257 -0.0113143 -0.00963371 -0.00636601 -0.00469399 -0.00440151 -0.00568519 -0.00457111 -0.00381591 -0.00623757 -0.00502982 -0.00208967 0.00052715 -0.00636601 -0.00469399 -0.00440151 -0.00568519 -0.00457111 -0.00381591 -0.00623757 -0.00502982 -0.00208967 0.00052715
20210519 -0.00893392 -0.00893392 -0.0117444 -0.0120189 -0.0120833 -0.0126103 -0.0118656 -0.0118337 -0.012823 -0.0109018 -0.0102375 -0.0128631 -0.00869892 -0.0117294 -0.0087769 -0.00749457 -0.00849032 -0.00743311 -0.00789498 -0.0117743 -0.0101518 -0.00689521 -0.00869892 -0.0117294 -0.0087769 -0.00749457 -0.00849032 -0.00743311 -0.00789498 -0.0117743 -0.0101518 -0.00689521
20210520 -0.0106408 -0.0106408 -0.00941662 -0.0101074 -0.0108278 -0.0110931 -0.0118534 -0.0116576 -0.0123043 -0.0128085 -0.00716402 -0.00570785 -0.00940401 -0.00683172 -0.00605873 -0.00405941 -0.00390481 -0.00541387 -0.00478678 -0.00542586 -0.0097175 -0.00627783 -0.00940401 -0.00683172 -0.00605873 -0.00405941 -0.00390481 -0.00541387 -0.00478678 -0.00542586 -0.0097175 -0.00627783
20210521 -0.0013151 -0.0013151 0.000408575 0.000650022 -0.00173473 -0.0015623 -0.00258202 -0.00312315 -0.00266347 -0.00255541 -0.00423202 0.00169635 0.000758683 -0.000236357 0.00217745 0.00272954 0.00413938 0.00446316 0.00233654 0.00310621 0.00296609 -0.00014078 0.000758683 -0.000236357 0.00217745 0.00272954 0.00413938 0.00446316 0.00233654 0.00310621 0.00296609 -0.00014078
20210522 -0.00226748 -0.00226748 -0.00105422 -0.00117729 -0.0017105 -0.003613 -0.00366052 -0.00461363 -0.00460638 -0.00552801 -0.00420083 -0.00594482 -0.000673341 -0.00141708 -0.0015259 -0.000747917 -0.00127283 0.000196923 0.00118149 -0.000681104 0.00106979 0.00224316 -0.000673341 -0.00141708 -0.0015259 -0.000747917 -0.00127283 0.000196923 0.00118149 -0.000681104 0.00106979 0.00224316
20210523 -0.00221433 -0.00221433 -0.000772475 -0.000854504 -0.000233472 -0.00029941 -0.00155097 -0.0014181 -0.00184074 -0.000959688 -0.00623171 -0.0013664 -0.000379819 0.00307495 0.00112867 0.00129029 0.00254809 0.00355204 0.00502593 0.00581461 0.00308241 0.0043486 -0.000379819 0.00307495 0.00112867 0.00129029 0.00254809 0.00355204 0.00502593 0.00581461 0.00308241 0.0043486
20210524 -0.00316441 -0.00316441 -0.00403338 -0.00384495 -0.00485916 -0.00321434 -0.00322391 -0.00488783 -0.00475716 -0.00401529 -0.00354 -0.00551883 -0.00356068 -0.00249878 0.00164487 0.00116763 0.00197631 0.00369453 0.00249324 0.00361583 0.0037262 0.00102192 -0.00356068 -0.00249878 0.00164487 0.00116763 0.00197631 0.00369453 0.00249324 0.00361583 0.0037262 0.00102192
20210525 0.000705573 0.000705573 -0.000660862 -0.000795337 0.000286319 0.0012458 0.000182079 0.000752412 -0.00270577 -0.00215267 -0.00156569 0.00119703 -0.000448543 0.00202036 0.00329334 0.00766749 0.00721916 0.00669099 0.00686533 0.00524418 0.00688748 0.00847108 -0.000448543 0.00202036 0.00329334 0.00766749 0.00721916 0.00669099 0.00686533 0.00524418 0.00688748 0.00847108
20210526 0.00301196 0.00301196 0.00275882 0.00237278 0.00306333 0.00230611 0.00241566 0.00242707 0.00231021 0.000599399 0.000899892 0.00354709 0.00319527 0.0041805 0.00728314 0.00931959 0.0121894 0.0109066 0.0101526 0.011663 0.0125204 0.0142778 0.00319527 0.0041805 0.00728314 0.00931959 0.0121894 0.0109066 0.0101526 0.011663 0.0125204 0.0142778
20230315 -0.0106413 -0.0106413 -0.00952444 -0.00914481 -0.00894922 -0.00945865 -0.00940311 -0.00941727 -0.012287 -0.00977932 -0.00867258 -0.0086146 -0.0100877 -0.012995 -0.0145751 -0.0142529 -0.0169258 -0.0175167 -0.0195861 -0.0150044 -0.0102906 -0.00729565 -0.0100877 -0.012995 -0.0145751 -0.0142529 -0.0169258 -0.0175167 -0.0195861 -0.0150044 -0.0102906 -0.00729565
20230316 0.0854759 0.0854759 0.0850149 0.0829959 0.0831545 0.0836521 0.0858718 0.0836503 0.0867613 0.0847779 0.0980412 0.100534 0.0850594 0.0845791 0.0819788 0.07241 0.0769595 0.0757821 0.0724863 0.0732138 0.0752527 0.0915227 0.0850594 0.0845791 0.0819788 0.07241 0.0769595 0.0757821 0.0724863 0.0732138 0.0752527 0.0915227
20230317 0.104614 0.104614 0.102809 0.103348 0.0988174 0.0990759 0.0962987 0.0955902 0.0972161 0.101856 0.107897 0.110327 0.102808 0.107242 0.103138 0.110763 0.101336 0.112716 0.112044 0.108741 0.113328 0.111913 0.102808 0.107242 0.103138 0.110763 0.101336 0.112716 0.112044 0.108741 0.113328 0.111913
20230318 0.194133 0.194133 0.188124 0.188124 0.186381 0.18768 0.190976 0.186508 0.188115 0.193625 0.191279 0.1982 0.188124 0.191663 0.204556 0.198838 0.202605 0.200749 0.209678 0.209393 0.20663 0.216243 0.188124 0.191663 0.204556 0.198838 0.202605 0.200749 0.209678 0.209393 0.20663 0.216243
20230319 0.0762898 0.0762898 0.0755354 0.0755353 0.0755357 0.0743542 0.0715246 0.0740937 0.0684581 0.0628202 0.0661201 0.0705976 0.0755361 0.0775267 0.0802204 0.0834881 0.0756545 0.0774705 0.0699802 0.0836557 0.0784471 0.0724438 0.0755361 0.0775267 0.0802204 0.0834881 0.0756545 0.0774705 0.0699802 0.0836557 0.0784471 0.0724438
20230320 -0.0176356 -0.0176356 -0.0188381 -0.0188382 -0.0188382 -0.0188377 -0.0160407 -0.0123946 -0.0133215 -0.0133486 -0.0168259 -0.0297791 -0.0162043 -0.0199947 -0.01471 -0.00791354 -0.00908284 -0.0184945 -0.0137391 -0.0254612 -0.00641609 -0.0138303 -0.0162043 -0.0199947 -0.01471 -0.00791354 -0.00908284 -0.0184945 -0.0137391 -0.0254612 -0.00641609 -0.0138303
20230321 -0.0255961 -0.0255961 -0.0297219 -0.0299311 -0.0299311 -0.0299311 -0.0299309 -0.0318112 -0.0314694 -0.0310212 -0.0299305 -0.0352755 -0.0295465 -0.0327473 -0.0329183 -0.0321027 -0.0341985 -0.0358048 -0.0289505 -0.0282175 -0.0295208 -0.0283304 -0.0295465 -0.0327473 -0.0329183 -0.0321027 -0.0341985 -0.0358048 -0.0289505 -0.0282175 -0.0295208 -0.0283304
20230322 -0.022518 -0.022518 -0.0254196 -0.0251571 -0.027034 -0.0270338 -0.0270334 -0.0270334 -0.0281247 -0.0291043 -0.0289623 -0.0273975 -0.0226894 -0.0266657 -0.0316413 -0.0325877 -0.0313896 -0.0335398 -0.0353431 -0.0277337 -0.0282837 -0.0295411 -0.0226894 -0.0266657 -0.0316413 -0.0325877 -0.0313896 -0.0335398 -0.0353431 -0.0277337 -0.0282837 -0.0295411
20230323 -0.016981 -0.016981 -0.0185563 -0.0210971 -0.0206174 -0.0232946 -0.0232949 -0.0232949 -0.0232948 -0.0236281 -0.0231154 -0.0245256 -0.0180756 -0.0164047 -0.0211421 -0.0261451 -0.0275334 -0.0270099 -0.0278043 -0.0297464 -0.0232668 -0.0257842 -0.0180756 -0.0164047 -0.0211421 -0.0261451 -0.0275334 -0.0270099 -0.0278043 -0.0297464 -0.0232668 -0.0257842
20230324 -0.0110102 -0.0110102 -0.0121571 -0.0118294 -0.0141646 -0.0143465 -0.0158474 -0.0158473 -0.0158461 -0.0158467 -0.0148911 -0.0148352 -0.0122489 -0.00675372 -0.00556365 -0.0106439 -0.0150732 -0.0147094 -0.0137529 -0.0165001 -0.0189185 -0.0122577 -0.0122489 -0.00675372 -0.00556365 -0.0106439 -0.0150732 -0.0147094 -0.0137529 -0.0165001 -0.0189185 -0.0122577
20230325 -0.0137478 -0.0137478 -0.0149101 -0.014792 -0.0154974 -0.0170048 -0.0170739 -0.0163515 -0.0163503 -0.0163519 -0.0163515 -0.0168215 -0.014697 -0.0135309 -0.00671217 -0.00517088 -0.011115 -0.015126 -0.0150764 -0.0149981 -0.0172474 -0.0192764 -0.014697 -0.0135309 -0.00671217 -0.00517088 -0.011115 -0.015126 -0.0150764 -0.0149981 -0.0172474 -0.0192764
20230326 -0.0274612 -0.0274612 -0.0284635 -0.0282812 -0.0290731 -0.0298287 -0.0320902 -0.0294441 -0.0316172 -0.031618 -0.0316164 -0.0316169 -0.0281898 -0.0334962 -0.0312018 -0.0239702 -0.0211498 -0.0247316 -0.0286343 -0.0298392 -0.0319647 -0.034443 -0.0281898 -0.0334962 -0.0312018 -0.0239702 -0.0211498 -0.0247316 -0.0286343 -0.0298392 -0.0319647 -0.034443
20230327 -0.0213126 -0.0213126 -0.0218548 -0.0209438 -0.0210111 -0.0219 -0.0221971 -0.0215291 -0.0219348 -0.02177 -0.0217677 -0.0217696 -0.0213225 -0.0214342 -0.0253026 -0.0227553 -0.015179 -0.0111892 -0.014525 -0.0194292 -0.0214832 -0.0236953 -0.0213225 -0.0214342 -0.0253026 -0.0227553 -0.015179 -0.0111892 -0.014525 -0.0194292 -0.0214832 -0.0236953
20230328 -0.0167217 -0.0167217 -0.0156808 -0.0157813 -0.0163723 -0.0163373 -0.015916 -0.0162492 -0.0156402 -0.0146303 -0.0174022 -0.0174028 -0.0157513 -0.0142238 -0.0144137 -0.0191109 -0.0169803 -0.00995163 -0.00724499 -0.00856143 -0.0133226 -0.0146451 -0.0157513 -0.0142238 -0.0144137 -0.0191109 -0.0169803 -0.00995163 -0.00724499 -0.00856143 -0.0133226 -0.0146451
20230329 -0.0187926 -0.0187926 -0.0194657 -0.0189985 -0.0188105 -0.0186334 -0.0186083 -0.0176054 -0.0196718 -0.0186217 -0.0176208 -0.0209766 -0.0171898 -0.0170011 -0.0160071 -0.0164636 -0.0211172 -0.019708 -0.0141773 -0.0127052 -0.0141246 -0.0196418 -0.0171898 -0.0170011 -0.0160071 -0.0164636 -0.0211172 -0.019708 -0.0141773 -0.0127052 -0.0141246 -0.0196418
20230330 -0.0115196 -0.0115196 -0.0106213 -0.0119341 -0.0120646 -0.0105482 -0.0107999 -0.0091869 -0.0111094 -0.00987302 -0.00917102 -0.00797743 -0.0102011 -0.00767794 -0.00674036 -0.00730706 -0.00817433 -0.0113751 -0.0105525 -0.00576357 -0.00500174 -0.00810918 -0.0102011 -0.00767794 -0.00674036 -0.00730706 -0.00817433 -0.0113751 -0.0105525 -0.00576357 -0.00500174 -0.00810918
20230331 -0.0138119 -0.0138119 -0.0133505 -0.0134335 -0.0131634 -0.0129283 -0.0132867 -0.0135572 -0.0113142 -0.01123 -0.0110274 -0.0124242 -0.0132309 -0.0138951 -0.0108437 -0.00829387 -0.00971185 -0.0116753 -0.0152999 -0.0149704 -0.0105267 -0.00964177 -0.0132309 -0.0138951 -0.0108437 -0.00829387 -0.00971185 -0.0116753 -0.0152999 -0.0149704 -0.0105267 -0.00964177
20230401 -0.00279688 -0.00279688 -0.00166058 -0.0013758 -0.00113547 -0.000855115 -0.00138129 -0.000809773 0.000446572 -0.000298165 0.00226668 0.00183526 -0.00141034 0.000491258 -0.00114627 0.00127325 0.00227632 0.000507057 -0.00168671 -0.00436638 -0.00398872 0.000575052 -0.00141034 0.000491258 -0.00114627 0.00127325 0.00227632 0.000507057 -0.00168671 -0.00436638 -0.00398872 0.000575052
20230402 -0.00154711 -0.00154711 -0.000497878 -0.000323811 -0.000180767 4.06991e-06 0.000135161 -0.000309341 0.00024403 0.00112739 0.000195515 0.00206833 -0.000489025 -0.00160756 -0.00050619 -0.00304521 -0.000876759 0.00153163 0.000539083 -0.00109643 -0.00461463 -0.00311157 -0.000489025 -0.00160756 -0.00050619 -0.00304521 -0.000876759 0.00153163 0.000539083 -0.00109643 -0.00461463 -0.00311157
20230403 -0.0086332 -0.0086332 -0.00787952 -0.00751368 -0.00749618 -0.00804517 -0.0078064 -0.0076742 -0.00750297 -0.00750622 -0.00576956 -0.0102026 -0.00819232 -0.0130088 -0.0150522 -0.0140166 -0.0157453 -0.0125638 -0.0101579 -0.0103607 -0.011197 -0.013703 -0.00819232 -0.0130088 -0.0150522 -0.0140166 -0.0157453 -0.0125638 -0.0101579 -0.0103607 -0.011197 -0.013703
20230404 -0.0150097 -0.0150097 -0.015969 -0.0153776 -0.0159379 -0.0157068 -0.0164209 -0.016428 -0.0153934 -0.0170363 -0.0158662 -0.0162044 -0.015912 -0.0160682 -0.021504 -0.0231843 -0.0208298 -0.0223102 -0.0195438 -0.0170901 -0.0167463 -0.0160018 -0.015912 -0.0160682 -0.021504 -0.0231843 -0.0208298 -0.0223102 -0.0195438 -0.0170901 -0.0167463 -0.0160018
20230405 -0.0109435 -0.0109435 -0.0148936 -0.0147238 -0.0153286 -0.0151318 -0.0136957 -0.0133776 -0.0131794 -0.0111722 -0.0114555 -0.00934368 -0.0115071 -0.0114603 -0.0117799 -0.0169129 -0.0180929 -0.0149947 -0.0166249 -0.0141176 -0.0111869 -0.0101408 -0.0115071 -0.0114603 -0.0117799 -0.0169129 -0.0180929 -0.0149947 -0.0166249 -0.0141176 -0.0111869 -0.0101408
20230406 -0.0122682 -0.0122682 -0.0131085 -0.0176084 -0.0174227 -0.0178322 -0.01897 -0.017542 -0.0173332 -0.0166804 -0.0133033 -0.0141863 -0.0133004 -0.0153921 -0.0160046 -0.0158925 -0.0198651 -0.019924 -0.0172576 -0.0171763 -0.0129132 -0.0109727 -0.0133004 -0.0153921 -0.0160046 -0.0158925 -0.0198651 -0.019924 -0.0172576 -0.0171763 -0.0129132 -0.0109727
20230407 -0.013879 -0.013879 -0.0162569 -0.015953 -0.0166674 -0.0168519 -0.0154839 -0.0166748 -0.0146023 -0.0140694 -0.0154233 -0.0176885 -0.0154608 -0.0165236 -0.0180274 -0.0169715 -0.0163034 -0.0206692 -0.0208613 -0.0184679 -0.0184472 -0.0140244 -0.0154608 -0.0165236 -0.0180274 -0.0169715 -0.0163034 -0.0206692 -0.0208613 -0.0184679 -0.0184472 -0.0140244
20230408 -0.0168861 -0.0168861 -0.018489 -0.0183143 -0.0185965 -0.0195213 -0.0188762 -0.0171149 -0.0173204 -0.0169115 -0.0170188 -0.0174693 -0.0183544 -0.0182633 -0.0194803 -0.0212772 -0.0191877 -0.0185212 -0.0228459 -0.0226342 -0.018913 -0.0186125 -0.0183544 -0.0182633 -0.0194803 -0.0212772 -0.0191877 -0.0185212 -0.0228459 -0.0226342 -0.018913 -0.0186125
20230409 -0.0153395 -0.0153395 -0.0153522 -0.0152006 -0.0151197 -0.0146058 -0.0173602 -0.0172375 -0.0151739 -0.0163319 -0.0168434 -0.0154579 -0.0150447 -0.0153481 -0.0144047 -0.0150063 -0.0169775 -0.0149459 -0.0139588 -0.0178659 -0.0181556 -0.0136643 -0.0150447 -0.0153481 -0.0144047 -0.0150063 -0.0169775 -0.0149459 -0.0139588 -0.0178659 -0.0181556 -0.0136643
20230410 -0.0161471 -0.0161471 -0.0152031 -0.0145902 -0.0147398 -0.0147445 -0.0143331 -0.0139517 -0.0161751 -0.0141804 -0.0166996 -0.0135185 -0.0144209 -0.0134969 -0.0122744 -0.0110419 -0.011821 -0.0131591 -0.0107342 -0.00852669 -0.0122371 -0.0126041 -0.0144209 -0.0134969 -0.0122744 -0.0110419 -0.011821 -0.0131591 -0.0107342 -0.00852669 -0.0122371 -0.0126041
20230411 -0.0185928 -0.0185928 -0.0198461 -0.0188219 -0.0185598 -0.0184421 -0.0187477 -0.0184767 -0.018599 -0.0196763 -0.0173842 -0.0213106 -0.0195974 -0.0196465 -0.0196213 -0.0182212 -0.0172685 -0.0170215 -0.0184437 -0.0136551 -0.0110776 -0.0151342 -0.0195974 -0.0196465 -0.0196213 -0.0182212 -0.0172685 -0.0170215 -0.0184437 -0.0136551 -0.0110776 -0.0151342
20230412 -0.0260212 -0.0260212 -0.0288595 -0.0295082 -0.0295117 -0.0288433 -0.0298231 -0.0293345 -0.0286735 -0.0290449 -0.0297745 -0.031814 -0.0256441 -0.030946 -0.032032 -0.0332305 -0.031809 -0.0298743 -0.0287578 -0.029665 -0.0262798 -0.0246153 -0.0256441 -0.030946 -0.032032 -0.0332305 -0.031809 -0.0298743 -0.0287578 -0.029665 -0.0262798 -0.0246153
20230413 -0.0306818 -0.0306818 -0.0308708 -0.0350504 -0.0349422 -0.034956 -0.0354204 -0.0346936 -0.0340077 -0.0351767 -0.0353786 -0.0359071 -0.0305433 -0.0309225 -0.0372511 -0.0377303 -0.0378573 -0.0363888 -0.0360724 -0.0360203 -0.0375191 -0.0355585 -0.0305433 -0.0309225 -0.0372511 -0.0377303 -0.0378573 -0.0363888 -0.0360724 -0.0360203 -0.0375191 -0.0355585
20230414 -0.0262595 -0.0262595 -0.0271027 -0.0266795 -0.0310608 -0.0303401 -0.0307223 -0.0310281 -0.0318883 -0.0318377 -0.0321045 -0.026855 -0.0265455 -0.0233129 -0.0236634 -0.0286394 -0.0288022 -0.0283638 -0.0271418 -0.0276167 -0.0281393 -0.0287049 -0.0265455 -0.0233129 -0.0236634 -0.0286394 -0.0288022 -0.0283638 -0.0271418 -0.0276167 -0.0281393 -0.0287049
20230415 -0.0239659 -0.0239659 -0.024598 -0.0241745 -0.0243055 -0.0268769 -0.0267322 -0.0257981 -0.0252073 -0.0280377 -0.0274815 -0.0265629 -0.0244594 -0.0234548 -0.0190441 -0.0181333 -0.0210175 -0.0213744 -0.0222099 -0.0226054 -0.0225258 -0.022346 -0.0244594 -0.0234548 -0.0190441 -0.0181333 -0.0210175 -0.0213744 -0.0222099 -0.0226054 -0.0225258 -0.022346
20230416 -0.0175769 -0.0175769 -0.0177856 -0.0171455 -0.0166035 -0.0162203 -0.0181232 -0.0162847 -0.0177408 -0.0169587 -0.0180645 -0.0183899 -0.0177199 -0.0179623 -0.0165899 -0.0119371 -0.0107739 -0.0137957 -0.0147891 -0.0158929 -0.0155281 -0.0145646 -0.0177199 -0.0179623 -0.0165899 -0.0119371 -0.0107739 -0.0137957 -0.0147891 -0.0158929 -0.0155281 -0.0145646
20230417 -0.0182967 -0.0182967 -0.0202109 -0.0198919 -0.0200177 -0.0198858 -0.0205803 -0.0172893 -0.0164522 -0.0164239 -0.0183187 -0.0189467 -0.0201603 -0.0200194 -0.020136 -0.0190254 -0.0155233 -0.0138763 -0.0164646 -0.0172631 -0.0177402 -0.0155576 -0.0201603 -0.0200194 -0.020136 -0.0190254 -0.0155233 -0.0138763 -0.0164646 -0.0172631 -0.0177402 -0.0155576
20230418 -0.0180783 -0.0180783 -0.0213127 -0.0221506 -0.0214979 -0.0214898 -0.0203252 -0.019609 -0.019282 -0.0183316 -0.0188287 -0.0181597 -0.0210839 -0.0203083 -0.0204407 -0.0204763 -0.020445 -0.0162456 -0.0146078 -0.0156367 -0.0160603 -0.0166852 -0.0210839 -0.0203083 -0.0204407 -0.0204763 -0.020445 -0.0162456 -0.0146078 -0.0156367 -0.0160603 -0.0166852
20230419 -0.0134248 -0.0134248 -0.0177463 -0.0174716 -0.017446 -0.0171105 -0.0176933 -0.0163731 -0.0160738 -0.0151532 -0.0146157 -0.0137338 -0.0124975 -0.0162894 -0.0149766 -0.0150168 -0.0150953 -0.014928 -0.00968964 -0.00805418 -0.00830306 -0.0103025 -0.0124975 -0.0162894 -0.0149766 -0.0150168 -0.0150953 -0.014928 -0.00968964 -0.00805418 -0.00830306 -0.0103025
20230420 -0.00400875 -0.00400875 -0.00367921 -0.00638641 -0.00578407 -0.00594554 -0.00638246 -0.00608671 -0.00539159 -0.00627312 -0.00376029 -0.00182574 -0.00375735 -0.00499515 -0.00578256 -0.00370985 -0.00289631 -0.00317549 -0.0034456 0.0014004 0.00230534 0.00141739 -0.00375735 -0.00499515 -0.00578256 -0.00370985 -0.00289631 -0.00317549 -0.0034456 0.0014004 0.00230534 0.00141739
20230421 3.8675e-05 3.8675e-05 -0.000857489 -0.000401269 0.000127095 0.000602092 2.35422e-05 -0.000750918 0.00167553 0.00110622 0.00154195 0.00310464 -0.000661528 -0.00105655 -0.00131252 0.000447165 0.00225276 0.00261567 0.00225566 0.00170515 0.00585168 0.00563008 -0.000661528 -0.00105655 -0.00131252 0.000447165 0.00225276 0.00261567 0.00225566 0.00170515 0.00585168 0.00563008
20230422 -0.0114092 -0.0114092 -0.0123721 -0.0120713 -0.0115036 -0.00893928 -0.00937578 -0.00984095 -0.0116053 -0.0098853 -0.00949997 -0.0111273 -0.0120106 -0.0170707 -0.0170923 -0.0166788 -0.0133793 -0.0118157 -0.0113239 -0.0120411 -0.0127089 -0.00800955 -0.0120106 -0.0170707 -0.0170923 -0.0166788 -0.0133793 -0.0118157 -0.0113239 -0.0120411 -0.0127089 -0.00800955
20230423 -0.00912665 -0.00912665 -0.0119482 -0.0107536 -0.0117978 -0.011758 -0.00807351 -0.00751236 -0.00690558 -0.00786881 -0.00934797 -0.00823219 -0.0115195 -0.0112054 -0.0159694 -0.0157726 -0.0165868 -0.0134102 -0.0123619 -0.0119624 -0.0125057 -0.0127774 -0.0115195 -0.0112054 -0.0159694 -0.0157726 -0.0165868 -0.0134102 -0.0123619 -0.0119624 -0.0125057 -0.0127774
20230424 -0.0105811 -0.0105811 -0.0134004 -0.0133446 -0.0130699 -0.013415 -0.014198 -0.0116643 -0.0137407 -0.0136728 -0.0147496 -0.0138027 -0.0132483 -0.0154284 -0.0152018 -0.0207234 -0.0209067 -0.0214045 -0.0177787 -0.0170328 -0.0173756 -0.018067 -0.0132483 -0.0154284 -0.0152018 -0.0207234 -0.0209067 -0.0214045 -0.0177787 -0.0170328 -0.0173756 -0.018067
20230425 -0.00537498 -0.00537498 -0.00779402 -0.00720363 -0.00712826 -0.00585232 -0.00639751 -0.00745817 -0.00526242 -0.00658824 -0.00649568 -0.0043176 -0.00760237 -0.00271418 -0.00502839 -0.00555985 -0.0107932 -0.0117316 -0.0119427 -0.0080614 -0.00831063 -0.00857352 -0.00760237 -0.00271418 -0.00502839 -0.00555985 -0.0107932 -0.0117316 -0.0119427 -0.0080614 -0.00831063 -0.00857352
20230426 -0.00491498 -0.00491498 -0.00745261 -0.00793061 -0.00751258 -0.00744442 -0.00736044 -0.00692776 -0.00820577 -0.00766155 -0.0087874 -0.00971623 -0.00581676 -0.00748159 -0.00323348 -0.00579927 -0.00634649 -0.011664 -0.0121463 -0.0126222 -0.0104177 -0.0105085 -0.00581676 -0.00748159 -0.00323348 -0.00579927 -0.00634649 -0.011664 -0.0121463 -0.0126222 -0.0104177 -0.0105085
20230427 -0.00863395 -0.00863395 -0.00917699 -0.00884191 -0.00834269 -0.00747116 -0.00754599 -0.00709167 -0.00738922 -0.0085676 -0.00600863 -0.0088835 -0.00935672 -0.00691201 -0.00801043 -0.0045535 -0.00656544 -0.00643623 -0.0115309 -0.0112098 -0.0113863 -0.012433 -0.00935672 -0.00691201 -0.00801043 -0.0045535 -0.00656544 -0.00643623 -0.0115309 -0.0112098 -0.0113863 -0.012433
20230428 -0.0112162 -0.0112162 -0.0116132 -0.0113009 -0.0107522 -0.011337 -0.0120526 -0.013518 -0.0122659 -0.0117315 -0.0134517 -0.00929884 -0.0118337 -0.015225 -0.0125386 -0.0128942 -0.00847689 -0.00925416 -0.00943869 -0.0141661 -0.0139933 -0.0144039 -0.0118337 -0.015225 -0.0125386 -0.0128942 -0.00847689 -0.00925416 -0.00943869 -0.0141661 -0.0139933 -0.0144039
20230429 -0.0129981 -0.0129981 -0.0133036 -0.0125556 -0.0126013 -0.0129891 -0.0140222 -0.0128331 -0.0131423 -0.0129887 -0.0136689 -0.0138191 -0.0132311 -0.0128073 -0.0161094 -0.0141203 -0.0145269 -0.00975375 -0.0112879 -0.0111584 -0.0162421 -0.0165031 -0.0132311 -0.0128073 -0.0161094 -0.0141203 -0.0145269 -0.00975375 -0.0112879 -0.0111584 -0.0162421 -0.0165031
20230430 -0.0214136 -0.0214136 -0.0219494 -0.021085 -0.0212234 -0.0210435 -0.0213872 -0.0215421 -0.0225044 -0.0238641 -0.0243922 -0.0255099 -0.0215463 -0.0268418 -0.026249 -0.0288297 -0.0269101 -0.0280662 -0.0239551 -0.0259689 -0.0261565 -0.0311544 -0.0215463 -0.0268418 -0.026249 -0.0288297 -0.0269101 -0.0280662 -0.0239551 -0.0259689 -0.0261565 -0.0311544
