20210415 -0.00570327 -0.00570327 -0.00426522 -0.00494821 -0.00481429 -0.00475411 -0.0032982 -0.00327634 -0.0016254 -0.00465996 -0.00177335 0.000474718 -0.00427319 -0.00236689 -0.00590754 -0.00474807 -0.00397605 -0.000887693 0.00149785 0.00271223 -0.00098419 -9.58074e-05 -0.00427319 -0.00236689 -0.00590754 -0.00474807 -0.00397605 -0.000887693 0.00149785 0.00271223 -0.00098419 -9.58074e-05
20210416 -0.00217766 -0.00217766 -0.00210795 -0.00182993 -0.00328321 -0.00238034 -0.00123682 -0.000375864 -0.000165507 -0.00014627 -0.00160677 0.000364482 -0.00193251 -0.00123777 -0.000127056 -0.00439459 -0.00235087 -0.00159631 0.00109824 0.00299885 0.00375342 -0.00127376 -0.00193251 -0.00123777 -0.000127056 -0.00439459 -0.00235087 -0.00159631 0.00109824 0.00299885 0.00375342 -0.00127376
20210417 0.00436293 0.00436293 0.00364223 0.0037623 0.00386429 0.00282695 0.00266499 0.00281673 0.00394643 0.00324739 0.00177709 0.000762357 0.00353353 -0.00065861 6.58971e-05 0.00113455 -0.00259716 -0.00140308 -0.000300468 0.00292362 0.0037557 0.0052776 0.00353353 -0.00065861 6.58971e-05 0.00113455 -0.00259716 -0.00140308 -0.000300468 0.00292362 0.0037557 0.0052776
20210418 0.00575444 0.00575444 0.00519042 0.00499851 0.00370119 0.00465239 0.00518681 0.0057458 0.00618589 0.00831712 0.00788762 0.0069398 0.00511576 0.00640614 0.00133416 0.00172608 0.00396541 0.00186045 0.00356587 0.00554303 0.00996095 0.0115713 0.00511576 0.00640614 0.00133416 0.00172608 0.00396541 0.00186045 0.00356587 0.00554303 0.00996095 0.0115713
20210419 0.00195986 0.00195986 0.000782466 0.000868301 -0.000818512 0.00117261 0.00163513 0.00471271 0.00551373 0.00563325 0.00342993 0.00680131 0.00115608 0.000375802 0.00244734 -0.00195225 -0.00162472 0.000490796 7.64416e-05 0.00155118 0.00334952 0.00826861 0.00115608 0.000375802 0.00244734 -0.00195225 -0.00162472 0.000490796 7.64416e-05 0.00155118 0.00334952 0.00826861
20210420 -0.004179 -0.004179 -0.0062087 -0.00586184 -0.00586308 -0.00623874 -0.00511838 -0.00498639 -0.000849098 0.000211579 -0.00142607 -0.00275367 -0.00591964 -0.00760399 -0.00788056 -0.0047985 -0.00747227 -0.00541504 -0.00302586 -0.00318205 -0.00215851 -0.000900503 -0.00591964 -0.00760399 -0.00788056 -0.0047985 -0.00747227 -0.00541504 -0.00302586 -0.00318205 -0.00215851 -0.000900503
20210421 -0.000398347 -0.000398347 -0.002982 -0.0021844 -0.00252368 -0.00136858 -0.00208936 -0.00116537 -0.000214806 0.00193603 0.000204474 0.00226648 -0.00132993 -0.00374508 -0.00504855 -0.00413034 -0.000550447 -0.00285098 -0.001835 0.000226395 -0.00124056 -0.000543969 -0.00132993 -0.00374508 -0.00504855 -0.00413034 -0.000550447 -0.00285098 -0.001835 0.000226395 -0.00124056 -0.000543969
20210422 0.00214868 0.00214868 0.00171467 0.001155 0.00210568 0.00241635 0.00320199 0.00215907 0.000146448 0.000114422 0.00238229 4.57962e-05 0.0018965 -0.000776114 -0.00379299 -0.00600267 -0.00598392 -0.00315084 -0.00652964 -0.00709733 -0.00545499 -0.00575331 0.0018965 -0.000776114 -0.00379299 -0.00600267 -0.00598392 -0.00315084 -0.00652964 -0.00709733 -0.00545499 -0.00575331
20210423 0.00286726 0.00286726 0.00227167 0.00289371 0.00311616 0.0037049 0.00373225 0.00462575 0.00607009 0.0044924 0.00551204 0.00745141 0.00214061 0.00676867 0.00383752 0.000661034 -0.00188108 -0.00195658 -7.85834e-05 -0.00360913 -0.00448703 -0.00322722 0.00214061 0.00676867 0.00383752 0.000661034 -0.00188108 -0.00195658 -7.85834e-05 -0.00360913 -0.00448703 -0.00322722
20210424 0.00395263 0.00395263 0.00296288 0.00306677 0.00393667 0.00213722 0.00334089 0.00252301 0.00393748 0.00444682 0.00630517 0.00374541 0.00323026 0.00262506 0.00605909 0.00317085 -0.000473412 -0.00241287 -0.00238202 -0.000179131 -0.00415213 -0.00527228 0.00323026 0.00262506 0.00605909 0.00317085 -0.000473412 -0.00241287 -0.00238202 -0.000179131 -0.00415213 -0.00527228
20210425 0.00758083 0.00758083 0.0073929 0.00729976 0.00726017 0.00735151 0.00452742 0.00355123 0.00360245 0.00467682 0.00502606 0.00675516 0.00752627 0.00501285 0.00328606 0.00591169 0.00337171 0.00207284 -0.000359162 -0.00109734 0.000712236 -0.00331009 0.00752627 0.00501285 0.00328606 0.00591169 0.00337171 0.00207284 -0.000359162 -0.00109734 0.000712236 -0.00331009
20210426 0.0044163 0.0044163 0.0039636 0.0046902 0.00450634 0.00515127 0.00473938 0.0053138 0.00457986 0.00327376 0.00369457 0.0044908 0.00450953 0.00679758 0.00314407 0.00200049 0.00540688 0.00225888 0.000662252 -0.00299351 -0.00364706 -0.00215744 0.00450953 0.00679758 0.00314407 0.00200049 0.00540688 0.00225888 0.000662252 -0.00299351 -0.00364706 -0.00215744
20210427 0.00226588 0.00226588 0.00163416 0.00186184 0.002586 0.00285607 0.00195302 0.00138968 0.00231173 0.0010388 0.00166907 0.00278667 0.00147489 0.0027981 0.00579975 0.00254266 0.000979711 0.00414405 0.00019645 0.000570583 -0.00245103 -0.00244682 0.00147489 0.0027981 0.00579975 0.00254266 0.000979711 0.00414405 0.00019645 0.000570583 -0.00245103 -0.00244682
20210428 0.00135296 0.00135296 0.000366446 0.000771621 -1.73525e-05 0.00220645 0.00155969 0.00249662 0.000468615 0.00422161 0.00407876 0.00283573 0.00121488 0.000329713 0.00215457 0.00589581 0.00226148 -0.000257369 0.00272452 -0.000843018 0.00123412 -0.00164046 0.00121488 0.000329713 0.00215457 0.00589581 0.00226148 -0.000257369 0.00272452 -0.000843018 0.00123412 -0.00164046
20210429 0.00382708 0.00382708 0.00306625 0.00438881 0.00488181 0.00593078 0.00596975 0.00677778 0.00767234 0.0045747 0.00700703 0.010019 0.00311831 0.0024463 0.00352644 0.00548934 0.00908351 0.00467445 0.00142111 0.00474059 0.00135341 0.00125742 0.00311831 0.0024463 0.00352644 0.00548934 0.00908351 0.00467445 0.00142111 0.00474059 0.00135341 0.00125742
20210430 0.000289783 0.000289783 0.000311195 0.000954903 0.0011604 0.00173602 0.00067361 0.00298141 0.00164146 0.00217834 -0.00232421 0.00294697 0.000477018 0.000340296 -0.00039351 -0.000584845 0.000653229 0.00398451 0.00126152 -0.000525731 0.00353831 -0.000409022 0.000477018 0.000340296 -0.00039351 -0.000584845 0.000653229 0.00398451 0.00126152 -0.000525731 0.00353831 -0.000409022
20210501 0.00781716 0.00781716 0.0067313 0.00626703 0.00621401 0.00848321 0.00793583 0.00720291 0.0122384 0.00757687 0.0128192 0.00954147 0.00669965 0.0115882 0.0110082 0.00931499 0.0102507 0.00974421 0.0124848 0.0106647 0.00997648 0.0146334 0.00669965 0.0115882 0.0110082 0.00931499 0.0102507 0.00974421 0.0124848 0.0106647 0.00997648 0.0146334
20210502 0.00859831 0.00859831 0.00637427 0.00625635 0.00576092 0.00628386 0.0085791 0.00690621 0.00674004 0.00914547 0.0080793 0.0122726 0.00629874 0.00598289 0.0105174 0.00928491 0.0078899 0.00755473 0.00792037 0.0106718 0.00814216 0.00641654 0.00629874 0.00598289 0.0105174 0.00928491 0.0078899 0.00755473 0.00792037 0.0106718 0.00814216 0.00641654
20210503 0.00316058 0.00316058 -0.000398885 -0.00055276 5.38459e-05 -0.000527269 0.000205469 0.000598201 -0.0012158 -0.000302737 -0.000641674 -0.0019891 -0.000545479 -0.00538815 -0.00607074 -0.00117787 -0.00230122 -0.00231665 -0.00309982 -0.00135641 0.00188377 -0.00160851 -0.000545479 -0.00538815 -0.00607074 -0.00117787 -0.00230122 -0.00231665 -0.00309982 -0.00135641 0.00188377 -0.00160851
20210504 0.00419733 0.00419733 0.00149526 0.00150113 0.00129141 0.0018842 0.0012614 -8.8515e-05 0.00083596 -0.00233834 -0.00248313 -0.00124397 0.00195332 -0.00460595 -0.00953151 -0.00930025 -0.00384725 -0.00546404 -0.00659221 -0.00646287 -0.0041859 -0.000496189 0.00195332 -0.00460595 -0.00953151 -0.00930025 -0.00384725 -0.00546404 -0.00659221 -0.00646287 -0.0041859 -0.000496189
20210505 -0.00464374 -0.00464374 -0.00641692 -0.00674282 -0.00673903 -0.00762826 -0.00818226 -0.00860376 -0.00749051 -0.00676933 -0.0129451 -0.0109836 -0.00523869 -0.00672716 -0.0130786 -0.0183629 -0.0191498 -0.0142801 -0.0148635 -0.0159289 -0.0142744 -0.0116551 -0.00523869 -0.00672716 -0.0130786 -0.0183629 -0.0191498 -0.0142801 -0.0148635 -0.0159289 -0.0142744 -0.0116551
20210506 -0.00558972 -0.00558972 -0.00536224 -0.00453156 -0.00440522 -0.00294399 -0.00407037 -0.00569216 -0.0040838 -0.00156454 0.00134047 -0.0030215 -0.00539543 0.00195738 0.000896733 -0.00389086 -0.00953298 -0.0102993 -0.00571376 -0.00723383 -0.00871618 -0.00545086 -0.00539543 0.00195738 0.000896733 -0.00389086 -0.00953298 -0.0102993 -0.00571376 -0.00723383 -0.00871618 -0.00545086
20210507 -0.00404763 -0.00404763 -0.00567103 -0.00538732 -0.00266609 -0.00183356 -0.00266411 -0.00432229 -0.00382473 -0.00288587 -0.0012614 0.00280072 -0.00542861 -0.00675256 -9.70334e-05 0.00123417 -0.00445317 -0.0107384 -0.0113647 -0.00761827 -0.00899948 -0.0104376 -0.00542861 -0.00675256 -9.70334e-05 0.00123417 -0.00445317 -0.0107384 -0.0113647 -0.00761827 -0.00899948 -0.0104376
20210508 -0.000418425 -0.000418425 -0.00246218 -0.00183261 -0.00162252 -0.000176454 0.000654393 -0.00165897 -0.00314944 -0.00302498 -0.000284671 0.000152018 -0.00226887 -0.00314729 -0.00488989 0.000698132 0.00226269 -0.00378137 -0.0101303 -0.00999886 -0.00572203 -0.00766893 -0.00226887 -0.00314729 -0.00488989 0.000698132 0.00226269 -0.00378137 -0.0101303 -0.00999886 -0.00572203 -0.00766893
20210509 -0.00580706 -0.00580706 -0.00697489 -0.00669257 -0.00615905 -0.00556833 -0.00380179 -0.0039501 -0.00286942 -0.00419093 -0.00319814 -0.00137001 -0.00679651 -0.00436007 -0.00553549 -0.00743985 -0.00102287 -0.000906335 -0.00692166 -0.0128518 -0.0125685 -0.00752451 -0.00679651 -0.00436007 -0.00553549 -0.00743985 -0.00102287 -0.000906335 -0.00692166 -0.0128518 -0.0125685 -0.00752451
20210510 0.00328911 0.00328911 0.0023743 0.00184887 0.00168547 0.00149773 0.00185009 0.00551311 0.00521519 0.00670892 0.00792699 0.00481096 0.0023802 0.00044093 0.00301598 3.74062e-05 -0.00191963 0.00488149 0.00687264 0.00221237 -0.00358195 -0.00483684 0.0023802 0.00044093 0.00301598 3.74062e-05 -0.00191963 0.00488149 0.00687264 0.00221237 -0.00358195 -0.00483684
20210511 0.00648919 0.00648919 0.00547973 0.00546231 0.00613262 0.00592077 0.00651174 0.00595759 0.00651166 0.00648192 0.00511235 0.00838507 0.00577329 0.00314573 0.00158995 0.00366278 -0.000256696 -0.00248498 0.00382689 0.00725909 0.00273618 -0.00364959 0.00577329 0.00314573 0.00158995 0.00366278 -0.000256696 -0.00248498 0.00382689 0.00725909 0.00273618 -0.00364959
20210512 0.00425374 0.00425374 0.00278177 0.00311061 0.00305899 0.0042845 0.00433326 0.00313709 0.00403365 0.00635283 0.00554303 0.00503184 0.00424521 0.00263129 -0.00034853 -0.00154324 0.00136848 -0.00145592 -0.00310737 0.00291893 0.00509195 0.00134764 0.00424521 0.00263129 -0.00034853 -0.00154324 0.00136848 -0.00145592 -0.00310737 0.00291893 0.00509195 0.00134764
20210513 0.000572145 0.000572145 -3.3853e-05 -0.00209626 -0.000299082 0.000583738 0.0022253 0.00161532 0.00126836 0.00186421 0.00808082 0.00625388 0.00038216 0.00235532 0.000344332 -0.00123595 -0.00222831 0.00150143 -0.00117774 -0.00269723 0.00320525 0.00636388 0.00038216 0.00235532 0.000344332 -0.00123595 -0.00222831 0.00150143 -0.00117774 -0.00269723 0.00320525 0.00636388
20210514 -0.00422708 -0.00422708 -0.00514254 -0.00390161 -0.00474705 -0.00455648 -0.00322996 -0.00171305 -0.000560921 -0.000128181 -0.00235695 0.00417642 -0.00455536 -0.00208739 -0.000316895 -0.00135941 -0.00341314 -0.00426834 0.000395661 -0.00111586 -0.00203602 0.00427316 -0.00455536 -0.00208739 -0.000316895 -0.00135941 -0.00341314 -0.00426834 0.000395661 -0.00111586 -0.00203602 0.00427316
20210515 -0.00504642 -0.00504642 -0.00536212 -0.0046162 -0.00491947 -0.0070489 -0.00796635 -0.00593479 -0.00312356 -0.00420162 -0.00337338 -0.00482321 -0.00528997 -0.00639199 -0.00255022 -0.000551562 -0.00286508 -0.00269822 -0.00253299 0.000334398 -0.00295183 -0.00562233 -0.00528997 -0.00639199 -0.00255022 -0.000551562 -0.00286508 -0.00269822 -0.00253299 0.000334398 -0.00295183 -0.00562233
20210516 -0.000936561 -0.000936561 -0.00398348 -0.00333126 -0.00321687 -0.00252128 -0.00432084 -0.00569075 -0.00560606 -0.00114446 -0.00161072 -0.0029474 -0.00386397 -0.0048023 -0.00509152 -0.0007574 0.00165564 0.00129758 -0.00071452 -0.00284353 -2.2907e-05 -0.00207829 -0.00386397 -0.0048023 -0.00509152 -0.0007574 0.00165564 0.00129758 -0.00071452 -0.00284353 -2.2907e-05 -0.00207829
20210517 0.00295579 0.00295579 0.000842538 0.00159227 0.00166332 0.00119434 0.00282003 -0.000321801 -0.00310507 -0.00269172 0.000915856 0.000849761 0.000965248 0.00100205 -0.000920063 -0.0023538 0.000874518 0.00305299 0.00269931 -0.000218015 -0.00168063 0.002901 0.000965248 0.00100205 -0.000920063 -0.0023538 0.000874518 0.00305299 0.00269931 -0.000218015 -0.00168063 0.002901
20210518 0.00386217 0.00386217 0.00229441 0.00249442 0.00279498 0.00239639 0.0025753 0.0022882 0.00039404 -0.000999761 -0.00160798 0.00328315 0.00215795 0.00723296 0.00759949 0.00516689 0.00341575 0.00734776 0.00955436 0.00710318 0.00591673 0.00659063 0.00215795 0.00723296 0.00759949 0.00516689 0.00341575 0.00734776 0.00955436 0.00710318 0.00591673 0.00659063
20210519 0.00697635 0.00697635 0.00594163 0.00600962 0.00613947 0.00546949 0.00488659 0.00576271 0.00458369 0.0047058 0.0039356 0.00371598 0.00748042 0.00232269 0.00608492 0.00561988 0.00378795 0.00188821 0.00675513 0.00913661 0.00735512 0.00691937 0.00748042 0.00232269 0.00608492 0.00561988 0.00378795 0.00188821 0.00675513 0.00913661 0.00735512 0.00691937
20210520 -0.00173123 -0.00173123 -0.00197638 -0.0027921 -0.00292372 -0.00340561 -0.00282671 -0.00388051 -0.00201296 -0.00293876 -0.00168555 -0.00350161 -0.00162271 -0.00360581 -0.00785846 -0.00431567 -0.00543949 -0.00717029 -0.00849009 -0.00299099 0.00048996 0.000176022 -0.00162271 -0.00360581 -0.00785846 -0.00431567 -0.00543949 -0.00717029 -0.00849009 -0.00299099 0.00048996 0.000176022
20210521 -0.00426708 -0.00426708 -0.00576622 -0.00629326 -0.00949932 -0.010257 -0.0108297 -0.0118652 -0.0135662 -0.0119524 -0.0118867 -0.0098683 -0.00554011 -0.0107085 -0.0138795 -0.0165834 -0.0123618 -0.0130738 -0.0149383 -0.0154151 -0.0107045 -0.00744986 -0.00554011 -0.0107085 -0.0138795 -0.0165834 -0.0123618 -0.0130738 -0.0149383 -0.0154151 -0.0107045 -0.00744986
20210522 0.00154852 0.00154852 0.000184379 0.00092149 0.00123796 -0.00155771 -0.00200213 -0.0019298 -0.00340804 -0.00330776 -0.00165118 -0.00156371 0.000350764 0.00431938 -7.7042e-06 -0.00201129 -0.00385118 0.00108171 0.00059406 -0.00195234 -0.00450317 -0.000506627 0.000350764 0.00431938 -7.7042e-06 -0.00201129 -0.00385118 0.00108171 0.00059406 -0.00195234 -0.00450317 -0.000506627
20210523 0.00315812 0.00315812 0.00241628 0.0022101 0.00263707 0.00406849 0.00342071 0.00129808 0.00299378 0.00533698 0.00245666 0.00378403 0.00233107 0.00210962 0.00658476 0.00332725 0.000234576 -0.000892233 0.00280233 0.00194478 -0.000691576 -0.00375531 0.00233107 0.00210962 0.00658476 0.00332725 0.000234576 -0.000892233 0.00280233 0.00194478 -0.000691576 -0.00375531
20210524 -0.0030544 -0.0030544 -0.00397208 -0.00305229 -0.00321245 -0.0049334 -0.00500627 -0.00571494 -0.00684728 -0.00646116 -0.00435655 -0.00737947 -0.00405445 -0.00926068 -0.0107476 -0.00691849 -0.0110544 -0.0150744 -0.014593 -0.0107345 -0.0108949 -0.0134023 -0.00405445 -0.00926068 -0.0107476 -0.00691849 -0.0110544 -0.0150744 -0.014593 -0.0107345 -0.0108949 -0.0134023
20210525 -0.00270967 -0.00270967 -0.00573412 -0.00563447 -0.0042121 -0.00348597 -0.00400095 -0.00369828 -0.00485922 -0.00636092 -0.00521561 -0.00417374 -0.00550679 -0.00337632 -0.00754704 -0.00797223 -0.00369469 -0.0069368 -0.00952598 -0.00929291 -0.00585644 -0.00594925 -0.00550679 -0.00337632 -0.00754704 -0.00797223 -0.00369469 -0.0069368 -0.00952598 -0.00929291 -0.00585644 -0.00594925
20210526 0.00773646 0.00773646 0.00796951 0.00806617 0.00854853 0.00708542 0.00804004 0.00696753 0.00732234 0.00779758 0.00837574 0.0106461 0.00717437 0.00921162 0.0119668 0.00852583 0.00839295 0.0132544 0.0110043 0.00772854 0.00793771 0.0108879 0.00717437 0.00921162 0.0119668 0.00852583 0.00839295 0.0132544 0.0110043 0.00772854 0.00793771 0.0108879
20230315 -0.00156485 -0.00156485 -0.0051771 -0.00475522 -0.00578987 -0.00721161 -0.00596165 -0.00654247 -0.00303611 -0.00038721 -0.00178004 -0.00773558 -0.00142129 -0.00662109 -0.00458748 -0.00693765 -0.00261072 -0.00284775 -0.00355623 -0.00188264 -0.00277563 -0.000925074 -0.00142129 -0.00662109 -0.00458748 -0.00693765 -0.00261072 -0.00284775 -0.00355623 -0.00188264 -0.00277563 -0.000925074
20230316 0.0646349 0.0646349 0.0635214 0.0668694 0.0659699 0.0655641 0.0645567 0.063034 0.0627213 0.067636 0.0686315 0.0642155 0.0640836 0.066982 0.0693057 0.0648937 0.0611372 0.0718053 0.0714796 0.07303 0.0731117 0.0726175 0.0640836 0.066982 0.0693057 0.0648937 0.0611372 0.0718053 0.0714796 0.07303 0.0731117 0.0726175
20230317 -0.00800141 -0.00800141 -0.00744506 -0.00687779 0.00491773 0.00305134 0.00203682 0.00451979 0.00890605 0.00744847 0.0131528 0.000218008 -0.00744521 0.00864685 0.0124016 0.0151852 0.00619819 -0.00222589 0.00987179 0.00965589 0.0103536 0.00743444 -0.00744521 0.00864685 0.0124016 0.0151852 0.00619819 -0.00222589 0.00987179 0.00965589 0.0103536 0.00743444
20230318 -0.0158323 -0.0158323 -0.0149451 -0.0149452 -0.0139896 -0.00219435 0.00142736 -0.00179587 -0.00626864 0.00164381 -0.00501002 0.00736706 -0.0149455 -0.00978859 0.00498467 -0.000600453 0.00530243 -0.00241999 -0.0112411 -0.00406776 -0.00471047 -0.00290146 -0.0149455 -0.00978859 0.00498467 -0.000600453 0.00530243 -0.00241999 -0.0112411 -0.00406776 -0.00471047 -0.00290146
20230319 0.00304235 0.00304235 0.0137551 0.0137553 0.0137554 0.0139549 0.0125003 0.0130406 0.0135901 0.0136859 0.00353231 0.000456945 0.0137542 0.00711346 0.01046 0.0257267 0.0207948 0.0200936 0.0171231 0.0108837 0.0220397 0.0181547 0.0137542 0.00711346 0.01046 0.0257267 0.0207948 0.0200936 0.0171231 0.0108837 0.0220397 0.0181547
20230320 0.030558 0.030558 0.0465409 0.0465409 0.0465409 0.0465408 0.0453008 0.0301477 0.019868 0.0261677 0.0185304 0.0122355 0.0474098 0.0368861 0.0267778 0.0209617 0.0412138 0.0447549 0.0334855 0.0282051 0.0213487 0.0383029 0.0474098 0.0368861 0.0267778 0.0209617 0.0412138 0.0447549 0.0334855 0.0282051 0.0213487 0.0383029
20230321 -0.0143936 -0.0143936 -0.0155783 -0.0174969 -0.0174968 -0.0174969 -0.0174968 -0.0190101 -0.0207984 -0.0204488 -0.0191963 -0.0229594 -0.0152465 -0.0198611 -0.0204652 -0.0179501 -0.0175418 -0.0141192 -0.018477 -0.0204906 -0.0180091 -0.0216811 -0.0152465 -0.0198611 -0.0204652 -0.0179501 -0.0175418 -0.0141192 -0.018477 -0.0204906 -0.0180091 -0.0216811
20230322 -0.0063465 -0.0063465 -0.00683785 -0.00699947 -0.0084569 -0.00845687 -0.00845687 -0.0084569 -0.0102181 -0.00967422 -0.00883833 -0.00502473 -0.0063759 -0.00344621 -0.00787101 -0.00602923 -0.00260296 -0.0026914 -0.000889232 -0.00446254 -0.00547484 -0.00358104 -0.0063759 -0.00344621 -0.00787101 -0.00602923 -0.00260296 -0.0026914 -0.000889232 -0.00446254 -0.00547484 -0.00358104
20230323 -0.000681562 -0.000681562 -0.000426076 0.00027368 -0.000885084 -0.000310772 -0.00031088 -0.000311238 -0.000311031 -0.00208142 -0.00260193 -0.000725011 -0.000271768 0.00133417 0.00455463 0.000373181 0.00172991 0.00522096 0.00561331 0.00872286 0.00466051 0.00421655 -0.000271768 0.00133417 0.00455463 0.000373181 0.00172991 0.00522096 0.00561331 0.00872286 0.00466051 0.00421655
20230324 0.00033727 0.00033727 -0.000426156 -0.000291896 0.00124211 0.000864965 0.00499024 0.00499094 0.00499099 0.00499079 0.00358611 0.00112646 -0.000268549 0.00445366 0.00647612 0.00998713 0.00489225 0.00625555 0.00871859 0.00941805 0.0126173 0.00828972 -0.000268549 0.00445366 0.00647612 0.00998713 0.00489225 0.00625555 0.00871859 0.00941805 0.0126173 0.00828972
20230325 0.00332021 0.00332021 0.00181828 0.00166802 0.00198395 0.0020145 0.00137086 0.00522403 0.00522367 0.00522336 0.00522454 0.00451384 0.00188763 0.0012435 0.00608544 0.00629609 0.0107108 0.00607949 0.00700272 0.00893809 0.0103992 0.0139341 0.00188763 0.0012435 0.00608544 0.00629609 0.0107108 0.00607949 0.00700272 0.00893809 0.0103992 0.0139341
20230326 0.000432535 0.000432535 -0.000594637 -0.00032804 -0.000560366 -0.000371472 -0.000305753 -0.00107265 0.00170081 0.00170212 0.00169944 0.00170262 -0.000281851 -0.000998082 -0.000900972 0.00334748 0.0033884 0.00890921 0.00409955 0.00417756 0.00623973 0.00843095 -0.000281851 -0.000998082 -0.000900972 0.00334748 0.0033884 0.00890921 0.00409955 0.00417756 0.00623973 0.00843095
20230327 -0.00350506 -0.00350506 -0.00349566 -0.00315746 -0.00269143 -0.00265361 -0.00280404 -0.00373407 -0.00456561 -0.00247334 -0.00247158 -0.00247253 -0.00293456 -0.00380079 -0.00481767 -0.00462957 -0.000134173 -0.000561745 0.00519448 -0.000493184 -0.000206345 0.00158612 -0.00293456 -0.00380079 -0.00481767 -0.00462957 -0.000134173 -0.000561745 0.00519448 -0.000493184 -0.000206345 0.00158612
20230328 -0.0101749 -0.0101749 -0.0104814 -0.0111184 -0.0108363 -0.0110725 -0.0106691 -0.010752 -0.0124232 -0.0135616 -0.0113031 -0.0113038 -0.0102471 -0.0109374 -0.0108889 -0.011651 -0.011422 -0.00727913 -0.00700408 -0.0019941 -0.00861862 -0.00836061 -0.0102471 -0.0109374 -0.0108889 -0.011651 -0.011422 -0.00727913 -0.00700408 -0.0019941 -0.00861862 -0.00836061
20230329 -0.00454397 -0.00454397 -0.00511689 -0.00483779 -0.00455626 -0.00502205 -0.00561713 -0.00690896 -0.00441917 -0.00683107 -0.00729176 -0.00631906 -0.00506193 -0.00405344 -0.00541722 -0.00664734 -0.00789206 -0.00764137 -0.00404199 -0.00357305 0.00069337 -0.00392799 -0.00506193 -0.00405344 -0.00541722 -0.00664734 -0.00789206 -0.00764137 -0.00404199 -0.00357305 0.00069337 -0.00392799
20230330 -0.00331301 -0.00331301 -0.00361887 -0.00210106 -0.00255193 -0.00256904 -0.00205817 -0.0023581 -0.00335405 -0.00308658 -0.00383448 -0.00365897 -0.00335164 -0.00548806 -0.00498996 -0.00643245 -0.00759334 -0.00926624 -0.00979233 -0.00621921 -0.0054622 0.000685865 -0.00335164 -0.00548806 -0.00498996 -0.00643245 -0.00759334 -0.00926624 -0.00979233 -0.00621921 -0.0054622 0.000685865
20230331 -0.00313993 -0.00313993 -0.0027406 -0.00271536 -0.00196983 -0.00184872 -0.00215258 -0.00202792 -0.00408142 -0.00104758 -0.00567757 -0.00388015 -0.0027048 -0.0031361 -0.006783 -0.00555706 -0.00810486 -0.00963281 -0.0111065 -0.0113284 -0.00731862 -0.0059842 -0.0027048 -0.0031361 -0.006783 -0.00555706 -0.00810486 -0.00963281 -0.0111065 -0.0113284 -0.00731862 -0.0059842
20230401 -0.00473849 -0.00473849 -0.005699 -0.00503859 -0.00513911 -0.00339717 -0.00333061 -0.00181249 -0.00176477 -0.00553984 -6.64803e-05 -0.00443079 -0.0053809 -0.00244116 -0.002378 -0.00600406 -0.00398559 -0.00667439 -0.00731616 -0.00808206 -0.0081184 -0.00462522 -0.0053809 -0.00244116 -0.002378 -0.00600406 -0.00398559 -0.00667439 -0.00731616 -0.00808206 -0.0081184 -0.00462522
20230402 -0.00595395 -0.00595395 -0.0075946 -0.00753048 -0.00770678 -0.00743754 -0.00347252 -0.00370907 -0.00368251 -0.00209516 -0.0061167 0.00131779 -0.00720561 -0.00552177 -0.00161038 -0.000205927 -0.0028513 -0.00113769 -0.00367762 -0.0039249 -0.00508505 -0.00478103 -0.00720561 -0.00552177 -0.00161038 -0.000205927 -0.0028513 -0.00113769 -0.00367762 -0.0039249 -0.00508505 -0.00478103
20230403 -0.00879524 -0.00879524 -0.00951782 -0.00961607 -0.009437 -0.00976678 -0.00973032 -0.00731692 -0.00688754 -0.00517178 -0.00288332 -0.00603118 -0.0093038 -0.00850844 -0.007914 -0.00434583 -0.00107462 -0.00376616 -0.00359763 -0.0068992 -0.00796796 -0.00924291 -0.0093038 -0.00850844 -0.007914 -0.00434583 -0.00107462 -0.00376616 -0.00359763 -0.0068992 -0.00796796 -0.00924291
20230404 -0.00604897 -0.00604897 -0.00644918 -0.00627493 -0.00608747 -0.00517069 -0.00466864 -0.00445946 -0.00342379 -0.00379076 -0.00226914 -0.000359876 -0.00608973 -0.00679338 -0.00674006 -0.00532933 -0.000897524 0.00255445 -0.00123138 -0.00320262 -0.00647551 -0.00825873 -0.00608973 -0.00679338 -0.00674006 -0.00532933 -0.000897524 0.00255445 -0.00123138 -0.00320262 -0.00647551 -0.00825873
20230405 -0.00897485 -0.00897485 -0.010155 -0.0102066 -0.00963292 -0.0104138 -0.00972652 -0.00998301 -0.00814859 -0.00744611 -0.00593284 -0.0063278 -0.00928997 -0.0127414 -0.0127856 -0.0116585 -0.0100996 -0.00553327 -0.00379996 -0.00789268 -0.00858003 -0.0102328 -0.00928997 -0.0127414 -0.0127856 -0.0116585 -0.0100996 -0.00553327 -0.00379996 -0.00789268 -0.00858003 -0.0102328
20230406 -0.0102986 -0.0102986 -0.0114727 -0.0119944 -0.0116671 -0.012718 -0.011859 -0.0124387 -0.0103708 -0.0104318 -0.00742006 -0.00802865 -0.0111038 -0.010513 -0.0137638 -0.0125611 -0.0108243 -0.0100722 -0.0052466 -0.00351851 -0.00657089 -0.00582908 -0.0111038 -0.010513 -0.0137638 -0.0125611 -0.0108243 -0.0100722 -0.0052466 -0.00351851 -0.00657089 -0.00582908
20230407 -0.0100947 -0.0100947 -0.0106581 -0.0113143 -0.0123709 -0.0114765 -0.0124626 -0.0140991 -0.012719 -0.0129979 -0.0128506 -0.0100516 -0.010565 -0.014436 -0.0143565 -0.0186468 -0.0177038 -0.0155804 -0.0149526 -0.00933432 -0.00681182 -0.00858446 -0.010565 -0.014436 -0.0143565 -0.0186468 -0.0177038 -0.0155804 -0.0149526 -0.00933432 -0.00681182 -0.00858446
20230408 -0.00638898 -0.00638898 -0.00801528 -0.00815158 -0.00810174 -0.00669646 -0.00742385 -0.00749074 -0.0100016 -0.00961885 -0.0087033 -0.0102936 -0.00783163 -0.00939374 -0.0134538 -0.0122641 -0.0157489 -0.014074 -0.0112448 -0.0106775 -0.00469369 -0.0016575 -0.00783163 -0.00939374 -0.0134538 -0.0122641 -0.0157489 -0.014074 -0.0112448 -0.0106775 -0.00469369 -0.0016575
20230409 -0.00392963 -0.00392963 -0.00559232 -0.00563578 -0.00556145 -0.00518886 -0.00208074 -0.00197231 -0.000198589 -0.00162536 -0.00175423 -0.00169625 -0.00518333 -0.00212426 -0.00321555 -0.00679149 -0.0053929 -0.00809323 -0.00734538 -0.00594241 -0.00634423 -0.000506809 -0.00518333 -0.00212426 -0.00321555 -0.00679149 -0.0053929 -0.00809323 -0.00734538 -0.00594241 -0.00634423 -0.000506809
20230410 -0.00750507 -0.00750507 -0.00784047 -0.00827947 -0.00803294 -0.00857443 -0.00868003 -0.00400885 -0.00509594 -0.00379266 -0.00554707 -0.000865015 -0.0076944 -0.00499817 -0.00206824 -0.0037593 -0.00713169 -0.00585244 -0.00761846 -0.007053 -0.00564669 -0.00703979 -0.0076944 -0.00499817 -0.00206824 -0.0037593 -0.00713169 -0.00585244 -0.00761846 -0.007053 -0.00564669 -0.00703979
20230411 -0.00768017 -0.00768017 -0.00949594 -0.00968171 -0.0099293 -0.0101227 -0.00964032 -0.00963984 -0.00589991 -0.00667263 -0.00534037 -0.0036267 -0.0092226 -0.00797328 -0.00593757 -0.00303695 -0.00367813 -0.0073173 -0.00603997 -0.00532278 -0.00452605 -0.00298652 -0.0092226 -0.00797328 -0.00593757 -0.00303695 -0.00367813 -0.0073173 -0.00603997 -0.00532278 -0.00452605 -0.00298652
20230412 -0.00402163 -0.00402163 -0.00644501 -0.00634379 -0.00532913 -0.00619137 -0.00717028 -0.00793117 -0.0068893 -0.00198959 -0.00316144 -0.00255045 -0.00396541 -0.00604479 -0.0050325 -0.00380074 -0.000299856 0.00124301 -0.000691069 -0.000279907 -0.00145299 -0.00208021 -0.00396541 -0.00604479 -0.0050325 -0.00380074 -0.000299856 0.00124301 -0.000691069 -0.000279907 -0.00145299 -0.00208021
20230413 -0.00785517 -0.00785517 -0.00883847 -0.0119828 -0.0117721 -0.0116742 -0.011539 -0.0119237 -0.0137464 -0.0153039 -0.0108695 -0.01214 -0.0086003 -0.0110389 -0.0129406 -0.0115211 -0.00875627 -0.00542824 -0.00562851 -0.00914243 -0.0093828 -0.0108061 -0.0086003 -0.0110389 -0.0129406 -0.0115211 -0.00875627 -0.00542824 -0.00562851 -0.00914243 -0.0093828 -0.0108061
20230414 -0.00951882 -0.00951882 -0.0100316 -0.0100647 -0.0125786 -0.0122952 -0.0116 -0.012542 -0.0129307 -0.0152822 -0.0149619 -0.012892 -0.0101697 -0.0109411 -0.0130297 -0.0149142 -0.012856 -0.0104605 -0.00905924 -0.0109833 -0.015355 -0.0151139 -0.0101697 -0.0109411 -0.0130297 -0.0149142 -0.012856 -0.0104605 -0.00905924 -0.0109833 -0.015355 -0.0151139
20230415 -0.0132359 -0.0132359 -0.0146276 -0.014836 -0.0149949 -0.0177359 -0.0169484 -0.0176199 -0.0181878 -0.0187291 -0.0196436 -0.0206146 -0.01439 -0.0162868 -0.0181682 -0.0207554 -0.0220084 -0.0206004 -0.0179298 -0.0160204 -0.0161679 -0.0196002 -0.01439 -0.0162868 -0.0181682 -0.0207554 -0.0220084 -0.0206004 -0.0179298 -0.0160204 -0.0161679 -0.0196002
20230416 -0.00917525 -0.00917525 -0.00855861 -0.00811674 -0.00826295 -0.00759237 -0.00873718 -0.00885582 -0.01072 -0.00880595 -0.00868272 -0.0109914 -0.00831743 -0.00733119 -0.00922438 -0.01189 -0.0142925 -0.0139128 -0.0132528 -0.0111004 -0.0087853 -0.0085054 -0.00831743 -0.00733119 -0.00922438 -0.01189 -0.0142925 -0.0139128 -0.0132528 -0.0111004 -0.0087853 -0.0085054
20230417 -0.00772196 -0.00772196 -0.00694637 -0.00756548 -0.00711959 -0.00702461 -0.00815605 -0.00703832 -0.00665439 -0.0086404 -0.00674426 -0.00613441 -0.00660446 -0.00756256 -0.00813142 -0.0100058 -0.0114701 -0.014083 -0.0146449 -0.0145572 -0.0119204 -0.00890752 -0.00660446 -0.00756256 -0.00813142 -0.0100058 -0.0114701 -0.014083 -0.0146449 -0.0145572 -0.0119204 -0.00890752
20230418 -0.00333153 -0.00333153 -0.00327789 -0.00290166 -0.00300939 -0.00272689 -0.000829178 -0.00133551 -0.00544681 -0.00497317 -0.00350086 -0.0037419 -0.00270388 -0.00203975 -0.00436478 -0.00518659 -0.00631077 -0.00752261 -0.0103745 -0.0105601 -0.0095363 -0.00670094 -0.00270388 -0.00203975 -0.00436478 -0.00518659 -0.00631077 -0.00752261 -0.0103745 -0.0105601 -0.0095363 -0.00670094
20230419 -0.000471586 -0.000471586 -0.00118864 -0.000929447 -0.000443455 -0.000944799 -0.00102734 0.00169193 -0.000741883 -0.00232138 0.000635152 -0.000380944 0.000139148 -0.00188026 0.000115095 -0.00131848 -0.000693679 -0.0011735 -0.00184102 -0.00359045 -0.00343305 -0.0029554 0.000139148 -0.00188026 0.000115095 -0.00131848 -0.000693679 -0.0011735 -0.00184102 -0.00359045 -0.00343305 -0.0029554
20230420 -0.00688614 -0.00688614 -0.00620221 -0.00890811 -0.00932051 -0.00772304 -0.00821793 -0.00672301 -0.00571467 -0.00904566 -0.0145059 -0.0101158 -0.00547089 -0.00683999 -0.0101005 -0.00791021 -0.00849041 -0.00786815 -0.00849262 -0.00910752 -0.0109173 -0.011811 -0.00547089 -0.00683999 -0.0101005 -0.00791021 -0.00849041 -0.00786815 -0.00849262 -0.00910752 -0.0109173 -0.011811
20230421 -0.00086037 -0.00086037 0.000518247 0.0010013 -0.00168796 -0.00200454 -5.71981e-05 -0.000576963 0.000220727 0.00263167 -7.32634e-05 -0.00350623 0.000509736 0.00189868 0.000350281 -0.00049996 0.00210859 -0.000259473 -0.001152 -0.0029155 -0.00393536 -0.00638459 0.000509736 0.00189868 0.000350281 -0.00049996 0.00210859 -0.000259473 -0.001152 -0.0029155 -0.00393536 -0.00638459
20230422 0.00157296 0.00157296 0.00255362 0.00247572 0.00325252 0.00158816 0.000768322 0.00174562 0.000135315 0.00233251 0.00331267 0.000574871 0.00247098 -0.000606177 0.000543476 -0.000558263 -0.00150171 0.000260009 -0.00200738 -0.00270712 -0.00455914 -0.00680273 0.00247098 -0.000606177 0.000543476 -0.000558263 -0.00150171 0.000260009 -0.00200738 -0.00270712 -0.00455914 -0.00680273
20230423 0.00262686 0.00262686 0.00471328 0.00469206 0.00521967 0.00516114 0.00234302 0.00126108 0.00279899 0.00184209 -0.000104151 0.00251222 0.00448655 0.00166376 -0.00248304 -0.00093132 -0.00172326 -0.00205946 0.00126975 -0.000164189 -0.0018498 -0.00356523 0.00448655 0.00166376 -0.00248304 -0.00093132 -0.00172326 -0.00205946 0.00126975 -0.000164189 -0.0018498 -0.00356523
20230424 0.00655462 0.00655462 0.00899034 0.00873786 0.00879989 0.0097294 0.00984767 0.00767716 0.00747517 0.0108449 0.0114115 0.00814365 0.00886314 0.0111208 0.00896051 0.00634237 0.00825617 0.00810598 0.00868242 0.0106796 0.00894976 0.00800755 0.00886314 0.0111208 0.00896051 0.00634237 0.00825617 0.00810598 0.00868242 0.0106796 0.00894976 0.00800755
20230425 0.00156554 0.00156554 0.00177462 0.00207908 0.00265962 0.00288394 0.00320716 0.00286239 0.00338925 0.00467012 0.00725442 0.00827349 0.0017423 0.0038453 0.00738343 0.00556126 0.00273688 0.00406294 0.00501494 0.00647926 0.00796982 0.00710161 0.0017423 0.0038453 0.00738343 0.00556126 0.00273688 0.00406294 0.00501494 0.00647926 0.00796982 0.00710161
20230426 0.0017847 0.0017847 -0.000384603 -0.00012559 -0.000278963 0.000438484 -0.000240514 -0.000246478 0.00102053 -0.000794084 2.04839e-05 0.00178595 0.00115576 -0.00167126 0.000653429 0.00392605 0.00256865 0.00119059 0.00280282 0.00423188 0.00234431 0.00386056 0.00115576 -0.00167126 0.000653429 0.00392605 0.00256865 0.00119059 0.00280282 0.00423188 0.00234431 0.00386056
20230427 -0.00165777 -0.00165777 -0.00225808 -0.001926 -0.00128558 -0.000807057 -0.00053974 0.000200489 -0.000796489 -0.000915622 -0.0042508 -0.00302988 -0.00185327 -0.000680933 -0.00452653 -0.00362408 -0.000377884 -0.00173082 -0.00332321 -0.00169843 0.000589485 0.000812793 -0.00185327 -0.000680933 -0.00452653 -0.00362408 -0.000377884 -0.00173082 -0.00332321 -0.00169843 0.000589485 0.000812793
20230428 -0.00512721 -0.00512721 -0.00580384 -0.0056743 -0.00252324 -0.00208094 -0.00242728 -0.00175963 -0.000384202 -0.000304174 -0.00303328 -0.00467626 -0.00547305 -0.00622384 -0.00519942 -0.00836484 -0.00623812 -0.00269954 -0.00454629 -0.00488443 -0.00212083 -0.000453043 -0.00547305 -0.00622384 -0.00519942 -0.00836484 -0.00623812 -0.00269954 -0.00454629 -0.00488443 -0.00212083 -0.000453043
20230429 -0.00660415 -0.00660415 -0.00785405 -0.0083562 -0.0078707 -0.00714741 -0.00671608 -0.00786203 -0.00670808 -0.00635178 -0.0067283 -0.0103095 -0.00766292 -0.0136655 -0.014303 -0.012055 -0.0134388 -0.0118052 -0.00825567 -0.0099634 -0.0107033 -0.00777962 -0.00766292 -0.0136655 -0.014303 -0.012055 -0.0134388 -0.0118052 -0.00825567 -0.0099634 -0.0107033 -0.00777962
20230430 -0.00671961 -0.00671961 -0.00761837 -0.00716885 -0.00718204 -0.00745463 -0.00696578 -0.00600038 -0.00569868 -0.00445666 -0.00540031 -0.00645557 -0.00747939 -0.00348116 -0.00795035 -0.00781196 -0.00526613 -0.00720092 -0.00536394 -0.000622074 -0.00180365 -0.00448216 -0.00747939 -0.00348116 -0.00795035 -0.00781196 -0.00526613 -0.00720092 -0.00536394 -0.000622074 -0.00180365 -0.00448216
