20220101 0.0179426 0.0179426 0.0212972 0.0212662 0.0211296 0.0249028 0.0242322 0.0241972 0.0245421 0.0248718 0.0246637 0.0255666 0.0211571 0.0210373 0.0218584 0.0223052 0.026692 0.0261963 0.026879 0.0268422 0.02697 0.0274018 0.0211571 0.0210373 0.0218584 0.0223052 0.026692 0.0261963 0.026879 0.0268422 0.02697 0.0274018
20220102 0.0158859 0.0158859 0.0184761 0.0184614 0.0185605 0.0184475 0.0221296 0.0219998 0.0224152 0.022899 0.0228382 0.0226143 0.0183499 0.0188794 0.0200793 0.0208451 0.0207733 0.0243252 0.0239217 0.0248793 0.0245638 0.0251656 0.0183499 0.0188794 0.0200793 0.0208451 0.0207733 0.0243252 0.0239217 0.0248793 0.0245638 0.0251656
20220103 0.0172417 0.0172417 0.020323 0.0202133 0.0203998 0.0209027 0.0211699 0.0247842 0.0253732 0.0254247 0.0256868 0.0251868 0.0202598 0.0200649 0.0211445 0.0221379 0.022696 0.0224236 0.0250837 0.0254647 0.0269107 0.026645 0.0202598 0.0200649 0.0211445 0.0221379 0.022696 0.0224236 0.0250837 0.0254647 0.0269107 0.026645
20220104 0.0179751 0.0179751 0.0211958 0.0212207 0.0212284 0.0211988 0.0217117 0.0218531 0.0256263 0.0256548 0.0251091 0.025536 0.0211017 0.0215002 0.0221344 0.0225919 0.0230809 0.0238793 0.0238295 0.0264294 0.0268769 0.0274846 0.0211017 0.0215002 0.0221344 0.0225919 0.0230809 0.0238793 0.0238295 0.0264294 0.0268769 0.0274846
20220105 0.0174502 0.0174502 0.0215345 0.0216178 0.0218798 0.0218773 0.0220301 0.0220338 0.0225081 0.0244313 0.0245304 0.024727 0.0181085 0.0224337 0.0237 0.0228414 0.0219084 0.022491 0.0225116 0.0225246 0.0266829 0.0269147 0.0181085 0.0224337 0.0237 0.0228414 0.0219084 0.022491 0.0225116 0.0225246 0.0266829 0.0269147
20220106 0.0175973 0.0175973 0.0188919 0.0231161 0.0231583 0.0233611 0.0234655 0.0240664 0.0240327 0.0242703 0.0273418 0.0273562 0.0187953 0.0196849 0.0246333 0.024596 0.0239007 0.024028 0.0243297 0.0240065 0.024308 0.029097 0.0187953 0.0196849 0.0246333 0.024596 0.0239007 0.024028 0.0243297 0.0240065 0.024308 0.029097
20220107 0.0174705 0.0174705 0.0192239 0.0190948 0.0234098 0.0236548 0.0239272 0.0238024 0.0238482 0.0239861 0.0240887 0.0278734 0.0191103 0.0187788 0.019726 0.02497 0.0253904 0.0250511 0.0254854 0.0261 0.0269457 0.0277499 0.0191103 0.0187788 0.019726 0.02497 0.0253904 0.0250511 0.0254854 0.0261 0.0269457 0.0277499
20220108 0.0174242 0.0174242 0.02049 0.0204848 0.020567 0.0237135 0.0237709 0.0242859 0.0240925 0.0246597 0.0240003 0.0240923 0.0203639 0.0206023 0.020634 0.0204243 0.0250288 0.0255556 0.026015 0.0265601 0.0274211 0.0279216 0.0203639 0.0206023 0.020634 0.0204243 0.0250288 0.0255556 0.026015 0.0265601 0.0274211 0.0279216
20220109 0.0183601 0.0183601 0.021499 0.0217565 0.0218794 0.0220976 0.0265416 0.0265609 0.026627 0.0264189 0.0264878 0.026325 0.0215652 0.02136 0.0223682 0.0222743 0.0215536 0.0272942 0.0284286 0.0292728 0.0297624 0.0296046 0.0215652 0.02136 0.0223682 0.0222743 0.0215536 0.0272942 0.0284286 0.0292728 0.0297624 0.0296046
20220110 0.0190713 0.0190713 0.0231135 0.0231164 0.0232515 0.0235956 0.0235396 0.0273501 0.0275424 0.0275567 0.0277024 0.0285064 0.0230694 0.0231984 0.0233178 0.0243097 0.0244349 0.0240486 0.0287904 0.0294992 0.0299056 0.0302446 0.0230694 0.0231984 0.0233178 0.0243097 0.0244349 0.0240486 0.0287904 0.0294992 0.0299056 0.0302446
20220111 0.0169096 0.0169096 0.0210929 0.0209926 0.0210751 0.0209671 0.0208034 0.0213766 0.025441 0.025413 0.0255164 0.0252136 0.0210683 0.0213206 0.0222911 0.0219664 0.023493 0.0241137 0.0243358 0.0273977 0.0275273 0.0280961 0.0210683 0.0213206 0.0222911 0.0219664 0.023493 0.0241137 0.0243358 0.0273977 0.0275273 0.0280961
20220112 0.0159142 0.0159142 0.0206629 0.0207082 0.0207394 0.0209296 0.0213022 0.0212989 0.0214717 0.0265951 0.0261188 0.0262163 0.0164668 0.0212158 0.0219144 0.0227952 0.0231576 0.0241173 0.0247712 0.0249657 0.027589 0.0275997 0.0164668 0.0212158 0.0219144 0.0227952 0.0231576 0.0241173 0.0247712 0.0249657 0.027589 0.0275997
20220113 0.0172103 0.0172103 0.0185841 0.0229102 0.0230298 0.0231593 0.0229974 0.0230059 0.022957 0.0236091 0.0282855 0.0285237 0.01853 0.0184298 0.0238123 0.0245611 0.0257855 0.0257237 0.0255883 0.026745 0.0265254 0.0322135 0.01853 0.0184298 0.0238123 0.0245611 0.0257855 0.0257237 0.0255883 0.026745 0.0265254 0.0322135
20220114 0.0171897 0.0171897 0.0192464 0.0192258 0.025409 0.0253941 0.0254599 0.0256561 0.0260012 0.0261692 0.0263621 0.0288581 0.019131 0.0199945 0.0209088 0.0263812 0.0276803 0.0292602 0.0286332 0.0279179 0.0290418 0.0285476 0.019131 0.0199945 0.0209088 0.0263812 0.0276803 0.0292602 0.0286332 0.0279179 0.0290418 0.0285476
20220115 0.0180893 0.0180893 0.0209929 0.0210792 0.0211827 0.0261742 0.0263239 0.0263766 0.0267664 0.0274444 0.0267273 0.026769 0.0208139 0.0214488 0.021991 0.023403 0.0278202 0.0292093 0.0295508 0.029288 0.0297818 0.0310015 0.0208139 0.0214488 0.021991 0.023403 0.0278202 0.0292093 0.0295508 0.029288 0.0297818 0.0310015
20220116 0.0215651 0.0215651 0.0252464 0.0252568 0.0252522 0.0254272 0.0298116 0.0301432 0.0302451 0.0308433 0.0311364 0.0307426 0.0252631 0.0248318 0.0264169 0.0260125 0.0273652 0.0304491 0.0324401 0.0323448 0.0329118 0.0337706 0.0252631 0.0248318 0.0264169 0.0260125 0.0273652 0.0304491 0.0324401 0.0323448 0.0329118 0.0337706
20220117 0.0184957 0.0184957 0.021672 0.0217209 0.0217095 0.0217771 0.0217638 0.0247208 0.0251764 0.0251129 0.0252575 0.0260224 0.0215962 0.0223339 0.0228524 0.0233821 0.0230216 0.0241623 0.0273872 0.0275835 0.0277078 0.0277817 0.0215962 0.0223339 0.0228524 0.0233821 0.0230216 0.0241623 0.0273872 0.0275835 0.0277078 0.0277817
20220118 0.0179156 0.0179156 0.0227793 0.0227425 0.0227815 0.0228788 0.0232046 0.0230118 0.0261505 0.0262596 0.0261896 0.0255622 0.0227079 0.0237988 0.0248576 0.0242524 0.0251486 0.0247691 0.0253673 0.0273533 0.0273288 0.0276465 0.0227079 0.0237988 0.0248576 0.0242524 0.0251486 0.0247691 0.0253673 0.0273533 0.0273288 0.0276465
20220119 0.0185689 0.0185689 0.0230718 0.0231223 0.0232699 0.0233894 0.0235989 0.0238545 0.0239494 0.028413 0.028197 0.0275058 0.0190698 0.0247993 0.0250935 0.0248211 0.0247536 0.0253355 0.0248536 0.0253953 0.0267314 0.0280556 0.0190698 0.0247993 0.0250935 0.0248211 0.0247536 0.0253355 0.0248536 0.0253953 0.0267314 0.0280556
20220120 0.0186286 0.0186286 0.0198067 0.0240087 0.0240103 0.0243727 0.0246432 0.0244944 0.0248889 0.0244303 0.0279643 0.0279654 0.019708 0.0200663 0.0252284 0.0247312 0.024755 0.0246223 0.024383 0.024734 0.0247408 0.0270712 0.019708 0.0200663 0.0252284 0.0247312 0.024755 0.0246223 0.024383 0.024734 0.0247408 0.0270712
20220121 0.0169804 0.0169804 0.0183058 0.0182176 0.0220622 0.0219273 0.0223234 0.0226177 0.0226388 0.0225811 0.0225345 0.0257212 0.0183397 0.0181328 0.0192009 0.0226407 0.0229528 0.0230079 0.0231147 0.0229612 0.023255 0.0234776 0.0183397 0.0181328 0.0192009 0.0226407 0.0229528 0.0230079 0.0231147 0.0229612 0.023255 0.0234776
20220122 0.0165381 0.0165381 0.0190888 0.0192631 0.019151 0.0227221 0.0227253 0.0230806 0.0229445 0.023572 0.0233933 0.02387 0.0190789 0.0196032 0.0198305 0.0199249 0.0238442 0.0253264 0.0257778 0.0253383 0.0257209 0.025097 0.0190789 0.0196032 0.0198305 0.0199249 0.0238442 0.0253264 0.0257778 0.0253383 0.0257209 0.025097
20220123 0.0173211 0.0173211 0.0208929 0.0208849 0.0209278 0.0210713 0.0249199 0.0251221 0.0255395 0.0252063 0.0259945 0.0253939 0.0207914 0.020803 0.0222758 0.0214164 0.021199 0.0252734 0.0257972 0.0259423 0.0258317 0.0254858 0.0207914 0.020803 0.0222758 0.0214164 0.021199 0.0252734 0.0257972 0.0259423 0.0258317 0.0254858
20220124 0.0175929 0.0175929 0.0218006 0.0218114 0.0218717 0.0220438 0.0221146 0.0234844 0.0238429 0.024334 0.024757 0.0245666 0.0218116 0.0219762 0.0220641 0.0220595 0.0215318 0.0219466 0.0241127 0.0244161 0.0249577 0.0249038 0.0218116 0.0219762 0.0220641 0.0220595 0.0215318 0.0219466 0.0241127 0.0244161 0.0249577 0.0249038
20220125 0.0166629 0.0166629 0.0207009 0.0208256 0.0208318 0.0207542 0.0207999 0.0210733 0.0225497 0.0227827 0.0228893 0.0232242 0.0206328 0.0198873 0.0204646 0.0204224 0.0207767 0.0212538 0.0212282 0.0237305 0.0241295 0.0243648 0.0206328 0.0198873 0.0204646 0.0204224 0.0207767 0.0212538 0.0212282 0.0237305 0.0241295 0.0243648
20220126 0.0175507 0.0175507 0.0217026 0.0216299 0.0217948 0.0220204 0.0220694 0.0219581 0.0227158 0.0271232 0.0272701 0.0265829 0.018371 0.0216867 0.022026 0.0226104 0.0230076 0.024715 0.0250275 0.0249473 0.0276005 0.0278716 0.018371 0.0216867 0.022026 0.0226104 0.0230076 0.024715 0.0250275 0.0249473 0.0276005 0.0278716
20220127 0.0156021 0.0156021 0.0168951 0.0201401 0.0203288 0.020308 0.0204301 0.0207247 0.0208407 0.02126 0.0243225 0.0246992 0.0168552 0.0175947 0.0203515 0.0201105 0.0206334 0.0218539 0.0227059 0.0231783 0.0235167 0.0273756 0.0168552 0.0175947 0.0203515 0.0201105 0.0206334 0.0218539 0.0227059 0.0231783 0.0235167 0.0273756
20220128 0.0169149 0.0169149 0.0190286 0.0188315 0.0231668 0.023502 0.0235862 0.0235699 0.0237193 0.0239306 0.0237097 0.0242295 0.018901 0.0182913 0.0192513 0.0220362 0.0220112 0.0224603 0.0228994 0.0228989 0.0239104 0.025104 0.018901 0.0182913 0.0192513 0.0220362 0.0220112 0.0224603 0.0228994 0.0228989 0.0239104 0.025104
20220129 0.0164848 0.0164848 0.0197383 0.0197438 0.0199277 0.0237904 0.0242142 0.0245413 0.0244403 0.0246115 0.0244908 0.025148 0.0195903 0.0201342 0.0197131 0.019402 0.0227572 0.0229554 0.0227442 0.0230674 0.0244749 0.0245306 0.0195903 0.0201342 0.0197131 0.019402 0.0227572 0.0229554 0.0227442 0.0230674 0.0244749 0.0245306
20220130 0.0169071 0.0169071 0.0204582 0.0205309 0.0206256 0.0206855 0.0238757 0.0238133 0.0238659 0.0241543 0.0241168 0.0241386 0.0204574 0.0204287 0.0214942 0.0206691 0.0210241 0.0225294 0.022847 0.0231876 0.024682 0.0264116 0.0204574 0.0204287 0.0214942 0.0206691 0.0210241 0.0225294 0.022847 0.0231876 0.024682 0.0264116
20220131 0.0170862 0.0170862 0.0202731 0.0203772 0.0205723 0.0206959 0.0204286 0.0228228 0.023003 0.0234595 0.0234448 0.0238089 0.0201816 0.0202092 0.0209302 0.0210254 0.0206073 0.0215008 0.0233017 0.0234919 0.0235997 0.0247435 0.0201816 0.0202092 0.0209302 0.0210254 0.0206073 0.0215008 0.0233017 0.0234919 0.0235997 0.0247435
20220203 0.0186463 0.0186463 0.0202048 0.0231389 0.023269 0.0232855 0.0231497 0.0235408 0.0242075 0.023684 0.0275202 0.0283572 0.0201432 0.0196359 0.0234529 0.0223744 0.0226271 0.0238385 0.0247303 0.0245277 0.0247201 0.026986 0.0201432 0.0196359 0.0234529 0.0223744 0.0226271 0.0238385 0.0247303 0.0245277 0.0247201 0.026986
20220204 0.01818 0.01818 0.020542 0.0206894 0.0240595 0.0243491 0.0240961 0.0244819 0.0244632 0.0245591 0.0244825 0.0289766 0.0204326 0.0194516 0.0198262 0.0236432 0.0237761 0.0247652 0.0252616 0.0265284 0.0267241 0.0270464 0.0204326 0.0194516 0.0198262 0.0236432 0.0237761 0.0247652 0.0252616 0.0265284 0.0267241 0.0270464
20220205 0.0183245 0.0183245 0.0209024 0.020964 0.0211814 0.0244382 0.0247681 0.0247277 0.0252077 0.0250293 0.0251599 0.0255399 0.0207975 0.0208139 0.0208938 0.0213532 0.0244066 0.0258299 0.0276988 0.0277816 0.0290118 0.0289502 0.0207975 0.0208139 0.0208938 0.0213532 0.0244066 0.0258299 0.0276988 0.0277816 0.0290118 0.0289502
20220210 0.0152505 0.0152505 0.0167296 0.0212599 0.0213387 0.021657 0.0217885 0.0217873 0.0221003 0.0220519 0.024557 0.0242449 0.0167159 0.0177158 0.0223537 0.0225912 0.0220369 0.0227514 0.022733 0.0236189 0.0231663 0.02411 0.0167159 0.0177158 0.0223537 0.0225912 0.0220369 0.0227514 0.022733 0.0236189 0.0231663 0.02411
20220211 0.0155718 0.0155718 0.017102 0.0171211 0.019794 0.0199915 0.0197195 0.0200738 0.0204759 0.020408 0.0204568 0.02361 0.0170158 0.0171591 0.0178307 0.0209893 0.0213137 0.0212917 0.0220845 0.022081 0.022567 0.0231921 0.0170158 0.0171591 0.0178307 0.0209893 0.0213137 0.0212917 0.0220845 0.022081 0.022567 0.0231921
20220212 0.015271 0.015271 0.0173435 0.0172909 0.0173693 0.020673 0.02071 0.0208139 0.020974 0.0211936 0.0206788 0.0217739 0.0172978 0.0177006 0.0190242 0.0195055 0.0233905 0.0233527 0.0233078 0.0241923 0.0246411 0.0248575 0.0172978 0.0177006 0.0190242 0.0195055 0.0233905 0.0233527 0.0233078 0.0241923 0.0246411 0.0248575
20220213 0.0151914 0.0151914 0.0180115 0.017988 0.0179506 0.017898 0.0219122 0.0224327 0.0224356 0.0225545 0.0229965 0.0221892 0.0179088 0.0177057 0.018993 0.0195375 0.0200026 0.0232282 0.0229029 0.0229109 0.024537 0.0251311 0.0179088 0.0177057 0.018993 0.0195375 0.0200026 0.0232282 0.0229029 0.0229109 0.024537 0.0251311
20220214 0.0162525 0.0162525 0.0197133 0.0197527 0.019824 0.0200373 0.0201498 0.024655 0.0254121 0.0254392 0.0254322 0.0258097 0.0196407 0.0193752 0.0203107 0.020443 0.0205637 0.0217199 0.0248307 0.0242274 0.0251565 0.0267613 0.0196407 0.0193752 0.0203107 0.020443 0.0205637 0.0217199 0.0248307 0.0242274 0.0251565 0.0267613
20220215 0.0162937 0.0162937 0.0216152 0.0216243 0.0215604 0.0215587 0.0215355 0.0216004 0.0231687 0.0232762 0.0243703 0.0239444 0.0215854 0.0219362 0.0218385 0.021843 0.0220226 0.0225287 0.0232201 0.0256379 0.0251529 0.0262967 0.0215854 0.0219362 0.0218385 0.021843 0.0220226 0.0225287 0.0232201 0.0256379 0.0251529 0.0262967
20220216 0.016207 0.016207 0.0198235 0.0198684 0.0197764 0.0198524 0.0200134 0.0203369 0.0201591 0.0224397 0.0218104 0.0224228 0.0164402 0.0210518 0.0223989 0.0225502 0.0227592 0.0229354 0.0235027 0.0236902 0.0250467 0.0246891 0.0164402 0.0210518 0.0223989 0.0225502 0.0227592 0.0229354 0.0235027 0.0236902 0.0250467 0.0246891
20220217 0.0158915 0.0158915 0.0168918 0.0196243 0.0197507 0.0198678 0.0199113 0.0202408 0.0202099 0.0202481 0.0235441 0.0225667 0.0168318 0.0173796 0.0211612 0.0217588 0.0224986 0.0225847 0.0223891 0.0228871 0.0230756 0.0250004 0.0168318 0.0173796 0.0211612 0.0217588 0.0224986 0.0225847 0.0223891 0.0228871 0.0230756 0.0250004
20220218 0.0156723 0.0156723 0.0174505 0.0173595 0.0198205 0.0199936 0.0200194 0.0203008 0.0206343 0.0210454 0.0211663 0.0230437 0.0174077 0.018148 0.0193487 0.0215873 0.0224952 0.0223723 0.0220398 0.0226742 0.0232965 0.0234045 0.0174077 0.018148 0.0193487 0.0215873 0.0224952 0.0223723 0.0220398 0.0226742 0.0232965 0.0234045
20220219 0.0164929 0.0164929 0.018302 0.0183148 0.0185796 0.0213888 0.0216218 0.0219002 0.0221277 0.0226234 0.0226038 0.0234438 0.0181791 0.019734 0.0206817 0.0212781 0.0241032 0.025283 0.0254285 0.0261045 0.0265783 0.0273475 0.0181791 0.019734 0.0206817 0.0212781 0.0241032 0.025283 0.0254285 0.0261045 0.0265783 0.0273475
20220220 0.0163157 0.0163157 0.0192385 0.0193104 0.0194022 0.0193318 0.0223594 0.0224164 0.0226487 0.0228557 0.0234555 0.023602 0.0191768 0.019562 0.0218529 0.0222693 0.0227464 0.0262644 0.0271532 0.0265293 0.0278498 0.0284495 0.0191768 0.019562 0.0218529 0.0222693 0.0227464 0.0262644 0.0271532 0.0265293 0.0278498 0.0284495
20220221 0.0165611 0.0165611 0.019822 0.0198539 0.019959 0.0200821 0.0202824 0.022799 0.0226754 0.0229552 0.0227258 0.0238917 0.0197452 0.0202115 0.0212202 0.0231946 0.0234286 0.0233292 0.0260349 0.0262939 0.0255028 0.0262727 0.0197452 0.0202115 0.0212202 0.0231946 0.0234286 0.0233292 0.0260349 0.0262939 0.0255028 0.0262727
20220222 0.0155842 0.0155842 0.0199002 0.0199645 0.0200994 0.0201631 0.0201278 0.0203004 0.0238428 0.0240321 0.0236591 0.0239615 0.019832 0.0198903 0.0211713 0.0213393 0.0217825 0.021184 0.0209268 0.0237934 0.0237423 0.0235146 0.019832 0.0198903 0.0211713 0.0213393 0.0217825 0.021184 0.0209268 0.0237934 0.0237423 0.0235146
20220223 0.0175063 0.0175063 0.0223799 0.0223087 0.022253 0.0221519 0.0221459 0.0222698 0.0222135 0.0251434 0.0256229 0.024866 0.0182518 0.0215813 0.0212827 0.0207747 0.0208668 0.0209202 0.0206307 0.0205907 0.0226707 0.022277 0.0182518 0.0215813 0.0212827 0.0207747 0.0208668 0.0209202 0.0206307 0.0205907 0.0226707 0.022277
20220224 0.0175463 0.0175463 0.0191064 0.0223504 0.0223527 0.022196 0.022382 0.0224029 0.0224488 0.0225238 0.0232475 0.023557 0.0190092 0.0194547 0.0217773 0.0211269 0.0218594 0.021983 0.0220673 0.0218799 0.0216854 0.0229245 0.0190092 0.0194547 0.0217773 0.0211269 0.0218594 0.021983 0.0220673 0.0218799 0.0216854 0.0229245
20220225 0.0168465 0.0168465 0.0185415 0.0184494 0.0220972 0.0221238 0.0221879 0.0221975 0.0222733 0.0225596 0.0222403 0.0240697 0.0183556 0.0190881 0.0191745 0.0228126 0.023336 0.024597 0.0246871 0.0243994 0.0231246 0.022557 0.0183556 0.0190881 0.0191745 0.0228126 0.023336 0.024597 0.0246871 0.0243994 0.0231246 0.022557
20220226 0.0162379 0.0162379 0.0180284 0.0179222 0.0179821 0.0230975 0.0232023 0.0239821 0.024094 0.0239597 0.0241833 0.0240946 0.0179484 0.0190742 0.0208658 0.0208172 0.0248131 0.0253302 0.0261131 0.0266129 0.0263235 0.0251525 0.0179484 0.0190742 0.0208658 0.0208172 0.0248131 0.0253302 0.0261131 0.0266129 0.0263235 0.0251525
20220227 0.0172197 0.0172197 0.0201745 0.0201564 0.0203436 0.0205447 0.0236437 0.0235203 0.0242998 0.0245703 0.0250234 0.0246552 0.020042 0.0201179 0.0218311 0.0214684 0.0210149 0.0243227 0.0245739 0.0241773 0.0254362 0.0265897 0.020042 0.0201179 0.0218311 0.0214684 0.0210149 0.0243227 0.0245739 0.0241773 0.0254362 0.0265897
20220228 0.018973 0.018973 0.0219601 0.0218759 0.0219053 0.0220667 0.0221022 0.0255627 0.0253073 0.025806 0.0260853 0.0262852 0.0219724 0.022179 0.0219736 0.0229586 0.0230261 0.0233715 0.028388 0.0286602 0.0283664 0.027912 0.0219724 0.022179 0.0219736 0.0229586 0.0230261 0.0233715 0.028388 0.0286602 0.0283664 0.027912
20220313 0.017656 0.017656 0.0211028 0.0211699 0.0212068 0.0211995 0.0239871 0.0237342 0.0241002 0.0242009 0.0243279 0.0239861 0.0211036 0.0209236 0.0210499 0.021106 0.0212834 0.0240986 0.02461 0.0246042 0.0250576 0.0248026 0.0211036 0.0209236 0.0210499 0.021106 0.0212834 0.0240986 0.02461 0.0246042 0.0250576 0.0248026
20220314 0.0158355 0.0158355 0.0198354 0.0197411 0.0196667 0.0197843 0.019903 0.0224736 0.0222112 0.0227876 0.0222124 0.0228089 0.0196367 0.0199758 0.0203814 0.0202654 0.0203598 0.0207574 0.0230402 0.0233263 0.0233958 0.0231632 0.0196367 0.0199758 0.0203814 0.0202654 0.0203598 0.0207574 0.0230402 0.0233263 0.0233958 0.0231632
20220315 0.0170003 0.0170003 0.0210797 0.0212055 0.0210607 0.0210455 0.0212031 0.0211206 0.0226601 0.0228171 0.023483 0.0228169 0.0210563 0.0217655 0.0229715 0.0232759 0.0227473 0.0223537 0.0217591 0.0227652 0.0228818 0.0232593 0.0210563 0.0217655 0.0229715 0.0232759 0.0227473 0.0223537 0.0217591 0.0227652 0.0228818 0.0232593
20220316 0.0182723 0.0182723 0.0233945 0.0233326 0.0234776 0.0233961 0.0234454 0.0232748 0.0233529 0.0245287 0.0252553 0.0250148 0.0187922 0.0232652 0.0234532 0.0230539 0.0238406 0.0235246 0.0231973 0.0218953 0.0246003 0.0244271 0.0187922 0.0232652 0.0234532 0.0230539 0.0238406 0.0235246 0.0231973 0.0218953 0.0246003 0.0244271
20220317 0.0160496 0.0160496 0.017364 0.0223329 0.0224504 0.0222387 0.0225096 0.0225922 0.0227105 0.0227028 0.0246364 0.0251351 0.0173066 0.018267 0.0234007 0.023462 0.0228136 0.023554 0.0223209 0.0218012 0.0219752 0.0255324 0.0173066 0.018267 0.0234007 0.023462 0.0228136 0.023554 0.0223209 0.0218012 0.0219752 0.0255324
20220318 0.0181238 0.0181238 0.0204042 0.0203239 0.0265117 0.0267122 0.0266792 0.0267146 0.026973 0.0267446 0.0267996 0.0262327 0.0202779 0.0208124 0.0220767 0.0262331 0.0254226 0.0247547 0.0250386 0.0244392 0.0245145 0.0254952 0.0202779 0.0208124 0.0220767 0.0262331 0.0254226 0.0247547 0.0250386 0.0244392 0.0245145 0.0254952
20220319 0.0181383 0.0181383 0.0211506 0.0210512 0.0211662 0.0257135 0.0254455 0.0257986 0.0256115 0.0255337 0.0260335 0.0262252 0.0210642 0.0222126 0.0224437 0.0226995 0.0253632 0.0259073 0.0267275 0.0259932 0.0255639 0.0261462 0.0210642 0.0222126 0.0224437 0.0226995 0.0253632 0.0259073 0.0267275 0.0259932 0.0255639 0.0261462
20220320 0.0193472 0.0193472 0.0227525 0.0227911 0.0227187 0.0229636 0.0268743 0.0264439 0.0263373 0.0264245 0.0266631 0.0275776 0.022601 0.0234724 0.0251545 0.0244859 0.0250634 0.0262993 0.0277109 0.028531 0.027053 0.0270762 0.022601 0.0234724 0.0251545 0.0244859 0.0250634 0.0262993 0.0277109 0.028531 0.027053 0.0270762
20220321 0.0188926 0.0188926 0.0228494 0.0228075 0.0228129 0.0230258 0.0228793 0.0246933 0.0247524 0.0250714 0.0251541 0.0257665 0.0227302 0.0231121 0.0235675 0.0237122 0.0235008 0.0247612 0.0250217 0.0268218 0.0275499 0.0265171 0.0227302 0.0231121 0.0235675 0.0237122 0.0235008 0.0247612 0.0250217 0.0268218 0.0275499 0.0265171
20220322 0.0177485 0.0177485 0.0213618 0.0215276 0.0215453 0.0216467 0.0215978 0.0218867 0.0237751 0.0239908 0.024045 0.0245362 0.0213166 0.0212152 0.0222464 0.0213884 0.0211986 0.0212442 0.0231508 0.0245991 0.0250336 0.0242889 0.0213166 0.0212152 0.0222464 0.0213884 0.0211986 0.0212442 0.0231508 0.0245991 0.0250336 0.0242889
20220323 0.017543 0.017543 0.021887 0.0217906 0.0218631 0.0217908 0.0221562 0.0224755 0.0224392 0.0255549 0.0262093 0.0258221 0.018405 0.0219718 0.0221176 0.0224373 0.0221534 0.0229046 0.0223725 0.024132 0.0255055 0.0256612 0.018405 0.0219718 0.0221176 0.0224373 0.0221534 0.0229046 0.0223725 0.024132 0.0255055 0.0256612
20220324 0.017262 0.017262 0.0182374 0.0217357 0.0216004 0.0217454 0.0216734 0.0219271 0.0230442 0.0226534 0.0251824 0.0257185 0.0181569 0.0194015 0.0247469 0.0229775 0.0223328 0.0223574 0.0231281 0.022103 0.0233353 0.0256792 0.0181569 0.0194015 0.0247469 0.0229775 0.0223328 0.0223574 0.0231281 0.022103 0.0233353 0.0256792
20220325 0.0173948 0.0173948 0.0182416 0.0183623 0.0222133 0.0224437 0.0222951 0.0223077 0.0224595 0.0232031 0.0230407 0.0262121 0.0182415 0.0178847 0.0192945 0.0236872 0.0225093 0.0222673 0.0229271 0.0229577 0.0223717 0.0235357 0.0182415 0.0178847 0.0192945 0.0236872 0.0225093 0.0222673 0.0229271 0.0229577 0.0223717 0.0235357
20220326 0.0179368 0.0179368 0.0199729 0.0199729 0.0198397 0.0233471 0.0232675 0.0236538 0.0235788 0.024231 0.0238306 0.024372 0.0197144 0.0202914 0.0200512 0.0207903 0.0235417 0.0228536 0.0230574 0.0230425 0.0222712 0.0228877 0.0197144 0.0202914 0.0200512 0.0207903 0.0235417 0.0228536 0.0230574 0.0230425 0.0222712 0.0228877
20220327 0.0186792 0.0186792 0.0212874 0.0215717 0.0215717 0.0215907 0.0254557 0.0251487 0.0251299 0.0259596 0.0258085 0.0259339 0.0211814 0.0221601 0.0232842 0.0232775 0.0232244 0.026052 0.025725 0.0260229 0.0255101 0.0250013 0.0211814 0.0221601 0.0232842 0.0232775 0.0232244 0.026052 0.025725 0.0260229 0.0255101 0.0250013
20220328 0.0174122 0.0174122 0.0205332 0.0204575 0.0206457 0.0206456 0.0209014 0.0249249 0.0251733 0.0248304 0.0254684 0.0251684 0.0204243 0.0202189 0.0220661 0.0223827 0.0227941 0.0227226 0.0263657 0.0258282 0.0262032 0.026045 0.0204243 0.0202189 0.0220661 0.0223827 0.0227941 0.0227226 0.0263657 0.0258282 0.0262032 0.026045
20220329 0.0172018 0.0172018 0.0208165 0.0208721 0.0209234 0.0210395 0.0210396 0.0212967 0.0235116 0.0239443 0.0238844 0.0247529 0.020645 0.0202752 0.0206669 0.0211278 0.0212739 0.0219238 0.0225905 0.0257457 0.02563 0.0267912 0.020645 0.0202752 0.0206669 0.0211278 0.0212739 0.0219238 0.0225905 0.0257457 0.02563 0.0267912
20220330 0.0159995 0.0159995 0.0200625 0.0200884 0.0202378 0.0204867 0.0204235 0.0204237 0.0206731 0.0233944 0.0236311 0.0239932 0.0164664 0.0201107 0.0203102 0.0207597 0.0215329 0.0219518 0.0227042 0.0229104 0.0249437 0.0252103 0.0164664 0.0201107 0.0203102 0.0207597 0.0215329 0.0219518 0.0227042 0.0229104 0.0249437 0.0252103
20220331 0.0179118 0.0179118 0.0195849 0.0222681 0.0223719 0.0223096 0.0224419 0.0223853 0.0223856 0.0225249 0.0262695 0.0260938 0.0194552 0.0192756 0.0229076 0.0223544 0.0226996 0.0231834 0.0229022 0.0230085 0.0232794 0.0254131 0.0194552 0.0192756 0.0229076 0.0223544 0.0226996 0.0231834 0.0229022 0.0230085 0.0232794 0.0254131
20220409 0.016331 0.016331 0.0190808 0.0190806 0.0192411 0.0227127 0.0229058 0.0230645 0.023432 0.0233003 0.0232183 0.0231292 0.018975 0.0195103 0.0208441 0.0227583 0.0255613 0.0254039 0.0257107 0.0249561 0.0237418 0.0256043 0.018975 0.0195103 0.0208441 0.0227583 0.0255613 0.0254039 0.0257107 0.0249561 0.0237418 0.0256043
20220410 0.015662 0.015662 0.0192817 0.0193158 0.019316 0.019412 0.0239573 0.0236864 0.0242069 0.0253317 0.0248211 0.0246461 0.0192511 0.0190065 0.0204147 0.0216838 0.0236886 0.0273419 0.027174 0.0277634 0.0271829 0.0259385 0.0192511 0.0190065 0.0204147 0.0216838 0.0236886 0.0273419 0.027174 0.0277634 0.0271829 0.0259385
20220411 0.0160849 0.0160849 0.0192263 0.0192182 0.0192205 0.0192201 0.0193371 0.0233469 0.023074 0.0234319 0.0239227 0.0239787 0.0191854 0.0193797 0.0206212 0.0216463 0.0230914 0.0242036 0.0263394 0.0259649 0.0260334 0.025832 0.0191854 0.0193797 0.0206212 0.0216463 0.0230914 0.0242036 0.0263394 0.0259649 0.0260334 0.025832
20220412 0.0172099 0.0172099 0.0220271 0.0221544 0.0221825 0.0220721 0.0220722 0.0226965 0.0237955 0.0237823 0.023905 0.0238508 0.0220029 0.0218781 0.0222772 0.0213743 0.0215002 0.0227098 0.0227361 0.0244602 0.0242463 0.0241736 0.0220029 0.0218781 0.0222772 0.0213743 0.0215002 0.0227098 0.0227361 0.0244602 0.0242463 0.0241736
20220413 0.017473 0.017473 0.0217909 0.0218391 0.0220661 0.0222212 0.0219626 0.021963 0.0227325 0.0253464 0.0255458 0.0253901 0.0183672 0.0225232 0.0240019 0.0247108 0.0231509 0.0234367 0.0248907 0.0252048 0.0272382 0.0268185 0.0183672 0.0225232 0.0240019 0.0247108 0.0231509 0.0234367 0.0248907 0.0252048 0.0272382 0.0268185
20220414 0.0169045 0.0169045 0.018246 0.0220118 0.0221416 0.022031 0.0219024 0.0222925 0.0222926 0.0224201 0.0259773 0.0264294 0.0181615 0.0182044 0.0234946 0.0242808 0.0250579 0.024336 0.0247663 0.0252204 0.0250246 0.0269347 0.0181615 0.0182044 0.0234946 0.0242808 0.0250579 0.024336 0.0247663 0.0252204 0.0250246 0.0269347
20220415 0.0181092 0.0181092 0.0195595 0.0195484 0.0243447 0.0244283 0.0250332 0.0248078 0.0247796 0.0247797 0.0249013 0.0289343 0.019472 0.0200624 0.0206711 0.0262666 0.0267917 0.0270213 0.0267251 0.0274962 0.026947 0.0264456 0.019472 0.0200624 0.0206711 0.0262666 0.0267917 0.0270213 0.0267251 0.0274962 0.026947 0.0264456
20220416 0.0175242 0.0175242 0.0199473 0.0198814 0.0200587 0.0254245 0.0251775 0.0260955 0.0264878 0.0263122 0.0263121 0.0262771 0.0199125 0.0201897 0.0214019 0.0215025 0.0265793 0.0264856 0.0262489 0.0264404 0.0273066 0.0272222 0.0199125 0.0201897 0.0214019 0.0215025 0.0265793 0.0264856 0.0262489 0.0264404 0.0273066 0.0272222
20220417 0.0177471 0.0177471 0.0205584 0.0205934 0.0206914 0.0207302 0.0265319 0.0264559 0.0273076 0.0278631 0.0264379 0.0264385 0.0205089 0.0206146 0.0212613 0.0209924 0.0207864 0.0257437 0.0260982 0.0260851 0.0269157 0.0273961 0.0205089 0.0206146 0.0212613 0.0209924 0.0207864 0.0257437 0.0260982 0.0260851 0.0269157 0.0273961
20220418 0.0175903 0.0175903 0.0217317 0.0218363 0.0219604 0.022054 0.021958 0.0263932 0.026721 0.0273429 0.0276423 0.0272752 0.0216095 0.0218913 0.0225299 0.0226895 0.0224528 0.0227656 0.0276126 0.0278316 0.0283866 0.0299203 0.0216095 0.0218913 0.0225299 0.0226895 0.0224528 0.0227656 0.0276126 0.0278316 0.0283866 0.0299203
20220419 0.0166404 0.0166404 0.0201938 0.0203066 0.0203406 0.0206029 0.0207461 0.0205187 0.024712 0.0247718 0.0251032 0.0246241 0.0201606 0.020675 0.022257 0.0229143 0.0237339 0.0235803 0.0232485 0.027585 0.0272879 0.0276276 0.0201606 0.020675 0.022257 0.0229143 0.0237339 0.0235803 0.0232485 0.027585 0.0272879 0.0276276
20220420 0.0150385 0.0150385 0.0189819 0.0189866 0.019142 0.0191181 0.0194587 0.0200217 0.0201632 0.0233757 0.0241942 0.0242165 0.0158783 0.0203396 0.0210698 0.0222424 0.0228389 0.0239954 0.0245101 0.0239907 0.0272245 0.0277005 0.0158783 0.0203396 0.0210698 0.0222424 0.0228389 0.0239954 0.0245101 0.0239907 0.0272245 0.0277005
20220421 0.0160373 0.0160373 0.017645 0.0214761 0.0215111 0.0214831 0.0213838 0.021852 0.0219858 0.0223977 0.0269949 0.0277313 0.0176227 0.017302 0.0233378 0.0232558 0.0238648 0.0244751 0.0261819 0.0271294 0.0270098 0.0310464 0.0176227 0.017302 0.0233378 0.0232558 0.0238648 0.0244751 0.0261819 0.0271294 0.0270098 0.0310464
20220422 0.0171726 0.0171726 0.0185559 0.018585 0.0230717 0.0229807 0.0230498 0.0229524 0.0233093 0.0231865 0.0236519 0.0272421 0.0184711 0.0185624 0.0192978 0.0238963 0.0243684 0.0250316 0.0254172 0.0262699 0.0257443 0.0255463 0.0184711 0.0185624 0.0192978 0.0238963 0.0243684 0.0250316 0.0254172 0.0262699 0.0257443 0.0255463
20220423 0.0157385 0.0157385 0.0175115 0.0175999 0.0177387 0.0206008 0.0206116 0.0208375 0.0207578 0.0210627 0.020399 0.021086 0.0174639 0.0184743 0.0197912 0.0202178 0.0229458 0.0237862 0.0245561 0.0240518 0.0253889 0.0255462 0.0174639 0.0184743 0.0197912 0.0202178 0.0229458 0.0237862 0.0245561 0.0240518 0.0253889 0.0255462
20220424 0.0166285 0.0166285 0.0190377 0.0191184 0.0192129 0.0191225 0.0222061 0.0220933 0.0224799 0.0224314 0.0226712 0.0221701 0.0189824 0.0196275 0.0215042 0.0219295 0.0217623 0.0247661 0.0254203 0.0264946 0.026404 0.0276793 0.0189824 0.0196275 0.0215042 0.0219295 0.0217623 0.0247661 0.0254203 0.0264946 0.026404 0.0276793
20220425 0.0176311 0.0176311 0.0213912 0.0214891 0.0215779 0.0215754 0.0217158 0.0276861 0.0275906 0.0276318 0.0281881 0.0278277 0.0213397 0.0214765 0.0224431 0.0236422 0.0234113 0.0239388 0.028945 0.0289524 0.0288472 0.0285837 0.0213397 0.0214765 0.0224431 0.0236422 0.0234113 0.0239388 0.028945 0.0289524 0.0288472 0.0285837
20220426 0.0182842 0.0182842 0.0228879 0.0229771 0.0230507 0.0231021 0.0231496 0.0227619 0.0257273 0.0258433 0.0259608 0.0262617 0.0228071 0.0230997 0.0236635 0.0244537 0.0253009 0.0250671 0.0252733 0.0289529 0.0289322 0.0285716 0.0228071 0.0230997 0.0236635 0.0244537 0.0253009 0.0250671 0.0252733 0.0289529 0.0289322 0.0285716
20220427 0.0192363 0.0192363 0.0243318 0.0242831 0.0243574 0.0247627 0.0246063 0.0247484 0.0247892 0.0254769 0.0255917 0.0252113 0.0198379 0.0249166 0.0255987 0.0262389 0.026496 0.0267469 0.0269456 0.0261508 0.0283211 0.0287276 0.0198379 0.0249166 0.0255987 0.0262389 0.026496 0.0267469 0.0269456 0.0261508 0.0283211 0.0287276
20220428 0.0178844 0.0178844 0.0197295 0.0248476 0.0247205 0.0248087 0.0249866 0.0251582 0.0249546 0.0250203 0.027464 0.0273045 0.0196412 0.0190636 0.0242596 0.025278 0.0254169 0.0263066 0.0264476 0.0272183 0.0267194 0.0287988 0.0196412 0.0190636 0.0242596 0.025278 0.0254169 0.0263066 0.0264476 0.0272183 0.0267194 0.0287988
20220429 0.0165467 0.0165467 0.0191845 0.0191491 0.0219957 0.0219474 0.0220414 0.022056 0.0220532 0.0220753 0.0221388 0.0259774 0.0191135 0.0184002 0.0194664 0.0220851 0.0235221 0.0244404 0.0258653 0.0256011 0.0258657 0.0258474 0.0191135 0.0184002 0.0194664 0.0220851 0.0235221 0.0244404 0.0258653 0.0256011 0.0258657 0.0258474
20220430 0.0142836 0.0142836 0.0173383 0.0173648 0.0173294 0.0201059 0.020354 0.0202618 0.0206424 0.0202239 0.0208223 0.0211181 0.0172471 0.0175175 0.0176281 0.0187311 0.0219493 0.0226105 0.0231298 0.0240895 0.0236583 0.0239208 0.0172471 0.0175175 0.0176281 0.0187311 0.0219493 0.0226105 0.0231298 0.0240895 0.0236583 0.0239208
20220503 0.0152732 0.0152732 0.0196267 0.0195952 0.0196341 0.019502 0.0193711 0.0197522 0.0227146 0.0232701 0.0231726 0.0229992 0.0195072 0.01916 0.0209002 0.0196122 0.0203223 0.0211434 0.0225078 0.0249841 0.0261263 0.027917 0.0195072 0.01916 0.0209002 0.0196122 0.0203223 0.0211434 0.0225078 0.0249841 0.0261263 0.027917
20220508 0.0181624 0.0181624 0.0225835 0.0227336 0.0228866 0.0229553 0.0281197 0.0279981 0.0286284 0.0288711 0.0285361 0.0283275 0.0224786 0.0226834 0.022931 0.0234096 0.0230405 0.0252576 0.024128 0.0242692 0.0256335 0.0267081 0.0224786 0.0226834 0.022931 0.0234096 0.0230405 0.0252576 0.024128 0.0242692 0.0256335 0.0267081
20220509 0.0180104 0.0180104 0.023033 0.0230523 0.0234063 0.0236804 0.0240868 0.0260042 0.0261838 0.0267872 0.0272683 0.027173 0.0229387 0.0231006 0.0224038 0.021904 0.0227075 0.0225872 0.0270081 0.0262378 0.0263988 0.0280455 0.0229387 0.0231006 0.0224038 0.021904 0.0227075 0.0225872 0.0270081 0.0262378 0.0263988 0.0280455
20220510 0.0171664 0.0171664 0.0227836 0.0227645 0.0230684 0.0229277 0.0228925 0.0230582 0.0258966 0.0265968 0.0276001 0.0273174 0.0227588 0.0235346 0.0251329 0.0246972 0.024795 0.0255223 0.0247822 0.0298058 0.0299034 0.0295258 0.0227588 0.0235346 0.0251329 0.0246972 0.024795 0.0255223 0.0247822 0.0298058 0.0299034 0.0295258
20220511 0.0173754 0.0173754 0.0223598 0.0225322 0.0226589 0.0222717 0.022511 0.0224338 0.0229405 0.0267412 0.026994 0.0281964 0.0185751 0.0225112 0.0239035 0.0252166 0.025282 0.0256323 0.0262182 0.0253684 0.0284425 0.0292846 0.0185751 0.0225112 0.0239035 0.0252166 0.025282 0.0256323 0.0262182 0.0253684 0.0284425 0.0292846
20220512 0.0166026 0.0166026 0.0176672 0.0214503 0.0216433 0.0217084 0.0217999 0.0217988 0.0224905 0.0220887 0.0257361 0.0259046 0.0176284 0.0177862 0.0220524 0.022555 0.0231381 0.0220854 0.0224216 0.0226282 0.0226627 0.026822 0.0176284 0.0177862 0.0220524 0.022555 0.0231381 0.0220854 0.0224216 0.0226282 0.0226627 0.026822
20220513 0.01688 0.01688 0.0194281 0.0194856 0.0233742 0.0232748 0.0234594 0.0237337 0.0238324 0.0241355 0.0240058 0.0262932 0.0192872 0.0192037 0.0195644 0.0238302 0.0237185 0.0233879 0.0228243 0.023073 0.0238047 0.024371 0.0192872 0.0192037 0.0195644 0.0238302 0.0237185 0.0233879 0.0228243 0.023073 0.0238047 0.024371
20220514 0.0190295 0.0190295 0.0221776 0.0221423 0.0221066 0.0282747 0.0281356 0.0280727 0.0278841 0.0281155 0.0288367 0.0285036 0.0221142 0.0218141 0.0214954 0.02148 0.0268418 0.0272944 0.0270982 0.0269646 0.0276037 0.0285312 0.0221142 0.0218141 0.0214954 0.02148 0.0268418 0.0272944 0.0270982 0.0269646 0.0276037 0.0285312
20220515 0.019033 0.019033 0.0246595 0.0245348 0.0247881 0.0245944 0.0295452 0.0294349 0.0299306 0.0298082 0.0304253 0.0309147 0.0245922 0.0244114 0.0269276 0.0254112 0.0256699 0.0314169 0.0322849 0.0318863 0.0318252 0.033094 0.0245922 0.0244114 0.0269276 0.0254112 0.0256699 0.0314169 0.0322849 0.0318863 0.0318252 0.033094
20220516 0.0187345 0.0187345 0.0261005 0.0260209 0.0261808 0.0263171 0.0259895 0.0301184 0.0303239 0.0297815 0.0314271 0.0306648 0.0259917 0.0249908 0.0256585 0.0267486 0.0263103 0.026503 0.0307944 0.0305762 0.0305391 0.0319279 0.0259917 0.0249908 0.0256585 0.0267486 0.0263103 0.026503 0.0307944 0.0305762 0.0305391 0.0319279
20220517 0.0189081 0.0189081 0.0260154 0.0260837 0.0260668 0.0259176 0.0264839 0.0262105 0.0300593 0.030711 0.0306227 0.0310509 0.0260091 0.025075 0.0253034 0.0258231 0.0262009 0.0262925 0.0256114 0.0296679 0.0286657 0.0294403 0.0260091 0.025075 0.0253034 0.0258231 0.0262009 0.0262925 0.0256114 0.0296679 0.0286657 0.0294403
20220518 0.0186729 0.0186729 0.0246549 0.0246271 0.0244951 0.0245871 0.0246404 0.0246021 0.0249443 0.028493 0.0287287 0.0286124 0.01933 0.0253142 0.0262793 0.0260553 0.0271666 0.0275646 0.026833 0.025255 0.0304014 0.0281638 0.01933 0.0253142 0.0262793 0.0260553 0.0271666 0.0275646 0.026833 0.025255 0.0304014 0.0281638
20220519 0.0189099 0.0189099 0.0204744 0.0241383 0.0241822 0.0242463 0.0243487 0.024314 0.0248256 0.0245734 0.029495 0.0298296 0.0203989 0.0203854 0.0252542 0.0262937 0.0265663 0.0270777 0.0276516 0.027526 0.0266058 0.0313731 0.0203989 0.0203854 0.0252542 0.0262937 0.0265663 0.0270777 0.0276516 0.027526 0.0266058 0.0313731
20220520 0.0190699 0.0190699 0.0213827 0.021459 0.0251492 0.0249283 0.0247381 0.0252874 0.0252835 0.0258557 0.0257004 0.031061 0.0212806 0.0207136 0.0212913 0.0266378 0.0271234 0.0276273 0.0277434 0.0280639 0.0283953 0.0284172 0.0212806 0.0207136 0.0212913 0.0266378 0.0271234 0.0276273 0.0277434 0.0280639 0.0283953 0.0284172
20220521 0.0192313 0.0192313 0.0233985 0.0234866 0.0233955 0.0268831 0.026746 0.0267838 0.026921 0.0276162 0.0273418 0.0278613 0.0232332 0.0237439 0.0234865 0.022823 0.0287244 0.0294835 0.0302777 0.0295701 0.0293745 0.0299983 0.0232332 0.0237439 0.0234865 0.022823 0.0287244 0.0294835 0.0302777 0.0295701 0.0293745 0.0299983
20220522 0.019112 0.019112 0.0239777 0.0240605 0.0240994 0.0241716 0.0267226 0.0268043 0.0269552 0.0265801 0.0266365 0.0269605 0.0239214 0.02331 0.024344 0.0241206 0.0236322 0.0280783 0.0285944 0.0294338 0.0292804 0.0298754 0.0239214 0.02331 0.024344 0.0241206 0.0236322 0.0280783 0.0285944 0.0294338 0.0292804 0.0298754
20220523 0.0181919 0.0181919 0.0232109 0.0231693 0.0231952 0.023217 0.0232764 0.0259675 0.0258459 0.0260645 0.0262237 0.0257643 0.023108 0.0231887 0.023875 0.0241175 0.0236424 0.0238195 0.0270787 0.0283476 0.0297215 0.0302995 0.023108 0.0231887 0.023875 0.0241175 0.0236424 0.0238195 0.0270787 0.0283476 0.0297215 0.0302995
20220524 0.0180522 0.0180522 0.0221951 0.0221969 0.0222444 0.0222075 0.022197 0.0225971 0.0236926 0.0242171 0.0241709 0.0245675 0.0221341 0.0220661 0.0234513 0.0236993 0.0226863 0.0227974 0.0242744 0.0272443 0.0285633 0.0299123 0.0221341 0.0220661 0.0234513 0.0236993 0.0226863 0.0227974 0.0242744 0.0272443 0.0285633 0.0299123
