20220101 0.102615 0.102615 0.106615 0.107062 0.107654 0.116866 0.115929 0.117824 0.117472 0.11715 0.118238 0.120801 0.106629 0.111012 0.112249 0.113089 0.120563 0.121717 0.121053 0.120556 0.122268 0.118675 0.106629 0.111012 0.112249 0.113089 0.120563 0.121717 0.121053 0.120556 0.122268 0.118675
20220102 0.102946 0.102946 0.110063 0.110662 0.111381 0.111001 0.120276 0.120877 0.121975 0.12191 0.120338 0.12243 0.109977 0.111479 0.115571 0.116139 0.115682 0.123034 0.124205 0.123349 0.124458 0.125243 0.109977 0.111479 0.115571 0.116139 0.115682 0.123034 0.124205 0.123349 0.124458 0.125243
20220103 0.101516 0.101516 0.11056 0.110783 0.111029 0.112915 0.112593 0.123219 0.121351 0.121401 0.122848 0.122335 0.110386 0.112771 0.113694 0.116296 0.116508 0.117282 0.124951 0.124823 0.123606 0.123912 0.110386 0.112771 0.113694 0.116296 0.116508 0.117282 0.124951 0.124823 0.123606 0.123912
20220104 0.102978 0.102978 0.112521 0.112444 0.113028 0.113867 0.115196 0.117246 0.125937 0.12506 0.12376 0.124185 0.112397 0.114496 0.119494 0.119469 0.121462 0.122044 0.123282 0.127695 0.127476 0.124942 0.112397 0.114496 0.119494 0.119469 0.121462 0.122044 0.123282 0.127695 0.127476 0.124942
20220105 0.104953 0.104953 0.114095 0.113793 0.114205 0.114874 0.114622 0.117629 0.117244 0.127222 0.126522 0.125614 0.10675 0.115245 0.120542 0.123363 0.122895 0.123395 0.12473 0.124109 0.128839 0.128533 0.10675 0.115245 0.120542 0.123363 0.122895 0.123395 0.12473 0.124109 0.128839 0.128533
20220106 0.104314 0.104314 0.107015 0.113762 0.113636 0.114171 0.115984 0.115826 0.117174 0.120286 0.129826 0.131019 0.106895 0.111328 0.119948 0.123245 0.124114 0.124208 0.124248 0.126384 0.127396 0.133827 0.106895 0.111328 0.119948 0.123245 0.124114 0.124208 0.124248 0.126384 0.127396 0.133827
20220107 0.105919 0.105919 0.109854 0.109831 0.115777 0.116257 0.1158 0.11707 0.117742 0.118207 0.119239 0.129801 0.109657 0.108804 0.115568 0.120709 0.12232 0.123105 0.123233 0.122783 0.124367 0.126143 0.109657 0.108804 0.115568 0.120709 0.12232 0.123105 0.123233 0.122783 0.124367 0.126143
20220108 0.113015 0.113015 0.117562 0.117349 0.116975 0.124767 0.124894 0.124985 0.126182 0.128369 0.127891 0.129472 0.117229 0.120674 0.121385 0.122873 0.129319 0.132132 0.132912 0.132341 0.132876 0.133547 0.117229 0.120674 0.121385 0.122873 0.129319 0.132132 0.132912 0.132341 0.132876 0.133547
20220109 0.117375 0.117375 0.124255 0.124201 0.124455 0.124176 0.129632 0.129469 0.129828 0.13124 0.134215 0.135167 0.124049 0.125439 0.12774 0.127046 0.127592 0.133797 0.13734 0.138572 0.139277 0.141283 0.124049 0.125439 0.12774 0.127046 0.127592 0.133797 0.13734 0.138572 0.139277 0.141283
20220110 0.116955 0.116955 0.123734 0.123956 0.124034 0.124547 0.124353 0.129254 0.129651 0.129182 0.13035 0.133302 0.12358 0.125668 0.127956 0.12838 0.125757 0.127707 0.134673 0.139047 0.139027 0.13923 0.12358 0.125668 0.127956 0.12838 0.125757 0.127707 0.134673 0.139047 0.139027 0.13923
20220111 0.112285 0.112285 0.120236 0.120499 0.121139 0.121193 0.122632 0.123903 0.129682 0.130312 0.130227 0.13075 0.120298 0.123995 0.128092 0.128975 0.129368 0.124624 0.127443 0.135241 0.139278 0.137882 0.120298 0.123995 0.128092 0.128975 0.129368 0.124624 0.127443 0.135241 0.139278 0.137882
20220112 0.10899 0.10899 0.117895 0.117975 0.117986 0.119301 0.118924 0.120506 0.121184 0.13008 0.129338 0.130389 0.109573 0.118944 0.123369 0.125439 0.124894 0.126724 0.123698 0.125748 0.133172 0.13751 0.109573 0.118944 0.123369 0.125439 0.124894 0.126724 0.123698 0.125748 0.133172 0.13751
20220113 0.106823 0.106823 0.108843 0.117644 0.118178 0.118128 0.11851 0.1188 0.119119 0.119545 0.124232 0.124069 0.108656 0.108798 0.11958 0.120137 0.121557 0.120077 0.121478 0.119749 0.120924 0.125586 0.108656 0.108798 0.11958 0.120137 0.121557 0.120077 0.121478 0.119749 0.120924 0.125586
20220114 0.102668 0.102668 0.105292 0.10519 0.112724 0.112862 0.113554 0.114124 0.114888 0.114468 0.115282 0.119936 0.10514 0.106649 0.108612 0.116364 0.116832 0.11812 0.115872 0.11774 0.117826 0.120097 0.10514 0.106649 0.108612 0.116364 0.116832 0.11812 0.115872 0.11774 0.117826 0.120097
20220115 0.101865 0.101865 0.107006 0.107158 0.107652 0.115022 0.115684 0.116339 0.116429 0.117361 0.11753 0.118888 0.106937 0.108489 0.110623 0.110852 0.118724 0.119494 0.120659 0.11605 0.118872 0.11931 0.106937 0.108489 0.110623 0.110852 0.118724 0.119494 0.120659 0.11605 0.118872 0.11931
20220116 0.108882 0.108882 0.115131 0.115193 0.115425 0.116142 0.12448 0.125616 0.124015 0.124158 0.125367 0.125132 0.115036 0.114666 0.118203 0.118089 0.117403 0.126033 0.126251 0.127107 0.122865 0.125408 0.115036 0.114666 0.118203 0.118089 0.117403 0.126033 0.126251 0.127107 0.122865 0.125408
20220117 0.104028 0.104028 0.112453 0.112242 0.112859 0.113327 0.113395 0.120031 0.119128 0.121489 0.12288 0.121544 0.112237 0.113702 0.11492 0.113326 0.112848 0.112532 0.121792 0.120443 0.121981 0.122798 0.112237 0.113702 0.11492 0.113326 0.112848 0.112532 0.121792 0.120443 0.121981 0.122798
20220118 0.107067 0.107067 0.117341 0.117146 0.117646 0.118047 0.11807 0.118339 0.124512 0.125453 0.12843 0.130477 0.116888 0.120846 0.123274 0.120411 0.118896 0.118303 0.120184 0.127233 0.12615 0.127578 0.116888 0.120846 0.123274 0.120411 0.118896 0.118303 0.120184 0.127233 0.12615 0.127578
20220119 0.108478 0.108478 0.121535 0.1212 0.121912 0.12166 0.122517 0.122827 0.122655 0.130997 0.130991 0.134025 0.109868 0.121346 0.124236 0.126897 0.125154 0.124614 0.1242 0.124165 0.134255 0.133519 0.109868 0.121346 0.124236 0.126897 0.125154 0.124614 0.1242 0.124165 0.134255 0.133519
20220120 0.110182 0.110182 0.112487 0.12268 0.123696 0.124202 0.124668 0.12534 0.125177 0.127437 0.131877 0.133337 0.112595 0.115163 0.124751 0.125611 0.127589 0.128453 0.127324 0.126738 0.125678 0.135391 0.112595 0.115163 0.124751 0.125611 0.127589 0.128453 0.127324 0.126738 0.125678 0.135391
20220121 0.111989 0.111989 0.116465 0.116578 0.126138 0.126134 0.127857 0.127052 0.128901 0.128488 0.130722 0.134161 0.116572 0.117282 0.120179 0.127617 0.128587 0.130907 0.13227 0.130629 0.128375 0.1259 0.116572 0.117282 0.120179 0.127617 0.128587 0.130907 0.13227 0.130629 0.128375 0.1259
20220122 0.109731 0.109731 0.116349 0.116247 0.116578 0.124429 0.124469 0.126146 0.12595 0.128133 0.127433 0.129679 0.116166 0.116777 0.120459 0.120748 0.12762 0.128171 0.13142 0.130666 0.130384 0.127311 0.116166 0.116777 0.120459 0.120748 0.12762 0.128171 0.13142 0.130666 0.130384 0.127311
20220123 0.106165 0.106165 0.112956 0.113001 0.112908 0.112984 0.118504 0.119071 0.120899 0.120061 0.121049 0.121209 0.112918 0.113028 0.114389 0.117063 0.117404 0.123441 0.123153 0.126482 0.125401 0.125873 0.112918 0.113028 0.114389 0.117063 0.117404 0.123441 0.123153 0.126482 0.125401 0.125873
20220124 0.104026 0.104026 0.111215 0.111383 0.112042 0.111947 0.112344 0.119713 0.120185 0.121134 0.120775 0.122224 0.110807 0.111497 0.112809 0.113689 0.115422 0.115656 0.121325 0.120881 0.12277 0.121144 0.110807 0.111497 0.112809 0.113689 0.115422 0.115656 0.121325 0.120881 0.12277 0.121144
20220125 0.103715 0.103715 0.113055 0.113372 0.113698 0.114218 0.114938 0.116496 0.121772 0.123341 0.123551 0.123122 0.112889 0.114029 0.114491 0.114664 0.113339 0.115901 0.1158 0.120008 0.11959 0.1223 0.112889 0.114029 0.114491 0.114664 0.113339 0.115901 0.1158 0.120008 0.11959 0.1223
20220126 0.10074 0.10074 0.111987 0.112347 0.112664 0.112612 0.113515 0.114296 0.114541 0.122747 0.124238 0.124191 0.102783 0.112032 0.112448 0.113426 0.113205 0.111075 0.11229 0.110453 0.116658 0.118419 0.102783 0.112032 0.112448 0.113426 0.113205 0.111075 0.11229 0.110453 0.116658 0.118419
20220127 0.101747 0.101747 0.104439 0.112854 0.113042 0.113673 0.114251 0.115739 0.115323 0.115894 0.124351 0.126444 0.104103 0.104869 0.113966 0.112882 0.113934 0.113256 0.112591 0.112979 0.112737 0.119244 0.104103 0.104869 0.113966 0.112882 0.113934 0.113256 0.112591 0.112979 0.112737 0.119244
20220128 0.104074 0.104074 0.108426 0.108365 0.114743 0.115347 0.116475 0.116937 0.117417 0.117808 0.119404 0.1284 0.108252 0.11016 0.112396 0.118569 0.117757 0.118996 0.118328 0.117888 0.119841 0.120732 0.108252 0.11016 0.112396 0.118569 0.117757 0.118996 0.118328 0.117888 0.119841 0.120732
20220129 0.102723 0.102723 0.109226 0.109112 0.109172 0.115022 0.116118 0.116214 0.116813 0.11639 0.115982 0.118348 0.109097 0.108384 0.111404 0.112195 0.117421 0.116295 0.119389 0.118776 0.118917 0.120982 0.109097 0.108384 0.111404 0.112195 0.117421 0.116295 0.119389 0.118776 0.118917 0.120982
20220130 0.102908 0.102908 0.110683 0.110809 0.110547 0.110399 0.11455 0.115114 0.115608 0.117647 0.117085 0.116002 0.110523 0.11203 0.112757 0.113905 0.114217 0.117134 0.117068 0.120677 0.121444 0.122708 0.110523 0.11203 0.112757 0.113905 0.114217 0.117134 0.117068 0.120677 0.121444 0.122708
20220131 0.105138 0.105138 0.111166 0.111186 0.111357 0.111671 0.11177 0.116472 0.117376 0.117409 0.119177 0.118448 0.11133 0.114001 0.116366 0.116559 0.116666 0.116223 0.117391 0.120011 0.124025 0.124118 0.11133 0.114001 0.116366 0.116559 0.116666 0.116223 0.117391 0.120011 0.124025 0.124118
20220203 0.109621 0.109621 0.112515 0.120818 0.121219 0.121299 0.121933 0.123019 0.123488 0.123457 0.12636 0.127665 0.112339 0.113677 0.124182 0.123728 0.123497 0.122345 0.123013 0.125025 0.125506 0.128838 0.112339 0.113677 0.124182 0.123728 0.123497 0.122345 0.123013 0.125025 0.125506 0.128838
20220204 0.110784 0.110784 0.115911 0.115994 0.123406 0.12478 0.124358 0.125361 0.125977 0.127499 0.12761 0.132153 0.115791 0.119664 0.122594 0.12934 0.128737 0.128255 0.127859 0.129623 0.130992 0.132323 0.115791 0.119664 0.122594 0.12934 0.128737 0.128255 0.127859 0.129623 0.130992 0.132323
20220205 0.11085 0.11085 0.117174 0.1173 0.117429 0.124025 0.124946 0.124825 0.125713 0.126381 0.126238 0.126519 0.116993 0.118459 0.122167 0.123324 0.129609 0.129486 0.128434 0.129332 0.129865 0.130978 0.116993 0.118459 0.122167 0.123324 0.129609 0.129486 0.128434 0.129332 0.129865 0.130978
20220210 0.10191 0.10191 0.104988 0.114712 0.115238 0.115865 0.11625 0.116432 0.11658 0.119195 0.124486 0.12495 0.104504 0.10758 0.117585 0.117201 0.117 0.11789 0.117284 0.118177 0.118189 0.123458 0.104504 0.10758 0.117585 0.117201 0.117 0.11789 0.117284 0.118177 0.118189 0.123458
20220211 0.103712 0.103712 0.108486 0.108972 0.117936 0.118067 0.119389 0.119024 0.118784 0.120235 0.121749 0.129272 0.108179 0.10957 0.113443 0.119561 0.117632 0.117512 0.117311 0.116239 0.116901 0.118887 0.108179 0.10957 0.113443 0.119561 0.117632 0.117512 0.117311 0.116239 0.116901 0.118887
20220212 0.105154 0.105154 0.110922 0.111231 0.111841 0.121432 0.122222 0.122141 0.1223 0.123449 0.125253 0.127608 0.110972 0.113666 0.115789 0.116898 0.125725 0.122626 0.122351 0.120879 0.120557 0.12122 0.110972 0.113666 0.115789 0.116898 0.125725 0.122626 0.122351 0.120879 0.120557 0.12122
20220213 0.108943 0.108943 0.11435 0.11426 0.115158 0.115584 0.122559 0.124629 0.124731 0.124238 0.126582 0.12475 0.114251 0.115401 0.118973 0.120309 0.12104 0.127318 0.124676 0.123822 0.123283 0.121955 0.114251 0.115401 0.118973 0.120309 0.12104 0.127318 0.124676 0.123822 0.123283 0.121955
20220214 0.110587 0.110587 0.117284 0.117776 0.117639 0.117513 0.118014 0.123253 0.123837 0.123946 0.124887 0.125314 0.116946 0.116099 0.118141 0.121409 0.122532 0.123863 0.126929 0.125326 0.12405 0.124226 0.116946 0.116099 0.118141 0.121409 0.122532 0.123863 0.126929 0.125326 0.12405 0.124226
20220215 0.110211 0.110211 0.118212 0.118396 0.119067 0.119003 0.118881 0.119018 0.121779 0.123869 0.124317 0.126247 0.117832 0.119706 0.120213 0.120171 0.121989 0.124995 0.126397 0.127683 0.125761 0.125968 0.117832 0.119706 0.120213 0.120171 0.121989 0.124995 0.126397 0.127683 0.125761 0.125968
20220216 0.108055 0.108055 0.11712 0.117197 0.11768 0.11793 0.117962 0.119115 0.119605 0.124647 0.124739 0.125514 0.109643 0.117362 0.120692 0.11912 0.11819 0.118868 0.122035 0.122357 0.125366 0.12397 0.109643 0.117362 0.120692 0.11912 0.11819 0.118868 0.122035 0.122357 0.125366 0.12397
20220217 0.104871 0.104871 0.108013 0.11533 0.115647 0.115878 0.1154 0.115578 0.11683 0.11536 0.122738 0.124638 0.10768 0.107958 0.117853 0.119777 0.118501 0.118024 0.118206 0.120271 0.120338 0.12373 0.10768 0.107958 0.117853 0.119777 0.118501 0.118024 0.118206 0.120271 0.120338 0.12373
20220218 0.101102 0.101102 0.106326 0.106663 0.113711 0.11371 0.114642 0.115144 0.115915 0.115129 0.118358 0.124421 0.106041 0.108323 0.109283 0.118338 0.120101 0.11912 0.118254 0.11924 0.122122 0.123417 0.106041 0.108323 0.109283 0.118338 0.120101 0.11912 0.118254 0.11924 0.122122 0.123417
20220219 0.104431 0.104431 0.111025 0.111224 0.111422 0.116038 0.117172 0.117552 0.117528 0.119466 0.118119 0.121139 0.110692 0.112357 0.116415 0.114028 0.120969 0.122114 0.121173 0.120575 0.121553 0.124754 0.110692 0.112357 0.116415 0.114028 0.120969 0.122114 0.121173 0.120575 0.121553 0.124754
20220220 0.106045 0.106045 0.112373 0.112755 0.113225 0.113859 0.1203 0.120308 0.120387 0.120843 0.123397 0.121292 0.112069 0.113113 0.116504 0.116201 0.113517 0.121731 0.122996 0.1221 0.124534 0.125629 0.112069 0.113113 0.116504 0.116201 0.113517 0.121731 0.122996 0.1221 0.124534 0.125629
20220221 0.10476 0.10476 0.11116 0.111469 0.111649 0.112517 0.112453 0.122318 0.122531 0.12299 0.122855 0.12474 0.11064 0.113432 0.11346 0.114787 0.11273 0.114044 0.122484 0.122397 0.121711 0.124911 0.11064 0.113432 0.11346 0.114787 0.11273 0.114044 0.122484 0.122397 0.121711 0.124911
20220222 0.108833 0.108833 0.113612 0.113535 0.113597 0.114812 0.115173 0.115856 0.127812 0.127773 0.130108 0.129911 0.113219 0.118743 0.12227 0.118794 0.119698 0.117615 0.119558 0.127096 0.127147 0.12685 0.113219 0.118743 0.12227 0.118794 0.119698 0.117615 0.119558 0.127096 0.127147 0.12685
20220223 0.111447 0.111447 0.11738 0.117438 0.117794 0.117546 0.117347 0.118834 0.119515 0.129374 0.129165 0.131835 0.112529 0.117722 0.12262 0.124597 0.122959 0.124149 0.121853 0.123501 0.129777 0.130262 0.112529 0.117722 0.12262 0.124597 0.122959 0.124149 0.121853 0.123501 0.129777 0.130262
20220224 0.106238 0.106238 0.109192 0.116547 0.116864 0.116504 0.116576 0.117884 0.118494 0.118123 0.127163 0.128119 0.108711 0.110117 0.120121 0.121444 0.122963 0.123351 0.123895 0.12315 0.12508 0.130275 0.108711 0.110117 0.120121 0.121444 0.122963 0.123351 0.123895 0.12315 0.12508 0.130275
20220225 0.109466 0.109466 0.113635 0.113403 0.120009 0.119919 0.119741 0.120835 0.121349 0.122058 0.121608 0.130494 0.11321 0.11463 0.116739 0.124256 0.125817 0.125795 0.128051 0.129379 0.128507 0.130907 0.11321 0.11463 0.116739 0.124256 0.125817 0.125795 0.128051 0.129379 0.128507 0.130907
20220226 0.116303 0.116303 0.120906 0.120984 0.121341 0.126074 0.125869 0.127184 0.127566 0.128087 0.128223 0.127844 0.120584 0.120376 0.123874 0.123543 0.129246 0.131569 0.127415 0.129705 0.130162 0.12964 0.120584 0.120376 0.123874 0.123543 0.129246 0.131569 0.127415 0.129705 0.130162 0.12964
20220227 0.11368 0.11368 0.119781 0.120152 0.120665 0.121244 0.124294 0.124896 0.125934 0.126188 0.126241 0.126981 0.119605 0.121376 0.121216 0.122116 0.121119 0.128124 0.129207 0.1251 0.128644 0.129053 0.119605 0.121376 0.121216 0.122116 0.121119 0.128124 0.129207 0.1251 0.128644 0.129053
20220228 0.109307 0.109307 0.118015 0.118529 0.118078 0.119049 0.12 0.126348 0.126813 0.128557 0.129614 0.130487 0.117673 0.11933 0.121003 0.120645 0.120928 0.119256 0.130471 0.13157 0.128332 0.131385 0.117673 0.11933 0.121003 0.120645 0.120928 0.119256 0.130471 0.13157 0.128332 0.131385
20220312 0.102563 0.102563 0.108843 0.109195 0.109077 0.1191 0.120749 0.121262 0.122041 0.123589 0.125201 0.123711 0.10856 0.110239 0.115017 0.115709 0.12616 0.125561 0.124903 0.126706 0.127509 0.128892 0.10856 0.110239 0.115017 0.115709 0.12616 0.125561 0.124903 0.126706 0.127509 0.128892
20220313 0.106086 0.106086 0.114474 0.114664 0.114743 0.115474 0.122353 0.122579 0.124215 0.123992 0.124926 0.127715 0.114079 0.115566 0.119343 0.121864 0.119565 0.127382 0.125592 0.126938 0.128063 0.128607 0.114079 0.115566 0.119343 0.121864 0.119565 0.127382 0.125592 0.126938 0.128063 0.128607
20220314 0.108392 0.108392 0.11692 0.116973 0.116961 0.117181 0.116877 0.124964 0.123978 0.127819 0.125291 0.126968 0.116681 0.117955 0.122059 0.122436 0.12403 0.121342 0.127893 0.127614 0.12745 0.128186 0.116681 0.117955 0.122059 0.122436 0.12403 0.121342 0.127893 0.127614 0.12745 0.128186
20220315 0.108308 0.108308 0.118057 0.118276 0.118926 0.118501 0.119054 0.119942 0.125409 0.125442 0.129715 0.127192 0.118094 0.120181 0.121075 0.123066 0.12273 0.123441 0.121681 0.128558 0.128271 0.126792 0.118094 0.120181 0.121075 0.123066 0.12273 0.123441 0.121681 0.128558 0.128271 0.126792
20220316 0.108697 0.108697 0.118091 0.118285 0.118378 0.118647 0.118807 0.119766 0.119249 0.126395 0.128046 0.128779 0.110463 0.118627 0.121451 0.119936 0.121554 0.120841 0.122052 0.121024 0.129228 0.126894 0.110463 0.118627 0.121451 0.119936 0.121554 0.120841 0.122052 0.121024 0.129228 0.126894
20220317 0.107803 0.107803 0.110572 0.11983 0.120272 0.12019 0.120872 0.120966 0.119982 0.120898 0.131658 0.132066 0.110558 0.113069 0.122657 0.1232 0.124525 0.126934 0.125076 0.125435 0.125371 0.132955 0.110558 0.113069 0.122657 0.1232 0.124525 0.126934 0.125076 0.125435 0.125371 0.132955
20220318 0.110552 0.110552 0.115501 0.115667 0.122456 0.122368 0.12318 0.123273 0.124899 0.124203 0.125582 0.133167 0.115337 0.11706 0.121367 0.128766 0.128454 0.130185 0.130895 0.130806 0.131334 0.131622 0.115337 0.11706 0.121367 0.128766 0.128454 0.130185 0.130895 0.130806 0.131334 0.131622
20220319 0.110353 0.110353 0.116596 0.116869 0.117237 0.120558 0.121133 0.121284 0.122429 0.12372 0.123004 0.123527 0.116356 0.115081 0.118871 0.121255 0.127234 0.12686 0.128487 0.127416 0.129019 0.130618 0.116356 0.115081 0.118871 0.121255 0.127234 0.12686 0.128487 0.127416 0.129019 0.130618
20220320 0.106327 0.106327 0.113368 0.113387 0.113569 0.114128 0.118905 0.120336 0.120477 0.121347 0.123249 0.123607 0.113126 0.114595 0.114721 0.117561 0.119049 0.126286 0.128338 0.129129 0.126816 0.128449 0.113126 0.114595 0.114721 0.117561 0.119049 0.126286 0.128338 0.129129 0.126816 0.128449
20220321 0.107398 0.107398 0.114969 0.115373 0.115632 0.116449 0.117727 0.125057 0.125702 0.125699 0.127681 0.127759 0.114729 0.118628 0.122892 0.122762 0.122875 0.124528 0.132357 0.134342 0.13356 0.133286 0.114729 0.118628 0.122892 0.122762 0.122875 0.124528 0.132357 0.134342 0.13356 0.133286
20220322 0.111976 0.111976 0.121133 0.121349 0.120748 0.121598 0.12174 0.123067 0.126371 0.127699 0.127734 0.12798 0.120614 0.119997 0.12295 0.124474 0.12479 0.125259 0.128123 0.133474 0.1341 0.133641 0.120614 0.119997 0.12295 0.124474 0.12479 0.125259 0.128123 0.133474 0.1341 0.133641
20220323 0.112988 0.112988 0.122143 0.122199 0.122223 0.122565 0.122961 0.123541 0.125495 0.129487 0.128602 0.128831 0.114379 0.123319 0.124311 0.125806 0.127378 0.127126 0.126971 0.128714 0.13065 0.130899 0.114379 0.123319 0.124311 0.125806 0.127378 0.127126 0.126971 0.128714 0.13065 0.130899
20220324 0.109892 0.109892 0.112573 0.120191 0.12004 0.119435 0.119468 0.119945 0.121003 0.120942 0.127463 0.126938 0.111994 0.110131 0.119541 0.119923 0.121131 0.124436 0.124376 0.123288 0.123305 0.127049 0.111994 0.110131 0.119541 0.119923 0.121131 0.124436 0.124376 0.123288 0.123305 0.127049
20220325 0.105719 0.105719 0.108506 0.108551 0.116879 0.116929 0.117765 0.117728 0.118585 0.119113 0.119092 0.124058 0.108506 0.108927 0.108084 0.11674 0.116574 0.119406 0.123291 0.122756 0.122054 0.121925 0.108506 0.108927 0.108084 0.11674 0.116574 0.119406 0.123291 0.122756 0.122054 0.121925
20220326 0.1027 0.1027 0.107322 0.107322 0.107191 0.115908 0.116715 0.116984 0.11707 0.118565 0.119259 0.118823 0.107159 0.107843 0.107715 0.107381 0.118905 0.118966 0.121389 0.122833 0.120767 0.121386 0.107159 0.107843 0.107715 0.107381 0.118905 0.118966 0.121389 0.122833 0.120767 0.121386
20220327 0.101759 0.101759 0.108827 0.108978 0.108978 0.110122 0.119928 0.119973 0.118168 0.12038 0.119926 0.12035 0.108598 0.10984 0.110388 0.11157 0.110905 0.121443 0.122056 0.123194 0.123364 0.122221 0.108598 0.10984 0.110388 0.11157 0.110905 0.121443 0.122056 0.123194 0.123364 0.122221
20220328 0.104887 0.104887 0.113825 0.113754 0.114346 0.114346 0.11464 0.121353 0.12246 0.122359 0.122042 0.123761 0.113861 0.114673 0.115403 0.112248 0.11317 0.111452 0.124271 0.124359 0.123984 0.126626 0.113861 0.114673 0.115403 0.112248 0.11317 0.111452 0.124271 0.124359 0.123984 0.126626
20220329 0.100129 0.100129 0.11048 0.110662 0.110808 0.111511 0.111512 0.111911 0.119753 0.120712 0.119313 0.122494 0.11037 0.112603 0.115268 0.11321 0.110219 0.11115 0.109903 0.121092 0.120255 0.120938 0.11037 0.112603 0.115268 0.11321 0.110219 0.11115 0.109903 0.121092 0.120255 0.120938
20220330 0.0988513 0.0988513 0.109851 0.11008 0.11035 0.110912 0.112383 0.112382 0.112686 0.118008 0.118433 0.118995 0.100768 0.110573 0.11427 0.115713 0.11429 0.112961 0.113774 0.113236 0.122066 0.12366 0.100768 0.110573 0.11427 0.115713 0.11429 0.112961 0.113774 0.113236 0.122066 0.12366
20220331 0.0985569 0.0985569 0.100878 0.110094 0.110342 0.110942 0.111219 0.112232 0.112229 0.112256 0.121405 0.121795 0.100613 0.102433 0.113548 0.115722 0.119247 0.119877 0.118444 0.118109 0.118347 0.124657 0.100613 0.102433 0.113548 0.115722 0.119247 0.119877 0.118444 0.118109 0.118347 0.124657
20220408 0.10065 0.10065 0.105636 0.105592 0.112384 0.113441 0.11328 0.113446 0.113848 0.113285 0.115465 0.12222 0.105636 0.106298 0.109545 0.11958 0.119188 0.117496 0.114691 0.115937 0.116731 0.116887 0.105636 0.106298 0.109545 0.11958 0.119188 0.117496 0.114691 0.115937 0.116731 0.116887
20220409 0.102134 0.102134 0.109656 0.109656 0.109732 0.115955 0.116198 0.116879 0.117643 0.118084 0.118514 0.119985 0.109285 0.110266 0.112326 0.114674 0.122263 0.121362 0.118513 0.117867 0.120796 0.121673 0.109285 0.110266 0.112326 0.114674 0.122263 0.121362 0.118513 0.117867 0.120796 0.121673
20220410 0.104183 0.104183 0.113059 0.113193 0.113193 0.113472 0.118384 0.11925 0.120218 0.121492 0.121838 0.121796 0.112987 0.114029 0.114299 0.113481 0.114791 0.120598 0.119282 0.119667 0.119922 0.123525 0.112987 0.114029 0.114299 0.113481 0.114791 0.120598 0.119282 0.119667 0.119922 0.123525
20220411 0.108869 0.108869 0.116464 0.116836 0.117696 0.117697 0.117369 0.123903 0.12518 0.125148 0.126933 0.128542 0.116048 0.119439 0.121518 0.119897 0.119171 0.121185 0.128207 0.127338 0.127293 0.128185 0.116048 0.119439 0.121518 0.119897 0.119171 0.121185 0.128207 0.127338 0.127293 0.128185
20220412 0.108507 0.108507 0.117393 0.117498 0.117416 0.118343 0.118343 0.119519 0.124186 0.12525 0.124771 0.127434 0.117356 0.1182 0.12297 0.123472 0.122954 0.12176 0.122093 0.129538 0.129224 0.129411 0.117356 0.1182 0.12297 0.123472 0.122954 0.12176 0.122093 0.129538 0.129224 0.129411
20220413 0.105442 0.105442 0.114034 0.114449 0.11425 0.113528 0.114273 0.114273 0.115233 0.122454 0.122118 0.123249 0.106653 0.116144 0.118714 0.122235 0.121972 0.121904 0.119303 0.119584 0.122653 0.122425 0.106653 0.116144 0.118714 0.122235 0.121972 0.121904 0.119303 0.119584 0.122653 0.122425
20220414 0.104089 0.104089 0.107586 0.113756 0.114252 0.114698 0.115732 0.115342 0.115342 0.115968 0.122856 0.123969 0.107194 0.110736 0.119354 0.119817 0.123121 0.122644 0.122339 0.121246 0.121223 0.123769 0.107194 0.110736 0.119354 0.119817 0.123121 0.122644 0.122339 0.121246 0.121223 0.123769
20220415 0.0997068 0.0997068 0.104379 0.104693 0.112215 0.111765 0.112678 0.113688 0.113747 0.113747 0.113483 0.118685 0.10422 0.105356 0.107426 0.115818 0.115545 0.118717 0.117383 0.116509 0.116958 0.117002 0.10422 0.105356 0.107426 0.115818 0.115545 0.118717 0.117383 0.116509 0.116958 0.117002
20220416 0.0975181 0.0975181 0.103959 0.10386 0.10403 0.111749 0.111684 0.112215 0.112499 0.112685 0.112685 0.112808 0.103756 0.104263 0.104997 0.105125 0.11209 0.112435 0.113785 0.114155 0.114234 0.114035 0.103756 0.104263 0.104997 0.105125 0.11209 0.112435 0.113785 0.114155 0.114234 0.114035
20220417 0.101744 0.101744 0.109228 0.109608 0.10991 0.109978 0.116303 0.116221 0.117609 0.118707 0.118187 0.118187 0.108895 0.112314 0.114367 0.113395 0.11364 0.120279 0.119399 0.118953 0.120946 0.121227 0.108895 0.112314 0.114367 0.113395 0.11364 0.120279 0.119399 0.118953 0.120946 0.121227
20220418 0.107037 0.107037 0.113824 0.11373 0.11386 0.114098 0.114466 0.121905 0.122076 0.124014 0.126125 0.125756 0.113658 0.114973 0.118843 0.120188 0.120304 0.119884 0.127939 0.128628 0.128831 0.129505 0.113658 0.114973 0.118843 0.120188 0.120304 0.119884 0.127939 0.128628 0.128831 0.129505
20220419 0.110293 0.110293 0.118241 0.118598 0.118802 0.119251 0.118531 0.118909 0.127123 0.128731 0.129421 0.129846 0.118073 0.116596 0.117999 0.119007 0.12065 0.122645 0.122603 0.129986 0.13032 0.130351 0.118073 0.116596 0.117999 0.119007 0.12065 0.122645 0.122603 0.129986 0.13032 0.130351
20220420 0.110582 0.110582 0.121047 0.120659 0.121389 0.121902 0.122908 0.12222 0.123089 0.127535 0.127795 0.127323 0.112538 0.123528 0.122506 0.121867 0.121735 0.124282 0.124282 0.12387 0.129754 0.128592 0.112538 0.123528 0.122506 0.121867 0.121735 0.124282 0.124282 0.12387 0.129754 0.128592
20220421 0.109033 0.109033 0.111503 0.118845 0.118888 0.11919 0.118516 0.119898 0.119854 0.120828 0.12474 0.125977 0.111243 0.112146 0.12374 0.121826 0.120592 0.120207 0.122479 0.121285 0.120938 0.125929 0.111243 0.112146 0.12374 0.121826 0.120592 0.120207 0.122479 0.121285 0.120938 0.125929
20220422 0.105444 0.105444 0.10923 0.109022 0.116219 0.116036 0.11539 0.115654 0.116736 0.116747 0.116256 0.121512 0.108812 0.110014 0.11183 0.120802 0.120209 0.119992 0.119908 0.121967 0.121016 0.120945 0.108812 0.110014 0.11183 0.120802 0.120209 0.119992 0.119908 0.121967 0.121016 0.120945
20220423 0.103391 0.103391 0.10814 0.108129 0.108403 0.117027 0.117298 0.118062 0.118225 0.118663 0.119044 0.119706 0.107897 0.108878 0.111279 0.111674 0.12144 0.123336 0.123402 0.123183 0.12593 0.125963 0.107897 0.108878 0.111279 0.111674 0.12144 0.123336 0.123402 0.123183 0.12593 0.125963
20220424 0.106373 0.106373 0.111972 0.11203 0.111933 0.111403 0.118965 0.118962 0.119593 0.118954 0.119617 0.119708 0.112006 0.107849 0.111722 0.112472 0.112375 0.12221 0.124877 0.124742 0.123893 0.126478 0.112006 0.107849 0.111722 0.112472 0.112375 0.12221 0.124877 0.124742 0.123893 0.126478
20220425 0.0980329 0.0980329 0.108687 0.108512 0.108521 0.109122 0.109239 0.116938 0.118728 0.118296 0.119536 0.118703 0.108326 0.1093 0.111257 0.112151 0.110098 0.110266 0.122865 0.122125 0.120752 0.1182 0.108326 0.1093 0.111257 0.112151 0.110098 0.110266 0.122865 0.122125 0.120752 0.1182
20220426 0.103675 0.103675 0.111957 0.111756 0.112414 0.112455 0.112947 0.113341 0.119588 0.120775 0.120904 0.121586 0.111712 0.113237 0.114406 0.116304 0.116988 0.113665 0.113273 0.122493 0.122706 0.121745 0.111712 0.113237 0.114406 0.116304 0.116988 0.113665 0.113273 0.122493 0.122706 0.121745
20220427 0.104742 0.104742 0.112103 0.111914 0.112156 0.112926 0.113551 0.113212 0.113395 0.117626 0.117632 0.118063 0.107203 0.113686 0.115144 0.114819 0.115663 0.116469 0.113796 0.111695 0.120167 0.121578 0.107203 0.113686 0.115144 0.114819 0.115663 0.116469 0.113796 0.111695 0.120167 0.121578
20220428 0.106674 0.106674 0.110689 0.116025 0.115569 0.11555 0.115839 0.116143 0.116146 0.116831 0.11834 0.117743 0.110412 0.110273 0.118666 0.117474 0.115535 0.117047 0.118343 0.116768 0.113035 0.121642 0.110412 0.110273 0.118666 0.117474 0.115535 0.117047 0.118343 0.116768 0.113035 0.121642
20220429 0.106617 0.106617 0.112732 0.112927 0.117314 0.117114 0.117192 0.1178 0.118461 0.118 0.119419 0.124889 0.112388 0.112413 0.113939 0.122479 0.121291 0.118723 0.119345 0.120707 0.118021 0.114265 0.112388 0.112413 0.113939 0.122479 0.121291 0.118723 0.119345 0.120707 0.118021 0.114265
20220430 0.10891 0.10891 0.117461 0.117389 0.118104 0.123238 0.123178 0.122711 0.124042 0.123383 0.123235 0.124778 0.117089 0.117303 0.118432 0.119029 0.127019 0.122669 0.120378 0.121487 0.12314 0.123342 0.117089 0.117303 0.118432 0.119029 0.127019 0.122669 0.120378 0.121487 0.12314 0.123342
20220503 0.108705 0.108705 0.118991 0.119132 0.118935 0.120863 0.120039 0.120018 0.124833 0.126655 0.125764 0.127458 0.118413 0.117379 0.124679 0.12297 0.12055 0.118366 0.117087 0.126885 0.128053 0.124829 0.118413 0.117379 0.124679 0.12297 0.12055 0.118366 0.117087 0.126885 0.128053 0.124829
20220508 0.10821 0.10821 0.117572 0.117963 0.118348 0.118491 0.125131 0.125988 0.126571 0.126522 0.127016 0.126949 0.117273 0.117211 0.118015 0.116568 0.115604 0.122503 0.125148 0.124781 0.125126 0.124078 0.117273 0.117211 0.118015 0.116568 0.115604 0.122503 0.125148 0.124781 0.125126 0.124078
20220509 0.107923 0.107923 0.119579 0.120285 0.12114 0.121632 0.122349 0.126385 0.127426 0.127015 0.126851 0.126503 0.11912 0.120558 0.120403 0.122633 0.122678 0.120473 0.126967 0.129621 0.128086 0.128417 0.11912 0.120558 0.120403 0.122633 0.122678 0.120473 0.126967 0.129621 0.128086 0.128417
20220510 0.108257 0.108257 0.119074 0.119843 0.120102 0.120555 0.121028 0.122262 0.127809 0.129877 0.127965 0.129423 0.118946 0.120519 0.123927 0.123016 0.122779 0.123684 0.12299 0.127855 0.1303 0.129215 0.118946 0.120519 0.123927 0.123016 0.122779 0.123684 0.12299 0.127855 0.1303 0.129215
20220511 0.107812 0.107812 0.119282 0.119371 0.11986 0.119581 0.120257 0.122335 0.122771 0.128456 0.130851 0.130902 0.10836 0.120273 0.122304 0.124318 0.122479 0.123701 0.123375 0.123099 0.126141 0.129146 0.10836 0.120273 0.122304 0.124318 0.122479 0.123701 0.123375 0.123099 0.126141 0.129146
20220512 0.108282 0.108282 0.111657 0.122578 0.122701 0.123003 0.123465 0.123958 0.124675 0.124602 0.131263 0.132616 0.111486 0.111144 0.123887 0.124545 0.125975 0.12518 0.126896 0.124663 0.125235 0.130943 0.111486 0.111144 0.123887 0.124545 0.125975 0.12518 0.126896 0.124663 0.125235 0.130943
20220513 0.108088 0.108088 0.114067 0.114232 0.123416 0.123258 0.124453 0.124286 0.125023 0.12596 0.126327 0.131698 0.113697 0.115187 0.115248 0.122294 0.122933 0.125229 0.124013 0.125268 0.125384 0.125788 0.113697 0.115187 0.115248 0.122294 0.122933 0.125229 0.124013 0.125268 0.125384 0.125788
20220514 0.104962 0.104962 0.111345 0.111605 0.111581 0.118642 0.119195 0.119134 0.118677 0.1212 0.121391 0.121791 0.111379 0.110815 0.114717 0.115312 0.118842 0.118739 0.121241 0.120873 0.123461 0.125001 0.111379 0.110815 0.114717 0.115312 0.118842 0.118739 0.121241 0.120873 0.123461 0.125001
20220515 0.100817 0.100817 0.108546 0.108858 0.109242 0.10916 0.117242 0.118314 0.118556 0.118117 0.120959 0.117701 0.108021 0.110482 0.110147 0.111716 0.113071 0.118988 0.118282 0.118923 0.119366 0.122128 0.108021 0.110482 0.110147 0.111716 0.113071 0.118988 0.118282 0.118923 0.119366 0.122128
20220516 0.101711 0.101711 0.109628 0.109844 0.110402 0.110772 0.110757 0.117842 0.118114 0.118877 0.121122 0.120025 0.109228 0.11 0.11309 0.111516 0.111828 0.112613 0.122738 0.12162 0.121183 0.121364 0.109228 0.11 0.11309 0.111516 0.111828 0.112613 0.122738 0.12162 0.121183 0.121364
20220517 0.105539 0.105539 0.114989 0.114935 0.11565 0.115763 0.116406 0.115893 0.123637 0.124276 0.12618 0.126147 0.114927 0.115448 0.116365 0.116708 0.116948 0.117269 0.116479 0.125666 0.124337 0.125565 0.114927 0.115448 0.116365 0.116708 0.116948 0.117269 0.116479 0.125666 0.124337 0.125565
20220518 0.101954 0.101954 0.11381 0.114206 0.114295 0.115178 0.115574 0.115301 0.114312 0.125102 0.124972 0.125911 0.103748 0.114397 0.115667 0.115748 0.115691 0.114922 0.114285 0.113819 0.122979 0.122582 0.103748 0.114397 0.115667 0.115748 0.115691 0.114922 0.114285 0.113819 0.122979 0.122582
20220519 0.100989 0.100989 0.10484 0.116422 0.116837 0.116119 0.116611 0.117932 0.116977 0.116508 0.126187 0.127352 0.104399 0.104616 0.116416 0.11745 0.118116 0.117202 0.116128 0.115194 0.114997 0.11924 0.104399 0.104616 0.116416 0.11745 0.118116 0.117202 0.116128 0.115194 0.114997 0.11924
20220520 0.102705 0.102705 0.107968 0.108048 0.118644 0.119212 0.119471 0.120247 0.120039 0.121115 0.119261 0.128568 0.107672 0.108901 0.110605 0.120485 0.122465 0.121852 0.119875 0.119765 0.119285 0.118891 0.107672 0.108901 0.110605 0.120485 0.122465 0.121852 0.119875 0.119765 0.119285 0.118891
20220521 0.10569 0.10569 0.11374 0.11374 0.113958 0.123521 0.123807 0.124549 0.126203 0.126679 0.126751 0.126195 0.113344 0.11421 0.116104 0.116551 0.127124 0.12808 0.125598 0.123811 0.124148 0.124171 0.113344 0.11421 0.116104 0.116551 0.127124 0.12808 0.125598 0.123811 0.124148 0.124171
20220522 0.10603 0.10603 0.114741 0.1151 0.115674 0.116084 0.124343 0.124539 0.124756 0.126223 0.126175 0.126983 0.114469 0.114765 0.116662 0.117329 0.116688 0.12487 0.125803 0.12411 0.123239 0.122372 0.114469 0.114765 0.116662 0.117329 0.116688 0.12487 0.125803 0.12411 0.123239 0.122372
20220523 0.106014 0.106014 0.115322 0.1154 0.116124 0.116644 0.116973 0.127052 0.126687 0.126185 0.126718 0.12752 0.114786 0.116273 0.117665 0.118818 0.119025 0.118548 0.126158 0.127399 0.125348 0.124187 0.114786 0.116273 0.117665 0.118818 0.119025 0.118548 0.126158 0.127399 0.125348 0.124187
20220524 0.104352 0.104352 0.114464 0.114976 0.114683 0.114965 0.115878 0.116431 0.12807 0.127975 0.127328 0.127043 0.114265 0.114838 0.117251 0.117076 0.118284 0.119629 0.119815 0.126073 0.125137 0.123231 0.114265 0.114838 0.117251 0.117076 0.118284 0.119629 0.119815 0.126073 0.125137 0.123231
