20200105 -0.0444528 -0.0444528 0.0429607 0.0357648 0.0302742 0.0437952 0.0276851 0.0237601 0.0114542 0.0383288 0.0472411 0.0400496 0.043114 0.000104067 -0.0028088 -0.0211126 -0.00412763 0.00945595 -0.0302808 -0.0269877 -0.0049746 -0.000141052 0.043114 0.000104067 -0.0028088 -0.0211126 -0.00412763 0.00945595 -0.0302808 -0.0269877 -0.0049746 -0.000141052
20200106 0.00827557 0.00827557 0.00670088 -0.00407933 0.00225468 0.00871189 0.00542614 -0.00347209 -0.0353275 -0.0203486 0.00277366 0.00773245 -0.00072312 -0.00157316 -0.00950081 -0.0616726 -0.0662787 -0.0273151 -0.0524968 -0.0582671 -0.0770465 -0.0573341 -0.00072312 -0.00157316 -0.00950081 -0.0616726 -0.0662787 -0.0273151 -0.0524968 -0.0582671 -0.0770465 -0.0573341
20200107 -0.0187004 -0.0187004 0.0338627 0.0311204 0.0395163 0.0299219 0.0308664 0.0272992 0.0129179 -0.0266024 -0.0121758 -0.0416021 0.0278992 0.02056 0.0354487 0.0516567 -0.0230687 -0.0300078 -0.0207387 -0.078757 -0.0934302 -0.0664825 0.0278992 0.02056 0.0354487 0.0516567 -0.0230687 -0.0300078 -0.0207387 -0.078757 -0.0934302 -0.0664825
20200108 -0.0229659 -0.0229659 0.00383785 -0.00690085 -0.0028672 -0.0168816 -0.01647 -0.0489996 -0.0194863 0.00501033 -0.00633533 -0.0275436 0.00985403 0.0282959 0.0191718 0.0289894 -0.00106863 -0.0213724 -0.0221011 -0.00438868 -0.0374902 -0.0275574 0.00985403 0.0282959 0.0191718 0.0289894 -0.00106863 -0.0213724 -0.0221011 -0.00438868 -0.0374902 -0.0275574
20200109 -0.00547589 -0.00547589 -0.00987843 0.00925375 0.0156997 -0.00522287 0.00976981 0.0237862 0.0174633 0.00103019 0.0176493 0.00868049 -0.00203124 -0.0217636 0.0168507 0.00071935 0.00761505 -0.0116471 -0.0180193 -0.0301767 -0.0361667 -0.0265975 -0.00203124 -0.0217636 0.0168507 0.00071935 0.00761505 -0.0116471 -0.0180193 -0.0301767 -0.0361667 -0.0265975
20200110 0.0102539 0.0102539 -0.0193197 -0.0126506 0.00459759 0.00801233 0.0147464 -0.000902547 -0.00455219 -0.0116438 -0.0456732 -0.0212783 -0.0152258 -0.047011 -0.0560186 0.0212086 -0.067387 -0.0193426 -0.00424443 -0.0297402 -0.0774875 -0.0513101 -0.0152258 -0.047011 -0.0560186 0.0212086 -0.067387 -0.0193426 -0.00424443 -0.0297402 -0.0774875 -0.0513101
20200111 0.0518582 0.0518582 -0.0647489 -0.0596277 -0.0638077 -0.0638121 -0.0600338 -0.0453215 -0.053491 -0.0244643 -0.0219615 -0.0706271 -0.0612104 -0.04246 -0.0390118 -0.083615 -0.0593085 -0.0544243 -0.0471478 -0.0225128 -0.0337313 -0.0498419 -0.0612104 -0.04246 -0.0390118 -0.083615 -0.0593085 -0.0544243 -0.0471478 -0.0225128 -0.0337313 -0.0498419
20200116 0.0231988 0.0231988 -0.0288094 -0.0558805 -0.0502476 -0.0461313 -0.065388 -0.0572781 -0.0142753 -0.0489419 -0.0284687 -0.0304754 -0.025096 -0.0237612 -0.0491391 -0.041616 -0.0261917 -0.0247072 -0.0347752 -0.093714 -0.0575487 -0.0587103 -0.025096 -0.0237612 -0.0491391 -0.041616 -0.0261917 -0.0247072 -0.0347752 -0.093714 -0.0575487 -0.0587103
20200117 0.0109965 0.0109965 0.00331701 0.0166923 -0.0264889 -0.0359846 -0.0509737 -0.0493047 -0.0631766 -0.0214242 -0.054253 0.00259623 0.0022485 -0.0376008 -0.0140192 -0.0148462 -0.0667319 -0.0640916 -0.0478632 -0.0878038 -0.0813331 -0.056663 0.0022485 -0.0376008 -0.0140192 -0.0148462 -0.0667319 -0.0640916 -0.0478632 -0.0878038 -0.0813331 -0.056663
20200118 0.00573264 0.00573264 0.000793842 0.0164757 0.00828956 -0.00852537 -0.00165733 -0.00931688 0.00287004 -0.0212794 -0.0241765 -0.0319164 -0.00115414 -0.00929464 0.0186915 0.0152479 -0.00783267 -0.00392717 -0.0447207 -0.0264988 -0.0757164 -0.0591179 -0.00115414 -0.00929464 0.0186915 0.0152479 -0.00783267 -0.00392717 -0.0447207 -0.0264988 -0.0757164 -0.0591179
20200119 -0.0417137 -0.0417137 0.0213853 0.0301847 0.0210604 0.0227141 0.0367544 0.0269098 0.040436 0.0436919 0.0341358 0.0112206 0.0253192 0.00677441 0.00480151 0.0403219 0.0100516 -0.0627029 -0.0385849 -0.078232 -0.0784633 -0.092365 0.0253192 0.00677441 0.00480151 0.0403219 0.0100516 -0.0627029 -0.0385849 -0.078232 -0.0784633 -0.092365
20200120 -0.021597 -0.021597 0.0401531 0.0342651 0.0319203 0.0327697 0.048963 0.0615641 0.0714468 0.0501623 0.0457831 0.0467378 0.0378673 0.041018 0.0158693 0.0233902 0.0493299 0.0114461 0.00890523 0.0122917 -0.0292654 -0.0306865 0.0378673 0.041018 0.0158693 0.0233902 0.0493299 0.0114461 0.00890523 0.0122917 -0.0292654 -0.0306865
20200121 0.0284092 0.0284092 -0.00908207 -0.00688583 -0.00362496 -0.0256966 -0.00739224 -0.0235704 -0.000174389 -0.00629303 -0.00805107 0.00196499 -0.0065562 -0.000407418 0.0188176 -0.00117022 -0.0253337 0.00821909 -0.0111092 0.000558639 0.000580289 -0.0394339 -0.0065562 -0.000407418 0.0188176 -0.00117022 -0.0253337 0.00821909 -0.0111092 0.000558639 0.000580289 -0.0394339
20200125 0.00314396 0.00314396 0.0171816 -0.00262836 -0.00535074 -0.0136564 -0.000494474 -0.00858985 -0.0218889 -0.0262478 -0.0235022 -0.00998163 0.0160956 0.0247924 0.00553191 0.0100607 0.0254443 0.0244761 -0.0257692 -0.0469004 0.00497582 -0.0412231 0.0160956 0.0247924 0.00553191 0.0100607 0.0254443 0.0244761 -0.0257692 -0.0469004 0.00497582 -0.0412231
20200126 -0.0196587 -0.0196587 0.0204347 0.0213584 0.0125821 0.0268975 -0.0148015 0.0053853 -0.00531265 -0.0140774 -0.0121981 -0.0151376 0.0260646 0.0224436 0.0127612 0.00230601 0.00726905 0.0248419 -0.00625044 0.00500378 -0.0123276 0.0168606 0.0260646 0.0224436 0.0127612 0.00230601 0.00726905 0.0248419 -0.00625044 0.00500378 -0.0123276 0.0168606
20200127 -0.0424116 -0.0424116 0.00736544 0.0101365 0.00350345 -0.00992117 0.00508245 0.012148 -0.00997482 0.0064455 0.00847317 -0.00379568 0.0139973 0.0216297 -0.0135917 0.0162549 0.00412176 0.015648 0.0177555 -0.0169825 0.0404336 0.0341629 0.0139973 0.0216297 -0.0135917 0.0162549 0.00412176 0.015648 0.0177555 -0.0169825 0.0404336 0.0341629
20200128 0.0219544 0.0219544 -0.0390155 -0.0436469 -0.0627555 -0.047798 -0.051652 -0.0389551 -0.041861 -0.0269891 -0.00502137 -0.0140947 -0.0431362 -0.00689204 -0.0319856 -0.011013 0.0296089 0.0126862 0.0369448 0.0413538 -0.00315365 0.0611054 -0.0431362 -0.00689204 -0.0319856 -0.011013 0.0296089 0.0126862 0.0369448 0.0413538 -0.00315365 0.0611054
20200129 0.0369119 0.0369119 -0.0458708 -0.0448048 -0.0531744 -0.0437032 -0.0389161 -0.0425957 -0.056853 -0.0129974 -0.0240947 -0.0153741 -0.0291465 -0.0728815 -0.0395653 -0.033571 -0.0230532 -0.00667296 -0.0264379 0.0145547 -0.00849854 -0.0128564 -0.0291465 -0.0728815 -0.0395653 -0.033571 -0.0230532 -0.00667296 -0.0264379 0.0145547 -0.00849854 -0.0128564
20200130 0.0602879 0.0602879 -0.0580948 -0.0577435 -0.0591644 -0.0566912 -0.0695766 -0.0558021 -0.0666427 -0.0657962 -0.063422 -0.0379328 -0.053118 -0.0714671 -0.0750737 -0.0390706 -0.0326195 -0.0487947 -0.0271166 -0.0576138 -0.0247511 -0.0751452 -0.053118 -0.0714671 -0.0750737 -0.0390706 -0.0326195 -0.0487947 -0.0271166 -0.0576138 -0.0247511 -0.0751452
20200131 0.0122772 0.0122772 -0.0226614 -0.0193839 -0.0179463 -0.0193898 -0.0156994 -0.00645721 -0.0185598 -0.029268 -0.040963 -0.0686872 -0.0201892 -0.0297543 -0.0418366 -0.0281393 -0.0337869 -0.0106459 -0.0269654 -0.0139648 -0.0121877 -0.0128067 -0.0201892 -0.0297543 -0.0418366 -0.0281393 -0.0337869 -0.0106459 -0.0269654 -0.0139648 -0.0121877 -0.0128067
20200205 -0.0590479 -0.0590479 0.0391471 0.041055 0.0425216 0.0509221 0.0442242 0.05804 0.0791792 0.0915457 0.0285546 0.0285033 0.0687402 0.027652 0.0403855 0.0598826 0.0768759 0.0508805 0.0762098 0.0401786 0.0239748 0.0248813 0.0687402 0.027652 0.0403855 0.0598826 0.0768759 0.0508805 0.0762098 0.0401786 0.0239748 0.0248813
20200206 -0.0793351 -0.0793351 0.0767065 0.124152 0.118536 0.106308 0.08964 0.0778243 0.139902 0.121332 0.0712024 0.0974399 0.078156 0.077126 0.0411403 0.0396859 0.060092 0.0783496 0.0764075 0.0595232 0.045601 0.0145134 0.078156 0.077126 0.0411403 0.0396859 0.060092 0.0783496 0.0764075 0.0595232 0.045601 0.0145134
20200207 -0.0330563 -0.0330563 0.0302121 0.0196964 0.0273202 0.0315099 0.0229405 0.00917097 0.0147826 0.0375159 0.0454164 0.0190231 0.0314939 0.0898248 0.0346147 0.0110452 -0.0139481 0.00919871 0.00801653 0.00549966 -0.006646 0.0130352 0.0314939 0.0898248 0.0346147 0.0110452 -0.0139481 0.00919871 0.00801653 0.00549966 -0.006646 0.0130352
20200208 0.0168494 0.0168494 -0.00777243 -0.0121093 -0.0170992 0.0131426 0.0222978 -0.000171858 0.0154878 0.00861437 -0.000149386 0.0185127 -0.00753844 -0.0199929 0.0234585 0.0171631 0.0200889 -0.0141008 -0.0188035 -0.0158448 -0.00831031 -0.00480555 -0.00753844 -0.0199929 0.0234585 0.0171631 0.0200889 -0.0141008 -0.0188035 -0.0158448 -0.00831031 -0.00480555
20200209 -0.0127096 -0.0127096 0.00705344 0.0104948 0.00681266 0.0167485 0.0163965 0.0252606 0.000246048 0.018817 0.00804218 0.0241205 0.0130166 -0.0078573 -0.0503099 -0.00249064 0.00672847 0.0157504 0.0124611 -0.018887 0.0284823 -0.013634 0.0130166 -0.0078573 -0.0503099 -0.00249064 0.00672847 0.0157504 0.0124611 -0.018887 0.0284823 -0.013634
20200210 -0.0025016 -0.0025016 -0.00661714 -0.00176094 -0.00493919 -0.0157274 -0.00553361 -0.00937868 -0.00852375 0.00455536 0.00280938 -0.0222659 -0.0134508 -0.0177246 -0.0291267 -0.036597 -0.0180964 0.0187746 0.0159604 0.000433418 -0.0228411 0.00253811 -0.0134508 -0.0177246 -0.0291267 -0.036597 -0.0180964 0.0187746 0.0159604 0.000433418 -0.0228411 0.00253811
20200214 -0.039852 -0.039852 0.00354585 0.00375288 0.0146186 0.0146155 0.0133673 0.0109307 -0.00926372 0.0150407 0.000886484 0.000960951 0.0256118 0.0224508 0.0122218 0.00265909 0.0467586 -0.00417561 0.00290661 -0.00335358 0.00438614 0.0422639 0.0256118 0.0224508 0.0122218 0.00265909 0.0467586 -0.00417561 0.00290661 -0.00335358 0.00438614 0.0422639
20200215 -0.000172171 -0.000172171 0.00522499 -0.00214017 -0.00212841 0.000920263 0.000925022 0.0126342 0.0166553 0.0174328 -0.00453378 0.000840041 0.0134326 0.0114625 0.0114388 0.0193951 0.00532753 0.0114386 -0.0138825 -0.0329502 0.00870069 0.0133465 0.0134326 0.0114625 0.0114388 0.0193951 0.00532753 0.0114386 -0.0138825 -0.0329502 0.00870069 0.0133465
20200216 -0.00682489 -0.00682489 -0.00621439 -0.00591883 0.00699089 0.0070271 -0.00963328 -0.00963524 -0.00237481 0.0119687 0.0222991 -0.00255399 -0.00170928 0.0406414 0.0668232 0.0369941 0.00629971 0.0118221 0.0212908 0.00480095 -0.0124816 0.0157929 -0.00170928 0.0406414 0.0668232 0.0369941 0.00629971 0.0118221 0.0212908 0.00480095 -0.0124816 0.0157929
20200217 0.0131714 0.0131714 0.00366695 -0.00741735 -0.00480057 0.0136224 0.0136287 0.0239559 0.0239533 0.0271076 0.0162724 -0.00873636 0.00142603 -0.0106159 0.0424412 0.0523075 -0.000783589 -0.0147467 0.00328696 -0.0223599 -0.0357274 -0.0283228 0.00142603 -0.0106159 0.0424412 0.0523075 -0.000783589 -0.0147467 0.00328696 -0.0223599 -0.0357274 -0.0283228
20200218 -0.0146988 -0.0146988 0.0422147 0.0411081 0.0313603 0.0235124 -0.00775786 -0.00820735 0.0231466 0.0231306 0.0480165 0.0165488 0.0390163 0.0281278 0.0232903 0.0357131 0.0364848 -0.0373799 -0.0309472 0.0220359 0.00716195 -0.0149847 0.0390163 0.0281278 0.0232903 0.0357131 0.0364848 -0.0373799 -0.0309472 0.0220359 0.00716195 -0.0149847
20200219 -0.0399553 -0.0399553 0.00791748 0.0111449 0.0116658 0.00434372 0.0164331 -0.0139758 -0.0137331 -0.02381 -0.0240098 -0.015521 0.0117712 0.0261197 0.033111 0.0156371 0.0504817 0.0175015 -0.0408711 -0.0225767 -0.00772918 0.0210643 0.0117712 0.0261197 0.033111 0.0156371 0.0504817 0.0175015 -0.0408711 -0.0225767 -0.00772918 0.0210643
20200220 -0.03272 -0.03272 0.0166389 0.0149659 0.0116931 0.0189945 0.0180246 0.00594241 0.0124525 0.0124581 -0.0588656 -0.0588398 0.0188502 0.0354696 0.0405789 0.0559535 0.0580564 0.0563878 0.0477157 0.0064527 0.0294433 -0.0142695 0.0188502 0.0354696 0.0405789 0.0559535 0.0580564 0.0563878 0.0477157 0.0064527 0.0294433 -0.0142695
20200225 -0.0492339 -0.0492339 0.0544988 0.048823 0.060151 0.0616012 0.0584831 0.0656858 0.0111423 0.0345449 -0.003732 0.00164579 0.0582453 0.0578421 0.0738721 0.015828 0.00989241 0.0150674 0.0503042 0.0548615 0.0374595 0.0411315 0.0582453 0.0578421 0.0738721 0.015828 0.00989241 0.0150674 0.0503042 0.0548615 0.0374595 0.0411315
20200226 -0.0378497 -0.0378497 0.0945213 0.0945384 0.0967213 0.0966507 0.0815599 0.0817967 0.0815248 0.0415409 0.0517797 0.0448767 0.0440248 0.079616 0.0671804 0.0742109 0.0197901 -0.00366295 -0.0113789 0.0238065 -0.00161296 0.00611405 0.0440248 0.079616 0.0671804 0.0742109 0.0197901 -0.00366295 -0.0113789 0.0238065 -0.00161296 0.00611405
20200227 -0.00268022 -0.00268022 0.015124 0.0734301 0.06825 0.0686822 0.0841418 0.0694343 0.0709089 0.0996569 0.0367809 0.0713808 0.0238096 0.00235803 0.0332125 0.024031 0.0436388 0.0123777 -0.0363879 -0.00323642 0.00846788 -0.0124911 0.0238096 0.00235803 0.0332125 0.024031 0.0436388 0.0123777 -0.0363879 -0.00323642 0.00846788 -0.0124911
20200228 0.00422438 0.00422438 -0.00856319 -0.014619 -0.000756662 -0.00283415 0.00245139 0.00393151 0.00926687 0.00504813 0.0102213 0.000320152 -0.0168973 0.0239051 -0.00778525 -0.0309196 -0.0163922 -0.0242177 -0.010579 -0.0371773 -0.0375498 0.0168499 -0.0168973 0.0239051 -0.00778525 -0.0309196 -0.0163922 -0.0242177 -0.010579 -0.0371773 -0.0375498 0.0168499
20200229 -0.0195823 -0.0195823 0.0171344 0.0292271 0.0128948 0.0214191 0.0392275 0.00757454 0.0298589 0.0338388 0.0350683 0.0192457 0.0258508 0.023947 0.046004 0.0322485 -0.0233498 0.00252949 0.0102373 0.0280544 -0.0384632 -0.0451663 0.0258508 0.023947 0.046004 0.0322485 -0.0233498 0.00252949 0.0102373 0.0280544 -0.0384632 -0.0451663
20211101 0.0631475 0.0631475 -0.0731648 -0.0734089 -0.0763368 -0.0748946 -0.0584058 -0.114556 -0.0894022 -0.122053 -0.135197 -0.0958773 -0.0799667 -0.0436555 -0.055057 0.0145436 -0.00940511 -0.0515569 -0.0371427 -0.0786488 -0.122273 -0.0471361 -0.0799667 -0.0436555 -0.055057 0.0145436 -0.00940511 -0.0515569 -0.0371427 -0.0786488 -0.122273 -0.0471361
20220101 0.0569368 0.0569368 -0.0369906 -0.0320115 -0.0221306 -0.00411287 -0.0159011 -0.0289701 -0.0222248 -0.0159857 -0.0253997 0.00544851 -0.0368163 -0.0275821 -0.054373 -0.0642776 -0.0250903 -0.0249945 -0.0528773 -0.0389685 -0.0348133 -0.0511027 -0.0368163 -0.0275821 -0.054373 -0.0642776 -0.0250903 -0.0249945 -0.0528773 -0.0389685 -0.0348133 -0.0511027
20220102 0.0422584 0.0422584 -0.0432351 -0.0458144 -0.0471962 -0.0377352 -0.00918275 -0.0432804 -0.0390304 -0.0513113 -0.00697307 -0.0292069 -0.0388393 -0.0161315 0.00659443 -0.039732 -0.038156 -0.0559064 -0.0363818 -0.0385482 -0.0448563 -0.032543 -0.0388393 -0.0161315 0.00659443 -0.039732 -0.038156 -0.0559064 -0.0363818 -0.0385482 -0.0448563 -0.032543
20220103 0.0351709 0.0351709 -0.0322291 -0.0365744 -0.0386822 -0.0449197 -0.0425941 -0.0263486 0.00822425 -0.00738687 0.00691397 -0.00934058 -0.0326486 -0.0293012 0.0575419 0.0242856 0.00437527 0.0137066 -0.0101847 0.0206572 -0.014096 -0.0389224 -0.0326486 -0.0293012 0.0575419 0.0242856 0.00437527 0.0137066 -0.0101847 0.0206572 -0.014096 -0.0389224
20220104 0.043457 0.043457 -0.0193858 -0.0181956 -0.014281 -0.0141021 -0.00148931 -0.00744658 -0.0108376 0.0152933 -0.0210848 0.0245055 -0.0194406 -0.0167503 0.00393983 0.0860591 0.0313827 0.0241022 0.0269227 0.005166 0.0279436 0.0519526 -0.0194406 -0.0167503 0.00393983 0.0860591 0.0313827 0.0241022 0.0269227 0.005166 0.0279436 0.0519526
20220105 0.0021177 0.0021177 -0.00553064 -0.0168012 -0.00312546 -0.00205683 -0.00365112 -0.0185936 -0.012542 0.00419711 0.0332049 -0.00704907 -0.00594229 0.0175187 0.0237296 0.0703629 0.0666943 0.0501973 0.0479161 0.0108323 0.00323531 0.0291966 -0.00594229 0.0175187 0.0237296 0.0703629 0.0666943 0.0501973 0.0479161 0.0108323 0.00323531 0.0291966
20220106 0.00110319 0.00110319 -0.000486254 -0.0169622 -0.0178781 -0.0248349 -0.0205743 -0.0110058 -0.0079781 0.00351841 0.0198403 0.0335307 0.00691862 -0.00317455 0.00785643 -0.00684482 0.0434021 0.072073 0.102568 0.0978284 0.113595 0.0615297 0.00691862 -0.00317455 0.00785643 -0.00684482 0.0434021 0.072073 0.102568 0.0978284 0.113595 0.0615297
20220107 -0.00690859 -0.00690859 -0.00349051 0.00367436 -0.0393484 -0.0351426 -0.0367603 -0.046798 -0.0427451 -0.0357873 -0.0324782 -0.0398905 0.00124253 0.00156371 -0.0198781 -0.0143352 0.00600976 0.0338381 0.0741109 0.0652867 0.0799987 0.0565484 0.00124253 0.00156371 -0.0198781 -0.0143352 0.00600976 0.0338381 0.0741109 0.0652867 0.0799987 0.0565484
20220108 0.0099876 0.0099876 -0.0334005 -0.0259357 -0.0233538 -0.0376072 -0.0410177 -0.0292944 -0.0156284 -0.00557042 -0.0342457 -0.0199272 -0.02844 0.00847348 -0.0285308 0.0282838 -0.00431758 0.0502295 0.0765146 0.0629128 0.0900159 0.0581422 -0.02844 0.00847348 -0.0285308 0.0282838 -0.00431758 0.0502295 0.0765146 0.0629128 0.0900159 0.0581422
20220109 -0.0098092 -0.0098092 0.00789989 0.0114816 0.00725285 0.00287174 -0.00786673 -0.0169371 -0.0220614 0.0320413 0.0306006 0.00621055 0.0112951 -0.00284252 0.0066372 -0.0123789 0.0256711 0.00287313 0.0204307 0.050556 0.0613115 0.0706182 0.0112951 -0.00284252 0.0066372 -0.0123789 0.0256711 0.00287313 0.0204307 0.050556 0.0613115 0.0706182
20220110 -0.0282206 -0.0282206 0.023566 0.0307365 0.0386365 0.0345696 0.0259578 0.0757645 0.0541887 0.0387404 0.0645688 0.0626998 0.0293192 0.0181554 -0.000314619 -0.0124082 -0.0355287 -0.0254731 -0.0130113 0.00800475 0.0311172 0.0379413 0.0293192 0.0181554 -0.000314619 -0.0124082 -0.0355287 -0.0254731 -0.0130113 0.00800475 0.0311172 0.0379413
20220111 -0.0550715 -0.0550715 0.0455979 0.0381142 0.0386099 0.0574985 0.0568985 0.0364089 0.0345625 0.0449502 0.0263079 0.0338215 0.0454394 0.035826 0.00368646 0.0305273 0.00500681 -0.0268484 -0.0318588 -0.0344224 -0.0292635 -0.0112493 0.0454394 0.035826 0.00368646 0.0305273 0.00500681 -0.0268484 -0.0318588 -0.0344224 -0.0292635 -0.0112493
20220112 -0.0200919 -0.0200919 -0.00480234 -0.00163715 0.0156809 0.0165782 0.0116208 0.0156521 0.0256118 -0.0061654 -0.0154518 -0.0251229 0.0199638 0.0635376 0.0803782 -0.030772 0.0180413 -0.00528738 -0.0452565 -0.059465 -0.0612001 -0.0634352 0.0199638 0.0635376 0.0803782 -0.030772 0.0180413 -0.00528738 -0.0452565 -0.059465 -0.0612001 -0.0634352
20220113 -0.0153438 -0.0153438 -0.00236647 0.0032714 -0.00129703 0.0113597 -0.0171022 -0.0203404 -0.0101188 -0.0541497 -0.0688983 -0.0283161 -0.00470288 0.00223773 -0.0300527 0.0175262 -0.0407411 -0.00755046 -0.0321427 -0.10755 -0.100234 -0.088503 -0.00470288 0.00223773 -0.0300527 0.0175262 -0.0407411 -0.00755046 -0.0321427 -0.10755 -0.100234 -0.088503
20220114 0.0118101 0.0118101 0.00378455 0.00835961 0.0316861 0.0193531 0.0167578 0.0103034 0.0303282 0.0295196 -0.00697812 -0.0456051 0.00186006 -0.0233696 -0.00704402 -0.108788 -0.0718761 -0.0433254 -0.0284072 -0.0361231 -0.0955774 -0.071313 0.00186006 -0.0233696 -0.00704402 -0.108788 -0.0718761 -0.0433254 -0.0284072 -0.0361231 -0.0955774 -0.071313
20220115 0.0278924 0.0278924 -0.0317875 -0.0188446 -0.0223328 -0.0714952 -0.0672023 -0.0641508 -0.101708 -0.128864 -0.0897562 -0.120994 -0.0356295 -0.0760606 -0.0759102 -0.0924811 -0.166283 -0.134312 -0.128833 -0.131686 -0.132612 -0.163481 -0.0356295 -0.0760606 -0.0759102 -0.0924811 -0.166283 -0.134312 -0.128833 -0.131686 -0.132612 -0.163481
20220116 0.0705801 0.0705801 -0.0785528 -0.0750766 -0.0603843 -0.0635877 -0.0807145 -0.0740432 -0.0465662 -0.0397931 -0.0589142 -0.114362 -0.083072 -0.039872 -0.0941591 -0.09454 -0.102062 -0.148531 -0.112242 -0.118242 -0.129142 -0.141037 -0.083072 -0.039872 -0.0941591 -0.09454 -0.102062 -0.148531 -0.112242 -0.118242 -0.129142 -0.141037
20220117 -0.0464481 -0.0464481 0.0465111 0.0409427 0.0393501 0.0345255 0.0313044 0.0028104 0.022964 -0.0263494 -0.00496847 -0.0579956 0.0463999 0.00847708 -0.0123311 -0.0745388 -0.0846013 -0.064913 -0.0866267 -0.0938785 -0.108871 -0.12307 0.0463999 0.00847708 -0.0123311 -0.0745388 -0.0846013 -0.064913 -0.0866267 -0.0938785 -0.108871 -0.12307
20220118 -0.0300836 -0.0300836 0.0099932 0.0052262 0.0124594 0.0018889 -0.00366107 0.025829 0.0315368 0.0137672 0.04097 0.00523807 0.0199998 0.0280727 -0.0223059 -0.0216036 -0.047272 -0.0699906 -0.0245582 -0.0747743 -0.0563903 -0.0329798 0.0199998 0.0280727 -0.0223059 -0.0216036 -0.047272 -0.0699906 -0.0245582 -0.0747743 -0.0563903 -0.0329798
20220119 -0.00560348 -0.00560348 0.00985921 0.019709 0.029338 0.00290174 0.0217728 0.00352795 0.0134913 -0.0265598 0.0522246 0.0422917 0.0138272 0.0697715 -0.00688925 -0.0274642 0.0185184 -0.0333401 -0.0204879 -0.0025947 -0.0728698 0.00749722 0.0138272 0.0697715 -0.00688925 -0.0274642 0.0185184 -0.0333401 -0.0204879 -0.0025947 -0.0728698 0.00749722
20220120 0.0199637 0.0199637 0.0139439 -0.00041182 0.0124604 -0.000134646 0.00826609 -0.0037529 -0.0110757 0.026575 -0.0748374 -0.0313671 0.0146518 0.0252287 0.029492 -0.0632208 -0.0163226 -0.0530359 -0.0831595 -0.0726486 -0.0605367 -0.0809522 0.0146518 0.0252287 0.029492 -0.0632208 -0.0163226 -0.0530359 -0.0831595 -0.0726486 -0.0605367 -0.0809522
20220121 0.046014 0.046014 -0.0276032 -0.0300195 -0.0397891 -0.0464288 -0.0541465 -0.0476315 -0.0474485 -0.0419333 -0.0764295 -0.0938154 -0.0339929 0.00105598 -0.0285815 -0.0286991 -0.0546497 -0.0617135 -0.0891703 -0.0906436 -0.105041 -0.0609559 -0.0339929 0.00105598 -0.0285815 -0.0286991 -0.0546497 -0.0617135 -0.0891703 -0.0906436 -0.105041 -0.0609559
20220122 0.0725422 0.0725422 -0.0364311 -0.0404163 -0.0459878 -0.0394535 -0.0243045 -0.0522258 -0.0563776 -0.106127 -0.0315667 -0.0823058 -0.0298702 -0.032157 -0.0362156 -0.067487 -0.0501951 -0.0627974 -0.0698028 -0.114129 -0.154085 -0.125072 -0.0298702 -0.032157 -0.0362156 -0.067487 -0.0501951 -0.0627974 -0.0698028 -0.114129 -0.154085 -0.125072
20220123 0.102614 0.102614 -0.0788697 -0.0763905 -0.074573 -0.0819032 -0.137406 -0.137961 -0.125 -0.133513 -0.112349 -0.108425 -0.0662978 -0.0366905 -0.0589383 -0.0651467 -0.0865279 -0.103274 -0.0769526 -0.0778022 -0.0884007 -0.107269 -0.0662978 -0.0366905 -0.0589383 -0.0651467 -0.0865279 -0.103274 -0.0769526 -0.0778022 -0.0884007 -0.107269
20220124 0.071065 0.071065 -0.0763043 -0.0818793 -0.0779499 -0.059525 -0.0573159 -0.0934524 -0.0842826 -0.113559 -0.0946838 -0.108683 -0.0758608 -0.0685675 -0.0642031 -0.0590792 -0.0832466 -0.0435469 -0.0847668 -0.0822412 -0.0985847 -0.0813775 -0.0758608 -0.0685675 -0.0642031 -0.0590792 -0.0832466 -0.0435469 -0.0847668 -0.0822412 -0.0985847 -0.0813775
20220125 0.0308574 0.0308574 -0.0246305 -0.0406708 -0.0358877 -0.0297399 -0.0398054 -0.0274665 -0.0481627 -0.0176867 -0.0388763 -0.0863082 -0.0361117 -0.0354532 -0.029103 -0.0155429 -0.0237689 -0.0457329 -0.0017732 -0.0451206 -0.0384247 -0.0308523 -0.0361117 -0.0354532 -0.029103 -0.0155429 -0.0237689 -0.0457329 -0.0017732 -0.0451206 -0.0384247 -0.0308523
20220126 0.00523809 0.00523809 -0.00353839 0.00475754 -0.00727928 0.00904776 -0.0217079 -0.0229202 0.0278998 -0.0452282 -0.0184642 -0.0244767 -0.00991483 -0.0132654 -0.0212378 -0.0494888 -0.0080935 -0.0123568 0.0113826 -0.000696221 -0.0349741 -0.0449611 -0.00991483 -0.0132654 -0.0212378 -0.0494888 -0.0080935 -0.0123568 0.0113826 -0.000696221 -0.0349741 -0.0449611
20220127 -0.0222667 -0.0222667 0.0200626 0.0169596 0.0193691 0.0293801 0.00643707 -0.00277343 -0.00381668 0.0301324 -0.0468727 -0.0502737 0.0210236 -0.0320728 -0.0386217 -0.00482753 -0.00829445 -0.0217247 -0.00967971 0.0374405 0.00248329 0.044124 0.0210236 -0.0320728 -0.0386217 -0.00482753 -0.00829445 -0.0217247 -0.00967971 0.0374405 0.00248329 0.044124
20220128 -0.00408412 -0.00408412 0.0140914 0.00666866 0.00400693 0.0243079 0.0272394 0.0212612 0.0206447 0.0142642 0.0215824 0.0256563 0.0131836 0.0231966 -0.0273914 0.0258029 0.0497979 0.062654 0.00508275 0.0205474 0.0392131 -0.0129192 0.0131836 0.0231966 -0.0273914 0.0258029 0.0497979 0.062654 0.00508275 0.0205474 0.0392131 -0.0129192
20220129 0.00222179 0.00222179 -0.00954388 -0.00311913 -0.00775432 0.0320107 0.0422098 0.0550004 0.0481679 0.0400296 0.0191026 0.0327526 -0.00244402 0.0179673 0.0370355 -0.0185708 0.00949169 0.0228307 0.0164855 0.00368439 0.0186221 0.0170389 -0.00244402 0.0179673 0.0370355 -0.0185708 0.00949169 0.0228307 0.0164855 0.00368439 0.0186221 0.0170389
20220130 -0.00324741 -0.00324741 0.0010358 0.00115406 0.00139032 0.00542713 -0.0164837 -0.0142602 -0.00803724 0.0104561 0.0362849 0.00260183 0.0027314 0.024129 0.0314616 0.0381856 0.0207686 0.0274714 0.0221984 -0.00746298 0.0303458 -0.0398915 0.0027314 0.024129 0.0314616 0.0381856 0.0207686 0.0274714 0.0221984 -0.00746298 0.0303458 -0.0398915
20220131 0.0169625 0.0169625 -0.0347136 -0.0246604 -0.0260769 -0.0071102 -0.00685977 -0.0751588 -0.0521099 -0.0348662 -0.0359051 0.0056785 -0.0323892 0.0442345 0.0302682 0.000300688 -0.0187212 0.016083 -0.0213963 0.00058754 0.00743766 -0.0189462 -0.0323892 0.0442345 0.0302682 0.000300688 -0.0187212 0.016083 -0.0213963 0.00058754 0.00743766 -0.0189462
20220201 0.0607968 0.0607968 -0.0445387 -0.050266 -0.0553072 -0.0371567 -0.0407705 -0.030627 -0.0306725 -0.0161259 -0.0113514 -0.0323614 -0.0701415 -0.065495 0.0267437 -0.0142792 -0.0400933 -0.0255454 -0.0226916 -0.0175595 -0.0189796 -0.00905762 -0.0701415 -0.065495 0.0267437 -0.0142792 -0.0400933 -0.0255454 -0.0226916 -0.0175595 -0.0189796 -0.00905762
20220202 -0.0157047 -0.0157047 0.0490829 0.0542128 0.0483293 0.0461367 0.0263952 0.0348291 -0.0023024 -0.012402 0.0191523 0.00519297 0.0218645 0.0100203 -0.0413468 0.0367436 0.00667527 -0.00218689 -0.00482049 -0.0218977 0.0291152 0.0258285 0.0218645 0.0100203 -0.0413468 0.0367436 0.00667527 -0.00218689 -0.00482049 -0.0218977 0.0291152 0.0258285
20220203 -0.0154108 -0.0154108 -0.0123614 -0.0104853 -0.0301339 -0.0298839 -0.0277082 -0.0195392 0.0102626 -0.0232333 -0.0108007 0.0119239 -0.0067034 0.00578097 -0.0514447 -0.0319347 0.0259677 0.0109312 -0.00618367 0.026643 -0.00669955 0.0385865 -0.0067034 0.00578097 -0.0514447 -0.0319347 0.0259677 0.0109312 -0.00618367 0.026643 -0.00669955 0.0385865
20220204 0.0171735 0.0171735 -0.0128531 -0.0203191 -0.058889 -0.0686238 -0.0542079 -0.0607555 -0.0561308 -0.0702111 -0.0272264 -0.0944376 -0.00698973 0.007908 0.0115759 -0.0515353 -0.0565232 -0.0275882 -0.0555865 -0.0365419 -0.0317552 -0.0285156 -0.00698973 0.007908 0.0115759 -0.0515353 -0.0565232 -0.0275882 -0.0555865 -0.0365419 -0.0317552 -0.0285156
20220205 0.0146143 0.0146143 -0.0260175 -0.0286032 -0.0309715 -0.0394248 -0.0265251 -0.0337644 -0.0747263 -0.0661719 -0.00421492 -0.038313 -0.0225283 -0.0286802 -0.0145308 -0.011777 -0.0439969 -0.0373224 -0.0175089 -0.0502063 -0.0323125 -0.0427907 -0.0225283 -0.0286802 -0.0145308 -0.011777 -0.0439969 -0.0373224 -0.0175089 -0.0502063 -0.0323125 -0.0427907
20220206 0.035691 0.035691 -0.0608656 -0.0662907 -0.050396 -0.0797271 -0.0661505 -0.0438103 -0.0448813 -0.0500299 -0.0749023 -0.0407452 -0.0596197 -0.0605882 -0.093665 -0.071672 -0.0626367 -0.0538065 -0.057169 -0.0324127 -0.0561438 -0.0490993 -0.0596197 -0.0605882 -0.093665 -0.071672 -0.0626367 -0.0538065 -0.057169 -0.0324127 -0.0561438 -0.0490993
20220207 0.0469246 0.0469246 -0.0392617 -0.0360827 -0.0354113 -0.0346741 -0.0131339 -0.0214154 -0.00727673 0.0119905 0.00712321 -0.0400108 -0.0354328 0.00605599 -0.0221255 -0.0646535 -0.0443538 -0.0694292 -0.0227828 -0.0144679 -0.0235935 -0.0320156 -0.0354328 0.00605599 -0.0221255 -0.0646535 -0.0443538 -0.0694292 -0.0227828 -0.0144679 -0.0235935 -0.0320156
20220208 0.0722 0.0722 -0.0651343 -0.0604119 -0.0549998 -0.0540729 -0.0569422 -0.0547757 -0.0404296 -0.0250414 -0.0314451 0.00883519 -0.0587067 -0.0358194 -0.0514706 -0.0387538 -0.0595335 -0.0698958 -0.0614722 -0.0370923 -0.0706895 -0.0424024 -0.0587067 -0.0358194 -0.0514706 -0.0387538 -0.0595335 -0.0698958 -0.0614722 -0.0370923 -0.0706895 -0.0424024
20220209 0.0257061 0.0257061 -0.0370807 -0.0414929 -0.0293157 -0.0537364 -0.0641676 -0.0428866 -0.0573272 -0.0245569 0.00664275 -0.0255102 -0.0242234 -0.077406 -0.0475438 -0.0539993 -0.0425003 -0.0713843 -0.0786603 -0.0255442 -0.0239195 -0.0702075 -0.0242234 -0.077406 -0.0475438 -0.0539993 -0.0425003 -0.0713843 -0.0786603 -0.0255442 -0.0239195 -0.0702075
20220210 -0.00843632 -0.00843632 0.0113689 0.0151248 0.0131423 -0.00119836 0.0219404 0.019379 0.014709 0.0110436 0.0321129 0.0386496 0.00809457 0.0224318 -0.00720902 0.00709177 -0.0516276 -0.0202212 -0.0382676 -0.0436648 -0.0457721 -0.0035501 0.00809457 0.0224318 -0.00720902 0.00709177 -0.0516276 -0.0202212 -0.0382676 -0.0436648 -0.0457721 -0.0035501
20220211 -0.0154844 -0.0154844 0.0134232 0.0104901 0.0165386 0.00924235 0.00857271 0.0421977 0.0483244 0.00026647 0.0269929 0.0237267 0.0211215 0.0096787 -0.00434051 -0.00777472 -0.0205776 -0.0122508 0.0252079 -0.00244843 0.00262036 -0.00184193 0.0211215 0.0096787 -0.00434051 -0.00777472 -0.0205776 -0.0122508 0.0252079 -0.00244843 0.00262036 -0.00184193
20220212 -0.00494351 -0.00494351 -0.00366828 -0.00186865 0.010166 0.0506383 0.0627309 0.0698629 0.0733702 0.0728054 0.0691805 0.0671852 -0.00102086 0.0163576 0.0306464 0.0538482 0.0112042 -0.0160407 0.0237065 0.0210748 0.0158527 0.0340964 -0.00102086 0.0163576 0.0306464 0.0538482 0.0112042 -0.0160407 0.0237065 0.0210748 0.0158527 0.0340964
20220213 0.0112264 0.0112264 0.00877835 0.0125139 0.0106708 0.0190675 0.00141197 0.00369282 -0.00368092 -0.0238889 -0.00553883 0.00307042 0.0138348 0.00130647 0.00581001 -0.000971131 0.0186211 -0.0306855 -0.0665683 -0.00521773 -0.00949601 -0.0358981 0.0138348 0.00130647 0.00581001 -0.000971131 0.0186211 -0.0306855 -0.0665683 -0.00521773 -0.00949601 -0.0358981
20220214 0.0530518 0.0530518 -0.076729 -0.0735605 -0.0812711 -0.0879189 -0.068153 -0.0613344 -0.0532015 -0.0630761 -0.0293536 -0.0413339 -0.0712634 -0.0519851 -0.0645123 -0.025524 -0.0546463 -0.0102095 -0.104642 -0.10022 -0.0786167 -0.0939539 -0.0712634 -0.0519851 -0.0645123 -0.025524 -0.0546463 -0.0102095 -0.104642 -0.10022 -0.0786167 -0.0939539
20220215 0.0635547 0.0635547 -0.0752 -0.071229 -0.0823134 -0.0863835 -0.0803774 -0.0990362 -0.0539701 -0.0643446 -0.0782629 -0.0468479 -0.0695696 -0.0433512 -0.0377178 -0.0642526 -0.032591 -0.0636791 -0.0513153 -0.0748428 -0.0805495 -0.0604449 -0.0695696 -0.0433512 -0.0377178 -0.0642526 -0.032591 -0.0636791 -0.0513153 -0.0748428 -0.0805495 -0.0604449
20220216 0.0557504 0.0557504 -0.0606352 -0.0755376 -0.0677146 -0.081005 -0.0626898 -0.0636891 -0.0645878 -0.0803563 -0.0645075 -0.0720472 -0.0723812 -0.0608372 -0.0917373 -0.0515425 -0.0108934 0.0226648 0.000232477 0.0159142 -0.0581594 -0.0380103 -0.0723812 -0.0608372 -0.0917373 -0.0515425 -0.0108934 0.0226648 0.000232477 0.0159142 -0.0581594 -0.0380103
20220217 0.0594226 0.0594226 -0.0704579 -0.062375 -0.0579362 -0.0528181 -0.0610506 -0.0809496 -0.0390311 -0.0526639 -0.0259274 -0.0606823 -0.0726234 -0.0636324 -0.0309664 -0.0477282 -0.0265029 -0.0392027 -0.00406052 -0.0129105 0.00711704 -0.0364773 -0.0726234 -0.0636324 -0.0309664 -0.0477282 -0.0265029 -0.0392027 -0.00406052 -0.0129105 0.00711704 -0.0364773
20220218 0.0148176 0.0148176 -0.017733 -0.0162278 -0.0537489 -0.0639914 -0.0475652 -0.0106007 0.00272555 0.0101979 -0.0223516 0.00804085 -0.0148073 -0.00694088 -0.0168082 -0.0304417 0.00519747 -0.0206627 -0.00463106 0.0404472 -0.00365726 0.0437423 -0.0148073 -0.00694088 -0.0168082 -0.0304417 0.00519747 -0.0206627 -0.00463106 0.0404472 -0.00365726 0.0437423
20220219 -0.0120939 -0.0120939 -0.0127785 -0.014053 0.00559011 -0.0215367 -0.019599 0.0135707 0.0395305 0.0128749 0.03146 0.0509708 -0.014223 -0.0239728 -0.0158833 0.00239576 0.00129491 0.0167171 0.00987789 0.016424 0.0150753 -0.0320049 -0.014223 -0.0239728 -0.0158833 0.00239576 0.00129491 0.0167171 0.00987789 0.016424 0.0150753 -0.0320049
20220220 0.0327275 0.0327275 -0.0255467 -0.0298625 -0.0332874 -0.0361077 -0.00838616 -0.0333905 -0.0346825 -0.0071521 0.011009 -0.0222469 -0.0264314 -0.0153226 -0.0137776 -0.0314829 -0.00589266 -0.0200902 0.0443365 0.0303317 0.00262469 -0.0280571 -0.0264314 -0.0153226 -0.0137776 -0.0314829 -0.00589266 -0.0200902 0.0443365 0.0303317 0.00262469 -0.0280571
20220221 0.0574326 0.0574326 -0.0540206 -0.0546858 -0.0661124 -0.0643101 -0.0637536 -0.0810512 -0.056783 -0.0702691 -0.029744 -0.0500188 -0.0499936 -0.0729346 -0.0613397 -0.0421812 -0.0276797 -0.040935 -0.0593917 -0.0459837 -0.035595 -0.0669677 -0.0499936 -0.0729346 -0.0613397 -0.0421812 -0.0276797 -0.040935 -0.0593917 -0.0459837 -0.035595 -0.0669677
20220222 0.0779903 0.0779903 -0.0720828 -0.0684983 -0.0706166 -0.0707979 -0.0629019 -0.0640242 -0.0727791 -0.0574677 -0.0492601 -0.0550056 -0.0665144 -0.0671315 -0.0630296 -0.110469 -0.0671009 -0.121916 -0.124392 -0.0872741 -0.0944653 -0.065237 -0.0665144 -0.0671315 -0.0630296 -0.110469 -0.0671009 -0.121916 -0.124392 -0.0872741 -0.0944653 -0.065237
20220223 0.0153588 0.0153588 0.00145263 -0.0110529 0.00311816 -0.0050325 0.00351444 0.0079899 0.0227579 -0.026863 -0.000189117 0.0117005 -0.0211439 -0.00400006 -0.0253488 -0.0296562 -0.066857 -0.0365873 -0.0591159 -0.0613283 -0.0498914 -0.0634472 -0.0211439 -0.00400006 -0.0253488 -0.0296562 -0.066857 -0.0365873 -0.0591159 -0.0613283 -0.0498914 -0.0634472
20220224 0.00967034 0.00967034 0.00350311 0.0164752 0.0177352 0.0316912 0.0444654 0.00599072 0.0400739 0.0231925 -0.00394792 0.0350535 0.00196165 0.00569377 0.0153129 0.0379033 -0.0339725 -0.0962079 -0.0301578 -0.0544253 -0.049604 -0.00523888 0.00196165 0.00569377 0.0153129 0.0379033 -0.0339725 -0.0962079 -0.0301578 -0.0544253 -0.049604 -0.00523888
20220225 0.0372524 0.0372524 -0.064341 -0.0580487 -0.0304163 -0.0381064 -0.00372306 -0.014529 -0.0416483 -0.0172856 -0.0433288 -0.0461897 -0.0583264 -0.013741 -0.0433311 -0.0710749 0.0208163 -0.0181687 -0.0394486 -0.0262201 -0.0145755 -0.031652 -0.0583264 -0.013741 -0.0433311 -0.0710749 0.0208163 -0.0181687 -0.0394486 -0.0262201 -0.0145755 -0.031652
20220226 0.0573003 0.0573003 -0.026681 -0.0226031 -0.0446719 -0.0385137 -0.0257955 -0.0166173 -0.00252897 -0.0233244 -0.0268348 -0.00238829 -0.0283505 -0.00978481 -0.00695655 -0.0545016 -0.0469036 0.0395298 -0.00847653 0.0219536 0.0263227 0.0251744 -0.0283505 -0.00978481 -0.00695655 -0.0545016 -0.0469036 0.0395298 -0.00847653 0.0219536 0.0263227 0.0251744
20220227 -0.0499807 -0.0499807 0.059356 0.0570969 0.0535751 0.0545557 0.0521301 0.0328481 0.0319652 0.0217834 -0.00118788 0.00290694 0.0599964 0.0365676 -0.021919 -0.003775 -0.0176742 0.0104556 0.0686548 0.0713987 0.0433264 0.0300565 0.0599964 0.0365676 -0.021919 -0.003775 -0.0176742 0.0104556 0.0686548 0.0713987 0.0433264 0.0300565
20220228 -0.0657184 -0.0657184 0.027034 0.0266926 0.0343899 0.0386983 0.0500609 0.0232743 0.0182996 -0.0045363 0.0313314 0.0152497 0.0279383 0.0533793 0.00875003 -0.0202667 0.0272026 0.0326823 -0.0103699 0.0593634 0.0987513 0.0509039 0.0279383 0.0533793 0.00875003 -0.0202667 0.0272026 0.0326823 -0.0103699 0.0593634 0.0987513 0.0509039
20220301 -0.0418373 -0.0418373 0.0122872 0.0126597 0.00549681 0.0235237 0.0133457 0.0222105 -0.0146161 -0.0294003 -0.0267096 -0.0194263 0.0164481 0.00578854 0.0197499 -0.0283485 -0.0461263 -0.0244787 -0.00668985 0.00928065 0.0405646 0.0248133 0.0164481 0.00578854 0.0197499 -0.0283485 -0.0461263 -0.0244787 -0.00668985 0.00928065 0.0405646 0.0248133
20220302 -0.01052 -0.01052 -0.0130155 -0.017613 -0.0238332 -0.0151094 0.00453959 -0.010798 0.00903478 0.00704304 -0.0169357 -0.0228958 0.0127497 0.0263144 -0.0118823 -0.00745117 -0.00584908 -0.0198693 0.00273785 -0.00429104 -0.0160094 -0.0110994 0.0127497 0.0263144 -0.0118823 -0.00745117 -0.00584908 -0.0198693 0.00273785 -0.00429104 -0.0160094 -0.0110994
20220303 0.0150134 0.0150134 -0.00561802 -0.0141373 -0.00620464 -0.000811918 -0.0186791 -0.0357091 -0.000201739 -0.0141481 -0.0166977 0.00122181 -0.00930588 0.000518156 0.0348948 0.0149923 0.0412809 0.00323938 -0.00608443 0.00237846 -0.0447455 -0.0359628 -0.00930588 0.000518156 0.0348948 0.0149923 0.0412809 0.00323938 -0.00608443 0.00237846 -0.0447455 -0.0359628
20220304 0.0286179 0.0286179 0.00107243 -0.0106051 -0.0116017 0.00175347 0.00489743 -0.0121442 -0.018105 -0.0185728 -0.0171902 0.0730635 -0.0112162 0.032229 -0.00705527 0.0126306 0.0135198 0.0109543 0.0015691 -0.0215923 -0.0475901 -0.074516 -0.0112162 0.032229 -0.00705527 0.0126306 0.0135198 0.0109543 0.0015691 -0.0215923 -0.0475901 -0.074516
20220305 0.0425137 0.0425137 -0.0494609 -0.0527188 -0.0588619 0.00475467 -0.0160072 0.00171886 -0.00277808 -0.000888136 -0.0112609 0.0217063 -0.0515295 0.0162883 0.0412059 -0.00771371 0.0370993 0.0453315 -0.0172864 -0.000295584 0.0107388 0.0137368 -0.0515295 0.0162883 0.0412059 -0.00771371 0.0370993 0.0453315 -0.0172864 -0.000295584 0.0107388 0.0137368
20220306 -0.0583624 -0.0583624 0.0677769 0.0646778 0.0512491 0.0427023 0.0888177 0.0748249 0.0776862 0.0500814 0.0280391 0.0568667 0.0717714 0.0420326 0.0607292 0.0411885 0.0360803 0.0723479 0.00402959 0.00210733 -0.0234012 -0.00407646 0.0717714 0.0420326 0.0607292 0.0411885 0.0360803 0.0723479 0.00402959 0.00210733 -0.0234012 -0.00407646
20220307 -0.0259594 -0.0259594 0.0625917 0.0558294 0.0685636 0.0353968 0.0285572 0.0325077 0.0416617 0.0219036 0.0645536 0.0138721 0.0643192 0.049029 0.0447397 0.0273892 0.0324507 0.0608169 0.0103685 -0.0198121 -0.00839362 0.00291691 0.0643192 0.049029 0.0447397 0.0273892 0.0324507 0.0608169 0.0103685 -0.0198121 -0.00839362 0.00291691
20220308 0.0353289 0.0353289 -0.0104317 -0.00969933 -0.0110676 0.00313768 -0.0157056 -0.0109915 0.0304541 0.0058604 0.00211249 0.0171543 -0.00231131 -0.0178385 0.00132771 -0.0185819 -0.0170408 0.00842555 -0.0213732 -0.000522119 -0.0408044 -0.0208005 -0.00231131 -0.0178385 0.00132771 -0.0185819 -0.0170408 0.00842555 -0.0213732 -0.000522119 -0.0408044 -0.0208005
20220309 -0.0150774 -0.0150774 0.00388517 -0.00467343 -0.012811 -0.00724706 -0.0173322 -0.0238588 -0.0467314 -0.0474597 -0.0213833 -0.0242995 0.0198988 0.000815237 -0.0630531 0.000862737 -0.00914632 0.0182415 0.0422282 -0.0162218 0.0128614 -0.000726865 0.0198988 0.000815237 -0.0630531 0.000862737 -0.00914632 0.0182415 0.0422282 -0.0162218 0.0128614 -0.000726865
20220310 -0.0174033 -0.0174033 0.0172397 -0.0196044 -0.0316358 -0.0259464 -0.0365778 -0.0240964 -0.00732317 0.00160761 0.0236147 -0.000540522 0.0196668 0.0352331 0.00166568 -0.0467631 0.0152673 -0.0197905 0.00684714 0.0281246 -0.00302668 0.0210639 0.0196668 0.0352331 0.00166568 -0.0467631 0.0152673 -0.0197905 0.00684714 0.0281246 -0.00302668 0.0210639
20220311 -0.0751464 -0.0751464 0.0699198 0.0777113 0.032158 0.038696 0.0485602 0.0413158 0.0409106 0.0186459 0.0203619 0.0272164 0.0780779 0.0493308 0.0857842 0.035706 0.0291086 0.0851035 -0.006813 -0.0190062 0.0229715 -0.0338468 0.0780779 0.0493308 0.0857842 0.035706 0.0291086 0.0851035 -0.006813 -0.0190062 0.0229715 -0.0338468
20220312 -0.0362234 -0.0362234 0.0721501 0.066916 0.0756105 0.0569447 0.0767392 0.0715834 0.0679732 0.0631938 0.026125 0.0833759 0.0674039 0.0728278 0.0338032 0.090489 0.0522033 0.0747001 0.0764232 0.0610198 0.0478406 0.0679768 0.0674039 0.0728278 0.0338032 0.090489 0.0522033 0.0747001 0.0764232 0.0610198 0.0478406 0.0679768
20220313 -0.0199648 -0.0199648 0.0229178 0.0139712 0.0161563 0.0264413 -0.0100273 0.0228787 0.0119707 0.0117349 -0.0186482 0.0230459 0.0178675 0.0292984 -0.0131522 -0.00439216 0.0614664 0.0571575 0.0129579 0.0739713 0.071938 0.0897426 0.0178675 0.0292984 -0.0131522 -0.00439216 0.0614664 0.0571575 0.0129579 0.0739713 0.071938 0.0897426
20220314 0.00969999 0.00969999 0.00543097 0.00109596 0.00847616 -0.00143519 0.000546983 0.0291923 0.0305048 0.0171771 0.00204939 -0.0030648 0.00703845 0.0455585 -0.0106912 -0.0185058 0.0188153 0.0857379 0.0521594 0.0566751 0.0878861 0.0615689 0.00703845 0.0455585 -0.0106912 -0.0185058 0.0188153 0.0857379 0.0521594 0.0566751 0.0878861 0.0615689
20220315 0.0230918 0.0230918 -0.0272219 -0.0307405 -0.0306478 -0.0287364 -0.0219195 -0.0264893 -0.0669583 -0.0702496 -0.0630569 -0.0689467 -0.0284226 -0.0120528 -0.0267992 -0.0480634 -0.0620283 -0.0457771 0.0359015 0.0325646 0.0409578 0.0405721 -0.0284226 -0.0120528 -0.0267992 -0.0480634 -0.0620283 -0.0457771 0.0359015 0.0325646 0.0409578 0.0405721
20220316 0.0303728 0.0303728 -0.0486142 -0.0408069 -0.0294694 -0.0570552 -0.0472246 -0.0486279 -0.0482589 -0.0400904 -0.044347 -0.03426 -0.0266739 -0.0484588 -0.0717642 -0.0365781 -0.0771831 -0.0346412 0.00944826 0.0551972 0.0324166 0.0366296 -0.0266739 -0.0484588 -0.0717642 -0.0365781 -0.0771831 -0.0346412 0.00944826 0.0551972 0.0324166 0.0366296
20220317 0.0293698 0.0293698 -0.0293643 -0.028579 -0.0425485 -0.0224804 -0.0197486 -0.0387599 -0.0620945 -0.0304101 -0.0570354 -0.0652727 -0.0279303 -0.0530368 -0.0791992 -0.0694655 -0.0361461 -0.0533993 -0.0530618 -0.01627 0.041343 0.00369895 -0.0279303 -0.0530368 -0.0791992 -0.0694655 -0.0361461 -0.0533993 -0.0530618 -0.01627 0.041343 0.00369895
20220318 0.0180282 0.0180282 -0.0166047 -0.0149835 -0.025031 -0.0298308 -0.0153217 -0.000305829 0.02537 -0.0130622 0.0110692 -0.0638401 -0.0225946 -0.0214138 -0.0295127 -0.044599 -0.04578 -0.017241 -0.0238033 -0.0202845 -0.0256203 0.00806696 -0.0225946 -0.0214138 -0.0295127 -0.044599 -0.04578 -0.017241 -0.0238033 -0.0202845 -0.0256203 0.00806696
20220319 0.00102811 0.00102811 -0.00348353 -0.00549782 -0.01481 -0.051748 -0.0353166 -0.0324781 -0.0345677 -0.0620298 -0.047923 -0.0343887 -0.00376607 -0.00899547 -0.0488467 -0.0305147 -0.0554097 -0.062285 -0.0571435 -0.0107731 -0.0352785 -0.0247315 -0.00376607 -0.00899547 -0.0488467 -0.0305147 -0.0554097 -0.062285 -0.0571435 -0.0107731 -0.0352785 -0.0247315
20220320 0.00631689 0.00631689 -0.0203289 -0.0214069 -0.00882485 -0.00862022 -0.00964862 -0.00698478 0.00414551 0.0384675 0.0314373 -0.0217025 -0.0169164 -0.0304834 -0.0634772 -0.0648007 -0.0404695 -0.0159186 -0.0306869 -0.0376569 0.0668606 0.0627624 -0.0169164 -0.0304834 -0.0634772 -0.0648007 -0.0404695 -0.0159186 -0.0306869 -0.0376569 0.0668606 0.0627624
20220321 0.059124 0.059124 -0.0572816 -0.0644259 -0.0604433 -0.0672418 -0.0296268 -0.0424898 -0.0169501 -0.020072 0.00205873 0.0380311 -0.0573293 -0.0618256 -0.0148663 -0.026011 -0.0510847 -0.00220426 -0.00805301 -0.0510142 -0.0613525 0.0217944 -0.0573293 -0.0618256 -0.0148663 -0.026011 -0.0510847 -0.00220426 -0.00805301 -0.0510142 -0.0613525 0.0217944
20220322 0.0270813 0.0270813 -0.0199583 -0.0223367 -0.0189073 -0.0364189 -0.0343756 0.0262746 0.00906673 0.00920773 -0.0294761 -0.0356607 -0.023944 -0.031491 -0.049174 0.0227958 0.00698627 -0.0433767 -0.0357535 0.000680901 -0.0552932 -0.0435217 -0.023944 -0.031491 -0.049174 0.0227958 0.00698627 -0.0433767 -0.0357535 0.000680901 -0.0552932 -0.0435217
20220323 -0.00920434 -0.00920434 0.00453492 -0.00200978 0.00692528 0.0145062 0.00943602 0.00393549 -0.0184193 0.0103294 -0.0137862 -0.0182663 0.0228076 -0.00230152 -0.000786249 0.0029647 0.0691667 0.023033 -0.0148277 -0.0178626 -0.0156467 -0.0097657 0.0228076 -0.00230152 -0.000786249 0.0029647 0.0691667 0.023033 -0.0148277 -0.0178626 -0.0156467 -0.0097657
20220324 -0.0014143 -0.0014143 0.0141441 0.00892611 -0.00139187 -0.00198414 0.00704082 -0.0184982 -0.00300556 -0.00899404 0.0395259 -0.0203667 0.0189639 0.000786612 -0.0269948 -0.0374802 -0.0353729 0.0387666 0.0225123 0.000445618 -0.00716939 -0.0208884 0.0189639 0.000786612 -0.0269948 -0.0374802 -0.0353729 0.0387666 0.0225123 0.000445618 -0.00716939 -0.0208884
20220325 -0.00279409 -0.00279409 -0.00942118 -0.00627931 -0.0104699 0.00234045 0.00213411 -0.0108115 0.012604 0.0343353 -0.00782189 0.00967486 -0.00942101 0.00421797 0.0235845 -0.0331585 -0.0365961 -0.0234313 0.0156095 0.0112084 0.00629604 -0.000420481 -0.00942101 0.00421797 0.0235845 -0.0331585 -0.0365961 -0.0234313 0.0156095 0.0112084 0.00629604 -0.000420481
20220326 0.0078409 0.0078409 0.00768644 0.00768265 0.00915881 -5.78089e-05 0.0097592 0.00886232 0.0192134 0.0137922 0.0389877 -0.00238797 0.0127644 0.00893458 -0.0120856 -0.0179448 -0.0481129 -0.0595522 0.004453 -0.0125677 -0.0152603 0.00874287 0.0127644 0.00893458 -0.0120856 -0.0179448 -0.0481129 -0.0595522 0.004453 -0.0125677 -0.0152603 0.00874287
20220327 0.0202605 0.0202605 -0.0414585 -0.0307602 -0.0307584 -0.0276648 -0.0180196 -0.00477549 -0.0199963 -0.00922375 -0.0299179 -0.0213802 -0.0429899 -0.00697483 -0.0470191 -0.0515155 -0.0687017 -0.0608004 -0.0870148 -0.0539716 -0.02797 -0.0243929 -0.0429899 -0.00697483 -0.0470191 -0.0515155 -0.0687017 -0.0608004 -0.0870148 -0.0539716 -0.02797 -0.0243929
20220328 0.00804416 0.00804416 -0.00277886 0.00252855 -0.00582225 -0.00582537 0.013334 -0.013752 -0.0128727 -0.0509264 -0.0387673 -0.0294226 0.000819835 0.00866116 -0.00676459 -0.00618294 0.0240314 -0.040207 -0.0118133 -0.0280709 0.00275489 -0.00214187 0.000819835 0.00866116 -0.00676459 -0.00618294 0.0240314 -0.040207 -0.0118133 -0.0280709 0.00275489 -0.00214187
20220329 0.000238501 0.000238501 -0.0181266 0.00175127 -0.0110402 -0.0035588 -0.00356974 -0.024802 -0.0246777 0.0385197 -0.00485527 -0.0410039 -0.0145362 0.0153532 -0.000550412 0.0157838 0.0468516 0.0546672 0.00129133 0.0738848 -0.00040209 0.0337402 -0.0145362 0.0153532 -0.000550412 0.0157838 0.0468516 0.0546672 0.00129133 0.0738848 -0.00040209 0.0337402
20220330 -0.0164185 -0.0164185 0.00897279 -0.00360691 -0.00835623 -0.00406467 -0.00601391 -0.00623113 -0.0051974 -0.00754619 0.0010392 -0.000708794 0.0170019 0.00212846 0.00592084 0.0369966 0.0587409 0.0416813 0.0544436 0.0231732 0.0853189 0.0387604 0.0170019 0.00212846 0.00592084 0.0369966 0.0587409 0.0416813 0.0544436 0.0231732 0.0853189 0.0387604
20220331 -0.0438298 -0.0438298 0.0461734 0.000257969 0.0067714 0.00375584 0.0213501 0.00456902 0.00458844 0.00813339 0.0418793 0.0596244 0.0474695 0.0433533 -0.0170415 -0.00901996 0.0231395 -0.000856582 -0.0065026 0.0206524 -0.00497871 0.0921382 0.0474695 0.0433533 -0.0170415 -0.00901996 0.0231395 -0.000856582 -0.0065026 0.0206524 -0.00497871 0.0921382
20220401 -0.00732305 -0.00732305 0.0208758 0.0111032 0.0608715 0.0716038 0.0332819 0.0782853 0.0513424 0.0513151 0.0188164 0.09322 0.0230567 0.0327484 0.00214303 0.0192213 0.0269765 -0.00500136 -0.0318297 -0.0215964 0.014324 0.0105727 0.0230567 0.0327484 0.00214303 0.0192213 0.0269765 -0.00500136 -0.0318297 -0.0215964 0.014324 0.0105727
20220402 0.0348071 0.0348071 -0.0144869 -0.0135538 -0.0133369 -7.41192e-05 0.00266106 0.0105011 0.00794487 -0.0332194 -0.0332435 -0.0464515 -0.0166094 -0.0291793 0.00177848 -0.0315165 -0.00551203 -0.0184242 0.0111844 -0.0122705 -0.0169601 -0.00268758 -0.0166094 -0.0291793 0.00177848 -0.0315165 -0.00551203 -0.0184242 0.0111844 -0.0122705 -0.0169601 -0.00268758
20220403 0.0239797 0.0239797 -0.00560006 -0.00209434 0.00304374 0.00485534 0.000666003 -0.00427607 -0.00747968 -0.00927522 -0.030188 -0.0302011 0.00378333 -0.00227266 -0.0491858 -0.00337038 -0.0195783 -0.0137165 -0.007483 0.0554559 0.0196689 -0.0034972 0.00378333 -0.00227266 -0.0491858 -0.00337038 -0.0195783 -0.0137165 -0.007483 0.0554559 0.0196689 -0.0034972
20220404 0.0116983 0.0116983 0.00402417 0.00935969 0.00977684 -0.00243258 0.0240647 -0.0285772 -0.00479932 -0.0301414 -0.0347101 -0.0257562 0.0150894 -0.00475608 0.00178271 -0.026829 -0.0229327 -0.0548234 -0.0712201 -0.061013 0.025401 0.0244885 0.0150894 -0.00475608 0.00178271 -0.026829 -0.0229327 -0.0548234 -0.0712201 -0.061013 0.025401 0.0244885
20220405 0.0120616 0.0120616 0.0135989 0.0244317 0.0100582 0.016967 0.0339476 0.0187014 -0.0251803 -0.023661 -0.0581215 -0.0445485 0.0224392 0.0110355 -0.0218094 -0.00676359 0.00248778 -0.00434466 -0.0722432 -0.0728121 -0.0641262 0.0158095 0.0224392 0.0110355 -0.0218094 -0.00676359 0.00248778 -0.00434466 -0.0722432 -0.0728121 -0.0641262 0.0158095
20220406 0.0302627 0.0302627 -0.0246396 -0.024091 -0.0386554 -0.0366435 -0.050371 -0.0168499 0.00333146 -0.0304119 -0.0249686 -0.015022 -0.0237421 -0.0121717 -0.0164315 -0.0214191 0.0141758 0.00566814 -0.000587375 -0.0232836 -0.0227956 -0.0274557 -0.0237421 -0.0121717 -0.0164315 -0.0214191 0.0141758 0.00566814 -0.000587375 -0.0232836 -0.0227956 -0.0274557
20220407 0.0227241 0.0227241 -0.00826211 -0.0189093 -0.0200359 -0.0233348 -0.0280968 -0.0185855 -0.0245896 -0.0323996 -0.0262971 -0.0315865 -0.0130402 -0.0262377 0.0184133 0.00978381 0.0070103 -0.00615849 -0.0350239 -0.0366058 -0.0441634 -0.0129938 -0.0130402 -0.0262377 0.0184133 0.00978381 0.0070103 -0.00615849 -0.0350239 -0.0366058 -0.0441634 -0.0129938
20220408 0.0289629 0.0289629 -0.0349818 -0.0310918 -0.0171653 -0.0263786 -0.0179096 -0.0101307 -0.0232449 0.00228274 -0.0107209 -0.0610228 -0.0349811 0.0115482 0.0085136 -0.0120622 0.0211496 -0.0103655 -0.00826237 -0.0542603 -0.0332351 -0.10368 -0.0349811 0.0115482 0.0085136 -0.0120622 0.0211496 -0.0103655 -0.00826237 -0.0542603 -0.0332351 -0.10368
20220409 -0.0323099 -0.0323099 0.0352586 0.0352594 0.0371526 0.0225229 0.0097756 0.0250293 0.031792 -0.00621841 0.00769502 -0.00599512 0.0259866 0.0298124 0.0244052 0.0132444 -0.0157989 0.0396038 0.0233964 -0.0044977 -0.0621782 -0.0701258 0.0259866 0.0298124 0.0244052 0.0132444 -0.0157989 0.0396038 0.0233964 -0.0044977 -0.0621782 -0.0701258
20220410 0.0129209 0.0129209 -0.0171702 -0.0271808 -0.027183 -0.0322102 -0.0429875 -0.0715378 -0.0713621 -0.0551405 -0.0608674 -0.0328748 -0.0160685 -0.0565556 -0.0294552 -0.0386379 -0.0537245 -0.10673 -0.100818 -0.0684855 -0.089745 -0.126282 -0.0160685 -0.0565556 -0.0294552 -0.0386379 -0.0537245 -0.10673 -0.100818 -0.0684855 -0.089745 -0.126282
20220411 0.0155642 0.0155642 -0.0190133 -0.0163207 -0.0070902 -0.00709077 -0.0221335 -0.0431674 -0.0708568 -0.0305017 0.0109216 -0.00471415 -0.0238334 0.0107151 -0.0549039 -0.0262601 -0.0281132 -0.0741029 -0.0594803 -0.0662607 -0.0474213 -0.0523951 -0.0238334 0.0107151 -0.0549039 -0.0262601 -0.0281132 -0.0741029 -0.0594803 -0.0662607 -0.0474213 -0.0523951
20220412 0.0193728 0.0193728 -0.0193175 -0.0197202 -0.0152039 -0.00741885 -0.00742038 -0.022647 0.0131689 -0.0195591 0.0106446 0.0207064 -0.00462397 -0.00106288 0.016205 -0.012437 0.00835042 0.0349631 0.0221877 0.00426425 -0.018499 -0.0313785 -0.00462397 -0.00106288 0.016205 -0.012437 0.00835042 0.0349631 0.0221877 0.00426425 -0.018499 -0.0313785
20220413 -0.0117144 -0.0117144 0.00976386 0.0138158 0.0114362 0.0083078 0.0212949 0.0212952 0.010632 0.0284863 -0.0353755 0.00318241 0.0213806 0.0118195 -0.0345996 0.0140417 0.0323767 0.00883525 0.049431 0.0502076 0.00126667 0.019801 0.0213806 0.0118195 -0.0345996 0.0140417 0.0323767 0.00883525 0.049431 0.0502076 0.00126667 0.019801
20220414 -0.0159085 -0.0159085 0.0344892 0.0415508 0.0395871 0.0454669 0.0629117 0.0526622 0.0524278 0.076805 0.0278713 0.0579929 0.0388371 0.066525 0.0543744 0.058197 0.0605919 0.0464711 0.048303 0.0892817 0.042555 -0.0241059 0.0388371 0.066525 0.0543744 0.058197 0.0605919 0.0464711 0.048303 0.0892817 0.042555 -0.0241059
20220415 -0.0213054 -0.0213054 0.0229813 0.027473 0.00812274 0.00419984 0.0126177 0.0297906 0.0261435 0.0261421 0.0306616 0.00360028 0.0232445 0.0217926 0.0145803 0.0189342 0.0514692 0.044729 0.0340739 0.0501709 0.0408167 0.0353279 0.0232445 0.0217926 0.0145803 0.0189342 0.0514692 0.044729 0.0340739 0.0501709 0.0408167 0.0353279
20220416 -0.0744457 -0.0744457 0.0581882 0.0616452 0.0516104 0.0257446 0.0223083 0.00158424 0.0142592 0.0659884 0.0659827 0.0297005 0.0552849 0.0441462 0.0764248 0.0585109 0.0562104 0.0816148 0.0457154 0.052079 0.00900635 -0.00889896 0.0552849 0.0441462 0.0764248 0.0585109 0.0562104 0.0816148 0.0457154 0.052079 0.00900635 -0.00889896
20220417 -0.00417213 -0.00417213 -0.0257173 -0.0302216 -0.0455551 -0.034038 -0.0565292 -0.037445 -0.0140125 -0.0451163 -0.00917218 -0.00915765 -0.0238826 -0.042402 -0.0486989 -0.0234229 -0.0109829 -0.0204266 0.0374536 -0.0130002 -0.0139329 -0.00250368 -0.0238826 -0.042402 -0.0486989 -0.0234229 -0.0109829 -0.0204266 0.0374536 -0.0130002 -0.0139329 -0.00250368
20220418 0.027123 0.027123 -0.0864524 -0.0887013 -0.0820476 -0.0817601 -0.0877486 -0.0239887 -0.0392868 -0.0658504 -0.0336429 -0.0321602 -0.0879878 -0.0837875 -0.0680971 -0.121209 -0.0754314 -0.0492802 -0.0417657 -0.00635156 -0.0402818 -0.00725263 -0.0879878 -0.0837875 -0.0680971 -0.121209 -0.0754314 -0.0492802 -0.0417657 -0.00635156 -0.0402818 -0.00725263
20220419 0.0540562 0.0540562 -0.034319 -0.0266828 -0.031572 -0.0370714 -0.0432429 -0.0351078 0.00394885 -0.0178723 -0.0111724 -0.0368478 -0.0358037 -0.0521467 -0.0606304 -0.024221 -0.0713495 -0.0454427 -0.0240292 0.0531275 0.0420591 0.0567857 -0.0358037 -0.0521467 -0.0606304 -0.024221 -0.0713495 -0.0454427 -0.0240292 0.0531275 0.0420591 0.0567857
20220420 0.0538317 0.0538317 -0.0235012 -0.0213844 -0.0235311 -0.0169996 -0.0257673 0.0152887 0.0110952 -0.0286132 -0.00798823 -0.0281326 -0.0431346 0.00992772 -0.0432064 -0.0582645 0.00315368 -0.0509402 -0.0481683 -0.0518285 -0.0161891 -0.00525094 -0.0431346 0.00992772 -0.0432064 -0.0582645 0.00315368 -0.0509402 -0.0481683 -0.0518285 -0.0161891 -0.00525094
20220421 0.0278525 0.0278525 -0.0424667 -0.0347234 -0.0278554 -0.0235805 -0.0148842 0.000702529 -0.0208171 -0.0246955 -0.0351632 -0.00174458 -0.0455034 -0.043906 -0.0325893 -0.0781695 -0.0391413 -0.0274009 -0.0439623 -0.0334548 -0.0388112 -0.0214117 -0.0455034 -0.043906 -0.0325893 -0.0781695 -0.0391413 -0.0274009 -0.0439623 -0.0334548 -0.0388112 -0.0214117
20220422 -0.0103259 -0.0103259 0.00636548 0.0109237 0.0338858 0.0148832 0.0218331 0.0118718 0.029279 0.00128907 -0.0277306 -0.0246822 -0.000480923 -0.0580549 -0.0480883 -0.0935487 -0.0734877 -0.0371827 -0.071861 -0.0325479 -0.00393694 -0.00350784 -0.000480923 -0.0580549 -0.0480883 -0.0935487 -0.0734877 -0.0371827 -0.071861 -0.0325479 -0.00393694 -0.00350784
20220423 -0.0393258 -0.0393258 0.0658853 0.053812 0.0522223 0.0450402 0.0580766 0.0438862 0.0196581 0.0321007 0.024769 0.010229 0.0684177 0.00370834 -0.0271102 -0.0212908 -0.0557486 -0.0207934 -0.0106833 -0.0286801 -0.00507471 0.0149894 0.0684177 0.00370834 -0.0271102 -0.0212908 -0.0557486 -0.0207934 -0.0106833 -0.0286801 -0.00507471 0.0149894
20220424 -0.0076456 -0.0076456 0.0256599 0.0318444 0.0199246 0.0211766 0.066242 0.0482741 0.0711171 0.0444654 0.0652142 0.060307 0.0307429 0.0519307 -0.00112212 -0.0516989 -0.0457675 -0.00763784 0.00817167 0.0579155 0.0237827 0.0365078 0.0307429 0.0519307 -0.00112212 -0.0516989 -0.0457675 -0.00763784 0.00817167 0.0579155 0.0237827 0.0365078
20220425 -0.0295825 -0.0295825 0.011825 0.0108454 0.0167894 0.00392726 0.0149039 0.0466576 0.0460724 0.0136134 0.051564 0.00510078 0.0126107 0.000377603 0.0296016 0.002507 -0.00800752 0.0343989 0.0255693 0.0926196 0.0525746 0.0495353 0.0126107 0.000377603 0.0296016 0.002507 -0.00800752 0.0343989 0.0255693 0.0926196 0.0525746 0.0495353
20220426 -0.0430025 -0.0430025 0.0706016 0.0695792 0.066427 0.0563937 0.0661304 0.0418272 0.0445155 0.040003 0.0371353 0.0609576 0.0584731 0.0381211 0.0272283 0.0369714 0.0451828 0.0317157 0.0604701 0.0455898 0.0678243 0.0486308 0.0584731 0.0381211 0.0272283 0.0369714 0.0451828 0.0317157 0.0604701 0.0455898 0.0678243 0.0486308
20220427 -0.0379369 -0.0379369 0.0275762 0.0204325 0.0166315 0.0283369 0.0171767 0.0170412 0.0204811 0.0323976 -0.0158364 0.0240193 0.0259908 0.0164967 -0.0360716 -0.0620679 -0.0381576 0.00118417 -0.013996 0.0327317 0.0114222 -0.0429694 0.0259908 0.0164967 -0.0360716 -0.0620679 -0.0381576 0.00118417 -0.013996 0.0327317 0.0114222 -0.0429694
20220428 -0.0293378 -0.0293378 0.0122858 0.0264573 0.0307182 0.0322465 0.034009 0.036542 0.0221796 0.00986845 -0.0395314 0.0050913 0.00899004 0.00969334 -0.00395066 -0.042963 -0.0495713 -0.0349272 0.00239604 0.0014859 0.0270039 -0.00421374 0.00899004 0.00969334 -0.00395066 -0.042963 -0.0495713 -0.0349272 0.00239604 0.0014859 0.0270039 -0.00421374
20220429 -0.0220857 -0.0220857 -0.000883441 0.00389682 0.0420177 0.0486518 0.032949 0.0486301 0.020552 0.0426058 0.0518581 0.00230922 0.000631521 -0.0219777 -0.0501939 -0.012974 -0.0339702 -0.00176874 0.0456973 0.0578348 0.0375527 0.037247 0.000631521 -0.0219777 -0.0501939 -0.012974 -0.0339702 -0.00176874 0.0456973 0.0578348 0.0375527 0.037247
20220430 -0.0584607 -0.0584607 0.0317255 0.0354107 0.0380277 0.0358568 0.017923 0.0434431 0.0243109 0.016961 0.0256252 0.0571083 0.0384372 0.0492746 0.0348065 0.0124048 -0.00212456 -0.0105308 -0.0162714 0.0025781 0.0150861 -0.00408502 0.0384372 0.0492746 0.0348065 0.0124048 -0.00212456 -0.0105308 -0.0162714 0.0025781 0.0150861 -0.00408502
20220501 -0.020294 -0.020294 -0.000382938 -0.00711821 -0.0116065 -0.014105 0.0220629 0.0301859 0.00639589 0.00607384 0.0116162 0.0135228 -0.00244006 0.0133771 0.043267 0.0313598 0.0139065 0.0232968 -0.0230766 0.0125626 0.00650653 0.00720335 -0.00244006 0.0133771 0.043267 0.0313598 0.0139065 0.0232968 -0.0230766 0.0125626 0.00650653 0.00720335
20220502 -0.062011 -0.062011 0.0669737 0.0553697 0.0602528 0.0588922 0.035944 0.0437607 0.0179812 0.0466169 0.0200019 0.0211215 0.0693993 0.0120119 0.073508 0.0386433 0.00204731 -0.0405834 -0.0211102 -0.0508963 -0.00753281 0.0452828 0.0693993 0.0120119 0.073508 0.0386433 0.00204731 -0.0405834 -0.0211102 -0.0508963 -0.00753281 0.0452828
20220503 -0.0732694 -0.0732694 0.057146 0.0658354 0.0693197 0.0714931 0.0522769 0.054373 0.0816719 0.0845701 0.0555615 0.0394379 0.0658102 0.0378923 -0.00224214 0.0776827 0.0742654 0.00561343 -0.0247323 0.0376065 -0.0307696 0.00214433 0.0658102 0.0378923 -0.00224214 0.0776827 0.0742654 0.00561343 -0.0247323 0.0376065 -0.0307696 0.00214433
20220504 -0.0113939 -0.0113939 0.013547 0.0117922 0.0156548 0.0031624 -0.0019997 0.0175385 0.0296622 0.0291585 0.0391916 0.031011 0.0119094 -0.00887705 -0.037777 -0.0647106 -0.0184268 -0.00901674 -0.0126645 -0.0408777 0.0380901 0.0159224 0.0119094 -0.00887705 -0.037777 -0.0647106 -0.0184268 -0.00901674 -0.0126645 -0.0408777 0.0380901 0.0159224
20220505 -0.056368 -0.056368 0.0582697 0.0322068 0.0352381 0.0319761 0.0466199 0.0358432 0.0431126 0.0193532 0.089526 0.0550986 0.0562547 0.0325726 -0.00923278 -0.00941873 0.00678148 -0.00704677 0.0153304 0.0222396 0.0224294 0.0601328 0.0562547 0.0325726 -0.00923278 -0.00941873 0.00678148 -0.00704677 0.0153304 0.0222396 0.0224294 0.0601328
20220506 -0.0443891 -0.0443891 0.0367417 0.0472102 0.00807516 0.0105112 0.00890499 0.0301669 0.0237718 0.0227904 0.027027 0.047417 0.0318383 0.0300681 0.000984901 0.0216184 0.0173851 0.003805 0.00485004 0.0230456 0.0239095 0.0236024 0.0318383 0.0300681 0.000984901 0.0216184 0.0173851 0.003805 0.00485004 0.0230456 0.0239095 0.0236024
20220507 -0.00943098 -0.00943098 0.0145253 0.0127848 0.0201178 -0.00481096 -0.00358029 -0.001967 -0.0135696 0.00218935 0.000292601 0.015202 0.0176312 0.0197679 -0.0070032 -0.0255005 0.0177382 -0.0134072 -0.0466016 -0.00508884 -0.00303305 0.00540475 0.0176312 0.0197679 -0.0070032 -0.0255005 0.0177382 -0.0134072 -0.0466016 -0.00508884 -0.00303305 0.00540475
20220508 0.00843934 0.00843934 0.0195503 0.0203033 0.0272958 0.0240786 -0.0242618 -0.0375463 -0.0373603 -0.0292132 0.00431115 -0.00543781 0.0134463 -0.00379771 -0.00780375 -0.00712481 -0.00709661 -0.0257375 -0.0506845 -0.0561469 -0.0272836 -0.0451549 0.0134463 -0.00379771 -0.00780375 -0.00712481 -0.00709661 -0.0257375 -0.0506845 -0.0561469 -0.0272836 -0.0451549
20220509 -0.00633744 -0.00633744 0.032649 0.0367283 0.0346884 0.0425445 0.0295351 -0.0156131 -0.0092618 -0.00811642 0.0186877 0.000762582 0.0302612 -0.000600114 -0.0166875 -0.0218366 0.00828431 -0.00635294 -0.00270027 -0.053505 -0.0365188 -0.0499334 0.0302612 -0.000600114 -0.0166875 -0.0218366 0.00828431 -0.00635294 -0.00270027 -0.053505 -0.0365188 -0.0499334
20220510 0.000324311 0.000324311 0.00501387 0.00919076 0.00653823 0.0137779 0.0145907 0.0106633 0.0097636 -0.0168676 0.00253252 3.81319e-05 0.00503395 -0.0227945 -0.0265845 -0.0162712 -0.0319491 -0.0171327 -0.0141006 -0.0110764 -0.0100584 -0.0156006 0.00503395 -0.0227945 -0.0265845 -0.0162712 -0.0319491 -0.0171327 -0.0141006 -0.0110764 -0.0100584 -0.0156006
20220511 -0.00790063 -0.00790063 0.00826322 0.0123928 -0.00467161 0.00443099 0.000167215 -0.00160887 -0.0236433 0.0235283 -0.00656328 -0.0309183 0.00863733 -0.00477293 -0.020065 -0.0181968 -0.0193061 -0.0253 -0.00492958 -0.0367723 -0.0353813 -0.0278722 0.00863733 -0.00477293 -0.020065 -0.0181968 -0.0193061 -0.0253 -0.00492958 -0.0367723 -0.0353813 -0.0278722
20220512 0.0208436 0.0208436 -0.0265081 -0.0154959 -0.0151309 -0.00782178 -0.00789414 -0.00548245 0.0149512 0.0123227 0.0146228 -0.0379005 -0.021064 -0.0369618 -0.0133476 -0.00791801 -0.016368 0.002351 -0.0221206 -0.00838319 -0.0292894 -0.00801758 -0.021064 -0.0369618 -0.0133476 -0.00791801 -0.016368 0.002351 -0.0221206 -0.00838319 -0.0292894 -0.00801758
20220513 -0.0479674 -0.0479674 0.0551559 0.0635062 0.066538 0.0674696 0.0550536 0.0459974 0.0360699 0.0579032 0.0395361 0.0719744 0.0503986 0.027043 0.00758562 0.071785 0.0297805 0.0197889 0.0254581 0.0107177 0.01984 0.0190862 0.0503986 0.027043 0.00758562 0.071785 0.0297805 0.0197889 0.0254581 0.0107177 0.01984 0.0190862
20220514 -0.0416175 -0.0416175 0.0252223 0.0216714 0.0413301 0.0649051 0.0644072 0.0552076 0.0436563 0.0385701 0.0501514 -0.00184087 0.0305079 0.0295038 0.0355875 0.048342 0.0705226 0.010256 0.0323842 0.0252888 0.0431901 0.0211009 0.0305079 0.0295038 0.0355875 0.048342 0.0705226 0.010256 0.0323842 0.0252888 0.0431901 0.0211009
20220515 -0.0324759 -0.0324759 0.0314867 0.0416178 0.0324229 0.0328078 0.0302788 0.0542368 0.0314483 0.0254121 0.0561257 0.0244624 0.0316121 0.0137599 0.0354723 0.0075726 0.0357094 0.0483443 0.0159747 -0.0164369 -0.00910543 -0.017782 0.0316121 0.0137599 0.0354723 0.0075726 0.0357094 0.0483443 0.0159747 -0.0164369 -0.00910543 -0.017782
20220516 0.0222187 0.0222187 -0.0313116 -0.031374 -0.0197479 -0.0185384 -0.0520968 -0.00897532 0.0301305 0.0159287 0.0146052 0.0465043 -0.0252053 0.0187599 -0.0130419 0.0106792 -0.0201846 0.00708568 0.0466303 -0.00097779 0.000866997 0.022826 -0.0252053 0.0187599 -0.0130419 0.0106792 -0.0201846 0.00708568 0.0466303 -0.00097779 0.000866997 0.022826
20220517 0.0236567 0.0236567 0.00728795 0.00344975 -0.00845896 0.00458889 0.0182188 0.0351674 -0.00780003 0.00513239 0.0513586 0.028936 0.0109972 0.00854067 0.0184071 0.00142605 0.0116105 0.00373868 0.0052619 0.0439119 0.0282553 0.027459 0.0109972 0.00854067 0.0184071 0.00142605 0.0116105 0.00373868 0.0052619 0.0439119 0.0282553 0.027459
20220518 0.0393227 0.0393227 -0.00841087 -0.000564502 -0.00685815 0.00657588 0.00488306 0.0170397 0.0145816 0.009596 0.0113208 0.0627338 -0.0554776 -0.00791524 0.0210243 0.0398089 0.0318545 0.0710869 0.0383421 0.0453722 0.0578127 0.0428507 -0.0554776 -0.00791524 0.0210243 0.0398089 0.0318545 0.0710869 0.0383421 0.0453722 0.0578127 0.0428507
20220519 -0.0131799 -0.0131799 -0.00207073 0.0442587 0.0408389 0.0262213 0.0740002 0.0492381 0.051201 0.040818 0.00997426 0.0221333 0.00381619 0.00662439 0.0150255 0.0385593 0.0733233 0.0544626 0.0787377 0.0385129 0.0522219 0.0581056 0.00381619 0.00662439 0.0150255 0.0385593 0.0733233 0.0544626 0.0787377 0.0385129 0.0522219 0.0581056
20220520 -0.035586 -0.035586 0.0532869 0.051245 0.0299483 0.0382489 0.0244162 0.027473 0.0482704 0.0152427 0.0126369 0.0145392 0.0554181 0.0677468 0.0522241 0.0215082 0.0242632 0.0497827 0.0152059 0.046707 0.017667 0.0372382 0.0554181 0.0677468 0.0522241 0.0215082 0.0242632 0.0497827 0.0152059 0.046707 0.017667 0.0372382
20220521 -0.0418774 -0.0418774 0.0505032 0.0554054 0.0479037 0.0228152 0.0393768 0.0251518 0.0103064 0.0410909 0.0452513 0.0199508 0.0483343 0.0439919 0.019234 0.0357731 0.0585257 0.05301 0.0767877 0.0539332 0.0432006 0.0268988 0.0483343 0.0439919 0.019234 0.0357731 0.0585257 0.05301 0.0767877 0.0539332 0.0432006 0.0268988
20220522 -0.0355472 -0.0355472 0.069613 0.0650552 0.0759061 0.0712471 0.0630245 0.0554795 0.0619935 0.0266322 0.038236 0.055054 0.0695971 0.0506098 0.0447553 0.00235076 0.0366538 0.0688515 0.039601 0.0952081 0.0743479 0.0557483 0.0695971 0.0506098 0.0447553 0.00235076 0.0366538 0.0688515 0.039601 0.0952081 0.0743479 0.0557483
20220523 -0.079472 -0.079472 0.0927917 0.0917101 0.0870745 0.0864581 0.0995825 0.0687252 0.0583318 0.0667388 0.00449565 0.0080511 0.094295 0.0557468 0.04544 0.0729553 0.0291545 0.0498058 0.0672093 0.0486321 0.0491517 0.0164219 0.094295 0.0557468 0.04544 0.0729553 0.0291545 0.0498058 0.0672093 0.0486321 0.0491517 0.0164219
20220524 -0.0440797 -0.0440797 0.081845 0.0743824 0.0805423 0.0649372 0.0635267 0.0795634 0.0550556 0.0196568 0.0419037 0.00729317 0.0728306 0.0327807 0.0305084 -0.0156961 0.0301544 -0.00792154 0.0258458 0.0453906 0.0491764 0.0198013 0.0728306 0.0327807 0.0305084 -0.0156961 0.0301544 -0.00792154 0.0258458 0.0453906 0.0491764 0.0198013
