20220101 0.0319517 0.0319517 -0.0320978 -0.031847 -0.0320287 -0.0313012 -0.0313778 -0.0325069 -0.0322396 -0.0316127 -0.0312844 -0.0327104 -0.0320528 -0.0356838 -0.0362342 -0.0346937 -0.0336824 -0.0328991 -0.0340653 -0.0370409 -0.0348976 -0.0350807 -0.0320528 -0.0356838 -0.0362342 -0.0346937 -0.0336824 -0.0328991 -0.0340653 -0.0370409 -0.0348976 -0.0350807
20220102 0.036244 0.036244 -0.0355639 -0.0354665 -0.035425 -0.0360256 -0.0324924 -0.0330455 -0.0333103 -0.0326601 -0.032009 -0.0333208 -0.0354772 -0.0357483 -0.0377142 -0.0363486 -0.0351314 -0.0362627 -0.0363729 -0.0358872 -0.0373609 -0.0348801 -0.0354772 -0.0357483 -0.0377142 -0.0363486 -0.0351314 -0.0362627 -0.0363729 -0.0358872 -0.0373609 -0.0348801
20220103 0.0360701 0.0360701 -0.0358994 -0.0360728 -0.0362041 -0.0353569 -0.0363335 -0.0342265 -0.0346306 -0.034142 -0.0343988 -0.0346637 -0.0356416 -0.0374087 -0.0366384 -0.0382456 -0.0377294 -0.0363292 -0.0378442 -0.0384323 -0.0382453 -0.0376855 -0.0356416 -0.0374087 -0.0366384 -0.0382456 -0.0377294 -0.0363292 -0.0378442 -0.0384323 -0.0382453 -0.0376855
20220104 0.0369103 0.0369103 -0.0370421 -0.0374422 -0.0376134 -0.0375042 -0.0376696 -0.0358079 -0.0351169 -0.0349749 -0.0342106 -0.0347903 -0.0368805 -0.0358927 -0.0376985 -0.037565 -0.0392902 -0.0390013 -0.0375648 -0.0395387 -0.0401089 -0.040779 -0.0368805 -0.0358927 -0.0376985 -0.037565 -0.0392902 -0.0390013 -0.0375648 -0.0395387 -0.0401089 -0.040779
20220105 0.0438118 0.0438118 -0.0430681 -0.0432876 -0.0432644 -0.0431308 -0.0426581 -0.0414681 -0.041245 -0.0421825 -0.040016 -0.040404 -0.043757 -0.0420418 -0.0403526 -0.0417146 -0.0410926 -0.0434016 -0.0436494 -0.0425519 -0.043549 -0.0445285 -0.043757 -0.0420418 -0.0403526 -0.0417146 -0.0410926 -0.0434016 -0.0436494 -0.0425519 -0.043549 -0.0445285
20220106 0.0441616 0.0441616 -0.0434931 -0.0430307 -0.0433591 -0.0434912 -0.043551 -0.0437292 -0.0440336 -0.0437911 -0.041632 -0.0414388 -0.0438009 -0.04694 -0.0460159 -0.0449047 -0.046272 -0.0444605 -0.0466317 -0.0467125 -0.045939 -0.0461733 -0.0438009 -0.04694 -0.0460159 -0.0449047 -0.046272 -0.0444605 -0.0466317 -0.0467125 -0.045939 -0.0461733
20220107 0.0424494 0.0424494 -0.0421042 -0.0416855 -0.0415281 -0.0415511 -0.040441 -0.0401885 -0.0410316 -0.04169 -0.0405687 -0.0387423 -0.0420187 -0.0407738 -0.0442152 -0.042216 -0.0411862 -0.0429841 -0.0417224 -0.04399 -0.0440166 -0.0425701 -0.0420187 -0.0407738 -0.0442152 -0.042216 -0.0411862 -0.0429841 -0.0417224 -0.04399 -0.0440166 -0.0425701
20220108 0.0454654 0.0454654 -0.0450171 -0.0452677 -0.045771 -0.0448361 -0.0435916 -0.0444004 -0.0440005 -0.042084 -0.0442078 -0.0462006 -0.0449301 -0.0475267 -0.0462136 -0.0491602 -0.0469501 -0.0457061 -0.0473678 -0.045766 -0.0490188 -0.0488878 -0.0449301 -0.0475267 -0.0462136 -0.0491602 -0.0469501 -0.0457061 -0.0473678 -0.045766 -0.0490188 -0.0488878
20220109 0.0490107 0.0490107 -0.0466659 -0.0468951 -0.0470197 -0.0472578 -0.0476869 -0.0469758 -0.0471433 -0.0474417 -0.0445893 -0.0480456 -0.0464391 -0.0456876 -0.0488681 -0.0480484 -0.0519534 -0.0506245 -0.049467 -0.0515175 -0.0494523 -0.051752 -0.0464391 -0.0456876 -0.0488681 -0.0480484 -0.0519534 -0.0506245 -0.049467 -0.0515175 -0.0494523 -0.051752
20220110 0.0457809 0.0457809 -0.0434065 -0.0436879 -0.0436626 -0.0432814 -0.0426373 -0.0445246 -0.0445931 -0.0445936 -0.0472883 -0.0444586 -0.0431996 -0.0432328 -0.0428584 -0.0456257 -0.0453542 -0.0491765 -0.0459976 -0.0445265 -0.0476082 -0.0477594 -0.0431996 -0.0432328 -0.0428584 -0.0456257 -0.0453542 -0.0491765 -0.0459976 -0.0445265 -0.0476082 -0.0477594
20220111 0.0438546 0.0438546 -0.0431047 -0.042964 -0.0426769 -0.0427454 -0.0436898 -0.0439272 -0.0422557 -0.0425082 -0.0425485 -0.0454284 -0.0431435 -0.0413121 -0.0418333 -0.040932 -0.0430422 -0.0421559 -0.0452222 -0.0427057 -0.0412385 -0.0427968 -0.0431435 -0.0413121 -0.0418333 -0.040932 -0.0430422 -0.0421559 -0.0452222 -0.0427057 -0.0412385 -0.0427968
20220112 0.040689 0.040689 -0.0395359 -0.0393852 -0.0396643 -0.0400153 -0.0395038 -0.0410449 -0.0420276 -0.0414133 -0.0404648 -0.0398608 -0.0403357 -0.0382602 -0.0370669 -0.0376715 -0.0380809 -0.0403669 -0.0383877 -0.0413388 -0.041281 -0.0385872 -0.0403357 -0.0382602 -0.0370669 -0.0376715 -0.0380809 -0.0403669 -0.0383877 -0.0413388 -0.041281 -0.0385872
20220113 0.0394992 0.0394992 -0.0386405 -0.0378559 -0.0379711 -0.0380863 -0.0392049 -0.0383222 -0.0384004 -0.0378369 -0.0371709 -0.0385639 -0.0386029 -0.0377596 -0.0351012 -0.0345959 -0.0355211 -0.035668 -0.0374624 -0.0360336 -0.0381297 -0.0373675 -0.0386029 -0.0377596 -0.0351012 -0.0345959 -0.0355211 -0.035668 -0.0374624 -0.0360336 -0.0381297 -0.0373675
20220114 0.0348877 0.0348877 -0.0341074 -0.0336553 -0.0339803 -0.0345307 -0.0350998 -0.0360605 -0.0344906 -0.0366751 -0.034532 -0.0356842 -0.0340999 -0.0344556 -0.0337096 -0.0317761 -0.0312245 -0.0322878 -0.0315566 -0.0321845 -0.0304452 -0.0332783 -0.0340999 -0.0344556 -0.0337096 -0.0317761 -0.0312245 -0.0322878 -0.0315566 -0.0321845 -0.0304452 -0.0332783
20220115 0.0396898 0.0396898 -0.0385649 -0.0379866 -0.0384297 -0.0356888 -0.0357798 -0.036854 -0.0373426 -0.0356315 -0.0382137 -0.0376725 -0.0383498 -0.0373779 -0.0384328 -0.0369039 -0.0334444 -0.0324392 -0.0334487 -0.0322054 -0.0328614 -0.0310115 -0.0383498 -0.0373779 -0.0384328 -0.0369039 -0.0334444 -0.0324392 -0.0334487 -0.0322054 -0.0328614 -0.0310115
20220116 0.0454998 0.0454998 -0.0436626 -0.0434481 -0.0433342 -0.0434151 -0.0410333 -0.039347 -0.0428516 -0.0403076 -0.0396134 -0.043453 -0.0436538 -0.0440221 -0.0440796 -0.0453608 -0.0439718 -0.0398249 -0.0387868 -0.0396862 -0.0389527 -0.0391112 -0.0436538 -0.0440221 -0.0440796 -0.0453608 -0.0439718 -0.0398249 -0.0387868 -0.0396862 -0.0389527 -0.0391112
20220117 0.0400891 0.0400891 -0.0405726 -0.0406685 -0.0404083 -0.0402944 -0.0398968 -0.0402779 -0.0404375 -0.0390188 -0.0385739 -0.0393951 -0.0402898 -0.0385822 -0.0382939 -0.0387076 -0.0397592 -0.0386772 -0.0374035 -0.0360079 -0.0373629 -0.0361238 -0.0402898 -0.0385822 -0.0382939 -0.0387076 -0.0397592 -0.0386772 -0.0374035 -0.0360079 -0.0373629 -0.0361238
20220118 0.0417596 0.0417596 -0.0423539 -0.0424479 -0.0428313 -0.0421248 -0.0419894 -0.0423848 -0.0442544 -0.0441733 -0.04415 -0.0452465 -0.0419601 -0.0442028 -0.0437704 -0.0441805 -0.0448103 -0.0439157 -0.0426492 -0.041197 -0.0386311 -0.0396294 -0.0419601 -0.0442028 -0.0437704 -0.0441805 -0.0448103 -0.0439157 -0.0426492 -0.041197 -0.0386311 -0.0396294
20220119 0.0470416 0.0470416 -0.0452351 -0.0456291 -0.0455915 -0.0457008 -0.0462727 -0.0447266 -0.0455835 -0.0418323 -0.0414141 -0.0440198 -0.0453997 -0.0455284 -0.0487355 -0.047819 -0.0466552 -0.0466448 -0.0467442 -0.0465468 -0.0428 -0.0409182 -0.0453997 -0.0455284 -0.0487355 -0.047819 -0.0466552 -0.0466448 -0.0467442 -0.0465468 -0.0428 -0.0409182
20220120 0.0457709 0.0457709 -0.0444289 -0.0447107 -0.0451999 -0.0450722 -0.0447493 -0.0455241 -0.0447633 -0.0464579 -0.042863 -0.0443485 -0.0444685 -0.045626 -0.0443644 -0.0472615 -0.0452084 -0.044809 -0.0467641 -0.0459594 -0.0460271 -0.042474 -0.0444685 -0.045626 -0.0443644 -0.0472615 -0.0452084 -0.044809 -0.0467641 -0.0459594 -0.0460271 -0.042474
20220121 0.0475805 0.0475805 -0.0472154 -0.0470866 -0.0463414 -0.0462177 -0.0468763 -0.046098 -0.0465399 -0.0454375 -0.0478221 -0.0470279 -0.0471292 -0.0459606 -0.0460166 -0.0453284 -0.0485089 -0.0464718 -0.0461361 -0.0482283 -0.0472764 -0.0473124 -0.0471292 -0.0459606 -0.0460166 -0.0453284 -0.0485089 -0.0464718 -0.0461361 -0.0482283 -0.0472764 -0.0473124
20220122 0.0462333 0.0462333 -0.0447663 -0.0448958 -0.0453169 -0.0446612 -0.0450399 -0.0446396 -0.0451216 -0.0448967 -0.0440722 -0.0470972 -0.0447469 -0.0443559 -0.0441508 -0.0452645 -0.044497 -0.0464329 -0.0444109 -0.0439408 -0.0439781 -0.0437951 -0.0447469 -0.0443559 -0.0441508 -0.0452645 -0.044497 -0.0464329 -0.0444109 -0.0439408 -0.0439781 -0.0437951
20220123 0.042773 0.042773 -0.040181 -0.0399668 -0.0396594 -0.0395834 -0.0418533 -0.0418921 -0.0413041 -0.0400972 -0.0406871 -0.039801 -0.0403924 -0.0386478 -0.0398746 -0.0390783 -0.0395492 -0.0393873 -0.0403795 -0.0377645 -0.0368433 -0.036431 -0.0403924 -0.0386478 -0.0398746 -0.0390783 -0.0395492 -0.0393873 -0.0403795 -0.0377645 -0.0368433 -0.036431
20220124 0.0404277 0.0404277 -0.0387483 -0.0380492 -0.0383202 -0.0375819 -0.0385216 -0.0399085 -0.0394675 -0.040495 -0.0382281 -0.039367 -0.0387683 -0.0385598 -0.0372257 -0.039701 -0.037689 -0.0375689 -0.0364975 -0.036981 -0.0348859 -0.033913 -0.0387683 -0.0385598 -0.0372257 -0.039701 -0.037689 -0.0375689 -0.0364975 -0.036981 -0.0348859 -0.033913
20220125 0.0440646 0.0440646 -0.042986 -0.0426494 -0.0426143 -0.0430142 -0.0425328 -0.0424242 -0.0411658 -0.0421379 -0.0412529 -0.0415928 -0.0430074 -0.0414455 -0.0410034 -0.0396981 -0.0406448 -0.0373213 -0.0371735 -0.0369378 -0.0382479 -0.0374034 -0.0430074 -0.0414455 -0.0410034 -0.0396981 -0.0406448 -0.0373213 -0.0371735 -0.0369378 -0.0382479 -0.0374034
20220126 0.0369576 0.0369576 -0.0362259 -0.0363148 -0.0373165 -0.036334 -0.0360631 -0.0361839 -0.0381746 -0.035082 -0.0347806 -0.0353097 -0.0360437 -0.0366791 -0.0354055 -0.0349898 -0.0320522 -0.0334832 -0.0315776 -0.0316238 -0.0310217 -0.0324448 -0.0360437 -0.0366791 -0.0354055 -0.0349898 -0.0320522 -0.0334832 -0.0315776 -0.0316238 -0.0310217 -0.0324448
20220127 0.0396949 0.0396949 -0.0396982 -0.0393898 -0.039894 -0.0395939 -0.0391176 -0.0381541 -0.0373522 -0.0374281 -0.0334143 -0.0334914 -0.0394371 -0.0367302 -0.0362002 -0.0340828 -0.0342358 -0.0314222 -0.0339043 -0.0337165 -0.0340493 -0.0334722 -0.0394371 -0.0367302 -0.0362002 -0.0340828 -0.0342358 -0.0314222 -0.0339043 -0.0337165 -0.0340493 -0.0334722
20220128 0.0397961 0.0397961 -0.0394961 -0.039215 -0.0394939 -0.0395169 -0.040025 -0.0400532 -0.0391073 -0.0374115 -0.0378178 -0.0345425 -0.0393642 -0.0411214 -0.0385839 -0.0379737 -0.0361996 -0.0370097 -0.0343013 -0.0371735 -0.0365631 -0.0354565 -0.0393642 -0.0411214 -0.0385839 -0.0379737 -0.0361996 -0.0370097 -0.0343013 -0.0371735 -0.0365631 -0.0354565
20220129 0.0381471 0.0381471 -0.0360102 -0.0360284 -0.0360148 -0.0354676 -0.0351251 -0.0349825 -0.0355699 -0.0350819 -0.0340616 -0.0325787 -0.0363469 -0.0334982 -0.0343993 -0.0327553 -0.0311094 -0.0284155 -0.0292197 -0.0281597 -0.0311847 -0.0305504 -0.0363469 -0.0334982 -0.0343993 -0.0327553 -0.0311094 -0.0284155 -0.0292197 -0.0281597 -0.0311847 -0.0305504
20220130 0.0353759 0.0353759 -0.0330274 -0.0334195 -0.0343433 -0.0342846 -0.0372576 -0.0379971 -0.0373632 -0.0381159 -0.038417 -0.038138 -0.0334372 -0.0369366 -0.0349797 -0.0365906 -0.0348114 -0.033347 -0.0308726 -0.0322964 -0.0303669 -0.0320058 -0.0334372 -0.0369366 -0.0349797 -0.0365906 -0.0348114 -0.033347 -0.0308726 -0.0322964 -0.0303669 -0.0320058
20220131 0.0363697 0.0363697 -0.0371925 -0.0370141 -0.0375828 -0.0372008 -0.0370213 -0.0380814 -0.0389209 -0.0377327 -0.0386298 -0.0402693 -0.0370604 -0.037941 -0.0403625 -0.0370342 -0.0385519 -0.0367348 -0.0359805 -0.0338461 -0.033786 -0.0323539 -0.0370604 -0.037941 -0.0403625 -0.0370342 -0.0385519 -0.0367348 -0.0359805 -0.0338461 -0.033786 -0.0323539
20220203 0.0471718 0.0471718 -0.0472395 -0.0470184 -0.0469604 -0.0473214 -0.0467728 -0.0471643 -0.0470857 -0.0468455 -0.045961 -0.0464457 -0.0468992 -0.0461448 -0.0486482 -0.0459932 -0.0466537 -0.0500557 -0.0465135 -0.0480242 -0.0471655 -0.0454139 -0.0468992 -0.0461448 -0.0486482 -0.0459932 -0.0466537 -0.0500557 -0.0465135 -0.0480242 -0.0471655 -0.0454139
20220204 0.0509364 0.0509364 -0.0501107 -0.0498933 -0.0513526 -0.05187 -0.0512089 -0.051686 -0.052618 -0.053119 -0.0545235 -0.0523645 -0.0498024 -0.0516606 -0.050654 -0.0530998 -0.0504635 -0.0513387 -0.0546627 -0.0518013 -0.0519138 -0.0518179 -0.0498024 -0.0516606 -0.050654 -0.0530998 -0.0504635 -0.0513387 -0.0546627 -0.0518013 -0.0519138 -0.0518179
20220205 0.0490501 0.0490501 -0.0468609 -0.0466701 -0.0465096 -0.0482372 -0.0485551 -0.0483025 -0.0483649 -0.0476848 -0.0479906 -0.0511883 -0.0467826 -0.0460542 -0.0488241 -0.0488436 -0.0508908 -0.0480949 -0.0480634 -0.0505081 -0.0470787 -0.0474241 -0.0467826 -0.0460542 -0.0488241 -0.0488436 -0.0508908 -0.0480949 -0.0480634 -0.0505081 -0.0470787 -0.0474241
20220210 0.0379437 0.0379437 -0.03775 -0.0355357 -0.0354676 -0.035713 -0.0358526 -0.0355767 -0.0360902 -0.0352701 -0.0368626 -0.0362889 -0.0377343 -0.0357759 -0.0334915 -0.0334145 -0.0341291 -0.033946 -0.0337284 -0.0358797 -0.0367671 -0.0375008 -0.0377343 -0.0357759 -0.0334915 -0.0334145 -0.0341291 -0.033946 -0.0337284 -0.0358797 -0.0367671 -0.0375008
20220211 0.0395033 0.0395033 -0.0388409 -0.0385092 -0.03787 -0.0376716 -0.036808 -0.0370556 -0.0369258 -0.0373858 -0.0368741 -0.0368923 -0.0386001 -0.0370497 -0.0359848 -0.0335944 -0.0342604 -0.0340204 -0.0336357 -0.0331868 -0.0354827 -0.0359589 -0.0386001 -0.0370497 -0.0359848 -0.0335944 -0.0342604 -0.0340204 -0.0336357 -0.0331868 -0.0354827 -0.0359589
20220212 0.0409643 0.0409643 -0.039838 -0.0398148 -0.0401699 -0.0381442 -0.0378456 -0.0380062 -0.0368118 -0.0366457 -0.0372711 -0.0378275 -0.0397086 -0.0412888 -0.0400422 -0.0369412 -0.0339907 -0.0344517 -0.0343148 -0.0338791 -0.0343304 -0.0358068 -0.0397086 -0.0412888 -0.0400422 -0.0369412 -0.0339907 -0.0344517 -0.0343148 -0.0338791 -0.0343304 -0.0358068
20220213 0.0371252 0.0371252 -0.0365645 -0.036261 -0.0357156 -0.0364594 -0.0366256 -0.0352978 -0.0349328 -0.0347 -0.0329564 -0.0375112 -0.036197 -0.0377675 -0.0394927 -0.0379407 -0.0342898 -0.033041 -0.0346175 -0.0356154 -0.0355217 -0.0358529 -0.036197 -0.0377675 -0.0394927 -0.0379407 -0.0342898 -0.033041 -0.0346175 -0.0356154 -0.0355217 -0.0358529
20220214 0.0382172 0.0382172 -0.036279 -0.0362187 -0.0363505 -0.0361832 -0.0362726 -0.0383792 -0.0387011 -0.0377987 -0.0379708 -0.0364729 -0.0361541 -0.0366438 -0.0386183 -0.0402747 -0.0390451 -0.0375069 -0.0365555 -0.0371381 -0.037916 -0.0381777 -0.0361541 -0.0366438 -0.0386183 -0.0402747 -0.0390451 -0.0375069 -0.0365555 -0.0371381 -0.037916 -0.0381777
20220215 0.0419637 0.0419637 -0.0412794 -0.0413162 -0.0417345 -0.0411756 -0.0408765 -0.0402971 -0.042203 -0.0437629 -0.0411455 -0.0425402 -0.0410811 -0.041128 -0.0420048 -0.0444818 -0.0455292 -0.0440857 -0.0433238 -0.0423397 -0.0413167 -0.0417831 -0.0410811 -0.041128 -0.0420048 -0.0444818 -0.0455292 -0.0440857 -0.0433238 -0.0423397 -0.0413167 -0.0417831
20220216 0.0416056 0.0416056 -0.0397991 -0.0397253 -0.0399174 -0.0401253 -0.0396389 -0.0399436 -0.0397456 -0.0396267 -0.0427862 -0.0419351 -0.0412135 -0.0429772 -0.0425996 -0.0429323 -0.0448124 -0.0463215 -0.0451376 -0.0443998 -0.0428302 -0.0413361 -0.0412135 -0.0429772 -0.0425996 -0.0429323 -0.0448124 -0.0463215 -0.0451376 -0.0443998 -0.0428302 -0.0413361
20220217 0.0404187 0.0404187 -0.0386175 -0.0373447 -0.0373375 -0.0373235 -0.0367806 -0.0358825 -0.0368216 -0.0353014 -0.0338004 -0.0374893 -0.0386658 -0.0385803 -0.039406 -0.0394513 -0.0387832 -0.0409039 -0.0422006 -0.0407622 -0.0398881 -0.0386796 -0.0386658 -0.0385803 -0.039406 -0.0394513 -0.0387832 -0.0409039 -0.0422006 -0.0407622 -0.0398881 -0.0386796
20220218 0.0407447 0.0407447 -0.0385858 -0.0381917 -0.037893 -0.0374949 -0.0379607 -0.0383896 -0.0376903 -0.0374771 -0.0378492 -0.0351378 -0.0381586 -0.0412159 -0.0402852 -0.0399836 -0.0393668 -0.0390973 -0.041125 -0.0431304 -0.0422096 -0.0415754 -0.0381586 -0.0412159 -0.0402852 -0.0399836 -0.0393668 -0.0390973 -0.041125 -0.0431304 -0.0422096 -0.0415754
20220219 0.0401104 0.0401104 -0.0372385 -0.0373726 -0.0373479 -0.0366605 -0.0363332 -0.0370274 -0.039182 -0.0381776 -0.0380064 -0.0393143 -0.0371572 -0.0397953 -0.0434514 -0.0416746 -0.0407323 -0.0399105 -0.0400818 -0.0407697 -0.0432666 -0.0427974 -0.0371572 -0.0397953 -0.0434514 -0.0416746 -0.0407323 -0.0399105 -0.0400818 -0.0407697 -0.0432666 -0.0427974
20220220 0.0399695 0.0399695 -0.0369092 -0.0370707 -0.0371132 -0.0370009 -0.036163 -0.0356481 -0.0360096 -0.0379088 -0.0361286 -0.0373186 -0.0368178 -0.0345546 -0.036364 -0.0396717 -0.0378996 -0.0370318 -0.0360043 -0.037188 -0.037354 -0.0392507 -0.0368178 -0.0345546 -0.036364 -0.0396717 -0.0378996 -0.0370318 -0.0360043 -0.037188 -0.037354 -0.0392507
20220221 0.0455739 0.0455739 -0.0421114 -0.0418113 -0.0418645 -0.0424974 -0.0420875 -0.0405932 -0.0405849 -0.0401552 -0.0412337 -0.0405661 -0.041919 -0.0411143 -0.0383853 -0.0392827 -0.0418532 -0.0407313 -0.0412426 -0.0406139 -0.0399411 -0.0395194 -0.041919 -0.0411143 -0.0383853 -0.0392827 -0.0418532 -0.0407313 -0.0412426 -0.0406139 -0.0399411 -0.0395194
20220222 0.0497905 0.0497905 -0.0479734 -0.0481843 -0.0479863 -0.047974 -0.049438 -0.0477652 -0.0484087 -0.0483795 -0.0486628 -0.0512727 -0.047937 -0.0514484 -0.0502933 -0.0481699 -0.0481834 -0.0513649 -0.0503838 -0.0518278 -0.0489896 -0.0492131 -0.047937 -0.0514484 -0.0502933 -0.0481699 -0.0481834 -0.0513649 -0.0503838 -0.0518278 -0.0489896 -0.0492131
20220223 0.0498766 0.0498766 -0.0484187 -0.0485409 -0.0484325 -0.0483499 -0.0483576 -0.0495656 -0.0496546 -0.0478144 -0.0477517 -0.0480319 -0.0496133 -0.0471167 -0.0497847 -0.048828 -0.0483221 -0.0487814 -0.0511623 -0.0501346 -0.0525674 -0.0493987 -0.0496133 -0.0471167 -0.0497847 -0.048828 -0.0483221 -0.0487814 -0.0511623 -0.0501346 -0.0525674 -0.0493987
20220224 0.0472106 0.0472106 -0.046588 -0.0452676 -0.04538 -0.0451197 -0.0453969 -0.0460201 -0.0456643 -0.045521 -0.0460647 -0.0465861 -0.0465465 -0.0472404 -0.0444733 -0.0467215 -0.0458064 -0.0439141 -0.0449518 -0.0472251 -0.045943 -0.0489857 -0.0465465 -0.0472404 -0.0444733 -0.0467215 -0.0458064 -0.0439141 -0.0449518 -0.0472251 -0.045943 -0.0489857
20220225 0.0502858 0.0502858 -0.0494816 -0.0489213 -0.0488517 -0.0491484 -0.0494202 -0.0500028 -0.0506422 -0.0494849 -0.0492291 -0.0493116 -0.0492854 -0.0484492 -0.048415 -0.0473423 -0.0494197 -0.0495136 -0.0470229 -0.0484977 -0.0503687 -0.0482974 -0.0492854 -0.0484492 -0.048415 -0.0473423 -0.0494197 -0.0495136 -0.0470229 -0.0484977 -0.0503687 -0.0482974
20220226 0.0503776 0.0503776 -0.0503828 -0.0507266 -0.0508157 -0.0525333 -0.0529384 -0.0530362 -0.0531098 -0.0535124 -0.0544366 -0.052906 -0.0504141 -0.0514283 -0.0502485 -0.0506929 -0.0499017 -0.0512437 -0.0525552 -0.0503887 -0.0507419 -0.0517159 -0.0504141 -0.0514283 -0.0502485 -0.0506929 -0.0499017 -0.0512437 -0.0525552 -0.0503887 -0.0507419 -0.0517159
20220227 0.0474137 0.0474137 -0.0465094 -0.0469666 -0.0467314 -0.0469497 -0.0502616 -0.0487525 -0.0490603 -0.0495335 -0.0479315 -0.052811 -0.0461656 -0.0455875 -0.0481276 -0.0479065 -0.0477268 -0.0469166 -0.0482694 -0.048865 -0.0459691 -0.0461283 -0.0461656 -0.0455875 -0.0481276 -0.0479065 -0.0477268 -0.0469166 -0.0482694 -0.048865 -0.0459691 -0.0461283
20220228 0.04401 0.04401 -0.0429095 -0.0433796 -0.0432266 -0.0432381 -0.0446925 -0.0447903 -0.0450315 -0.0440715 -0.0448109 -0.0463967 -0.0429233 -0.0456262 -0.0451761 -0.046437 -0.0448844 -0.0446213 -0.0414772 -0.0447062 -0.0456942 -0.0435461 -0.0429233 -0.0456262 -0.0451761 -0.046437 -0.0448844 -0.0446213 -0.0414772 -0.0447062 -0.0456942 -0.0435461
20220313 0.0469193 0.0469193 -0.0452564 -0.0450835 -0.0450628 -0.0461765 -0.0447747 -0.0447146 -0.0445425 -0.0449322 -0.0448055 -0.0493511 -0.0447767 -0.0477987 -0.0491787 -0.0476702 -0.0470051 -0.0462006 -0.0457725 -0.0451202 -0.0437449 -0.0424685 -0.0447767 -0.0477987 -0.0491787 -0.0476702 -0.0470051 -0.0462006 -0.0457725 -0.0451202 -0.0437449 -0.0424685
20220314 0.0483005 0.0483005 -0.0483123 -0.0481537 -0.0478638 -0.0476363 -0.0478038 -0.046311 -0.0467531 -0.0465659 -0.0450816 -0.0471499 -0.0480149 -0.046644 -0.0490845 -0.0496598 -0.0481579 -0.0465012 -0.0463287 -0.0461665 -0.0457777 -0.045659 -0.0480149 -0.046644 -0.0490845 -0.0496598 -0.0481579 -0.0465012 -0.0463287 -0.0461665 -0.0457777 -0.045659
20220315 0.0479324 0.0479324 -0.0479442 -0.0480575 -0.048356 -0.0479825 -0.047878 -0.0481375 -0.0443657 -0.0436082 -0.043969 -0.0426774 -0.0477438 -0.0463472 -0.0443281 -0.0450981 -0.0459034 -0.0444416 -0.0429175 -0.0426334 -0.0427033 -0.0416876 -0.0477438 -0.0463472 -0.0443281 -0.0450981 -0.0459034 -0.0444416 -0.0429175 -0.0426334 -0.0427033 -0.0416876
20220316 0.0482907 0.0482907 -0.0478092 -0.0481802 -0.0477568 -0.0475133 -0.047539 -0.047107 -0.0465807 -0.0424273 -0.0420754 -0.0443607 -0.0487447 -0.046901 -0.0454348 -0.0441608 -0.0458355 -0.0470837 -0.0462186 -0.0450553 -0.0451691 -0.0463237 -0.0487447 -0.046901 -0.0454348 -0.0441608 -0.0458355 -0.0470837 -0.0462186 -0.0450553 -0.0451691 -0.0463237
20220317 0.0523463 0.0523463 -0.0521308 -0.0514347 -0.0513026 -0.0512958 -0.0519438 -0.0511542 -0.0511849 -0.0497731 -0.0446584 -0.0460226 -0.0522384 -0.0521368 -0.0499862 -0.0491888 -0.0467092 -0.0492834 -0.0495513 -0.0485959 -0.0477397 -0.0483807 -0.0522384 -0.0521368 -0.0499862 -0.0491888 -0.0467092 -0.0492834 -0.0495513 -0.0485959 -0.0477397 -0.0483807
20220318 0.0498924 0.0498924 -0.0492732 -0.0492846 -0.0492315 -0.0484589 -0.0485647 -0.0487187 -0.0487946 -0.0484609 -0.0485087 -0.0465815 -0.0493037 -0.0521742 -0.0528646 -0.0509674 -0.0516723 -0.0489393 -0.0518177 -0.0523683 -0.0527993 -0.0513715 -0.0493037 -0.0521742 -0.0528646 -0.0509674 -0.0516723 -0.0489393 -0.0518177 -0.0523683 -0.0527993 -0.0513715
20220319 0.0480417 0.0480417 -0.0478062 -0.047686 -0.047003 -0.0448175 -0.0451983 -0.0468307 -0.0469303 -0.0473792 -0.0468774 -0.0471646 -0.047452 -0.0494386 -0.0504444 -0.0515587 -0.0485336 -0.0491049 -0.0464754 -0.0488258 -0.0482358 -0.0490728 -0.047452 -0.0494386 -0.0504444 -0.0515587 -0.0485336 -0.0491049 -0.0464754 -0.0488258 -0.0482358 -0.0490728
20220320 0.0434432 0.0434432 -0.0417571 -0.0416062 -0.0417267 -0.0422695 -0.0404549 -0.0409753 -0.0414057 -0.0400527 -0.0424155 -0.0433587 -0.0417859 -0.0416983 -0.0429565 -0.0444826 -0.0459142 -0.0411163 -0.040786 -0.038775 -0.0433379 -0.0443494 -0.0417859 -0.0416983 -0.0429565 -0.0444826 -0.0459142 -0.0411163 -0.040786 -0.038775 -0.0433379 -0.0443494
20220321 0.047376 0.047376 -0.0466396 -0.0466323 -0.0468068 -0.0463925 -0.0468375 -0.0452451 -0.0446721 -0.0463329 -0.0454386 -0.0464276 -0.0466593 -0.0453814 -0.0457188 -0.0465253 -0.0470272 -0.0477871 -0.0443793 -0.0437562 -0.0431009 -0.046997 -0.0466593 -0.0453814 -0.0457188 -0.0465253 -0.0470272 -0.0477871 -0.0443793 -0.0437562 -0.0431009 -0.046997
20220322 0.0462977 0.0462977 -0.0451442 -0.045054 -0.0454719 -0.0448008 -0.0450786 -0.046243 -0.0456289 -0.0443765 -0.0453552 -0.0443928 -0.044711 -0.0460903 -0.0455758 -0.0458778 -0.04684 -0.0479688 -0.0481659 -0.0446753 -0.0441369 -0.0446873 -0.044711 -0.0460903 -0.0455758 -0.0458778 -0.04684 -0.0479688 -0.0481659 -0.0446753 -0.0441369 -0.0446873
20220323 0.0457162 0.0457162 -0.0435109 -0.0439233 -0.0443002 -0.0436268 -0.0440491 -0.0431082 -0.0441215 -0.0444502 -0.0427112 -0.0449823 -0.0441532 -0.0440924 -0.0445124 -0.0431952 -0.042598 -0.0439238 -0.0446472 -0.04514 -0.0419253 -0.0407346 -0.0441532 -0.0440924 -0.0445124 -0.0431952 -0.042598 -0.0439238 -0.0446472 -0.04514 -0.0419253 -0.0407346
20220324 0.0432006 0.0432006 -0.0417455 -0.0422202 -0.0424525 -0.0420217 -0.0415931 -0.0425243 -0.044065 -0.0442049 -0.0434945 -0.043637 -0.0415748 -0.043416 -0.0462114 -0.0465375 -0.0438946 -0.0422801 -0.0426456 -0.0426264 -0.0446727 -0.0415267 -0.0415748 -0.043416 -0.0462114 -0.0465375 -0.0438946 -0.0422801 -0.0426456 -0.0426264 -0.0446727 -0.0415267
20220325 0.0416452 0.0416452 -0.0396158 -0.0399046 -0.040169 -0.0402797 -0.039706 -0.0399467 -0.0401692 -0.0390916 -0.0405461 -0.0397751 -0.0396159 -0.0395382 -0.0414446 -0.0422218 -0.0410418 -0.0388368 -0.037983 -0.0392798 -0.0395912 -0.0417795 -0.0396159 -0.0395382 -0.0414446 -0.0422218 -0.0410418 -0.0388368 -0.037983 -0.0392798 -0.0395912 -0.0417795
20220326 0.0411607 0.0411607 -0.0389388 -0.0389388 -0.0384036 -0.0395692 -0.0394148 -0.0393047 -0.0388148 -0.0381703 -0.0373124 -0.0391795 -0.0386907 -0.0372874 -0.0365545 -0.0375835 -0.0380134 -0.0366805 -0.0354483 -0.0343728 -0.0360364 -0.0360815 -0.0386907 -0.0372874 -0.0365545 -0.0375835 -0.0380134 -0.0366805 -0.0354483 -0.0343728 -0.0360364 -0.0360815
20220327 0.0385166 0.0385166 -0.0360071 -0.0362726 -0.0362725 -0.0370363 -0.0381316 -0.0387817 -0.0397296 -0.0384257 -0.0402624 -0.039681 -0.0358191 -0.036414 -0.0349399 -0.0330736 -0.0339299 -0.0359846 -0.0354658 -0.0355291 -0.0337927 -0.0356618 -0.0358191 -0.036414 -0.0349399 -0.0330736 -0.0339299 -0.0359846 -0.0354658 -0.0355291 -0.0337927 -0.0356618
20220328 0.0388181 0.0388181 -0.0365414 -0.0366786 -0.0364279 -0.0364275 -0.0359909 -0.0386236 -0.0391352 -0.0389705 -0.0394094 -0.0401612 -0.0366156 -0.0364831 -0.0362061 -0.0352559 -0.0324944 -0.0331015 -0.0356801 -0.0352452 -0.035065 -0.0323634 -0.0366156 -0.0364831 -0.0362061 -0.0352559 -0.0324944 -0.0331015 -0.0356801 -0.0352452 -0.035065 -0.0323634
20220329 0.0404441 0.0404441 -0.0397027 -0.0400393 -0.0400712 -0.039745 -0.0397452 -0.0407027 -0.0409258 -0.0390398 -0.039665 -0.0414761 -0.0395811 -0.0393987 -0.039227 -0.038786 -0.0389135 -0.0361393 -0.0370369 -0.0373125 -0.0351687 -0.0341774 -0.0395811 -0.0393987 -0.039227 -0.038786 -0.0389135 -0.0361393 -0.0370369 -0.0373125 -0.0351687 -0.0341774
20220330 0.0377252 0.0377252 -0.0375076 -0.0375526 -0.0374429 -0.0370676 -0.0379218 -0.0379233 -0.0386409 -0.0406425 -0.0404512 -0.0405472 -0.0367012 -0.03822 -0.0371681 -0.0372472 -0.0379079 -0.0377428 -0.035675 -0.0370497 -0.0379581 -0.0356514 -0.0367012 -0.03822 -0.0371681 -0.0372472 -0.0379079 -0.0377428 -0.035675 -0.0370497 -0.0379581 -0.0356514
20220331 0.0385303 0.0385303 -0.0377853 -0.0366448 -0.0367891 -0.0377049 -0.0371032 -0.0380155 -0.0380131 -0.0382122 -0.0391755 -0.0393748 -0.0378505 -0.0347807 -0.034866 -0.0347415 -0.0362996 -0.0367664 -0.036497 -0.0350399 -0.0357482 -0.0371937 -0.0378505 -0.0347807 -0.034866 -0.0347415 -0.0362996 -0.0367664 -0.036497 -0.0350399 -0.0357482 -0.0371937
20220409 0.0437381 0.0437381 -0.0432908 -0.0432909 -0.043691 -0.0443725 -0.0444879 -0.0442335 -0.0432395 -0.042533 -0.0438654 -0.0447637 -0.0429965 -0.0441795 -0.0432414 -0.0422369 -0.0407605 -0.0382781 -0.0401169 -0.0414348 -0.040817 -0.0410508 -0.0429965 -0.0441795 -0.0432414 -0.0422369 -0.0407605 -0.0382781 -0.0401169 -0.0414348 -0.040817 -0.0410508
20220410 0.0400144 0.0400144 -0.0386775 -0.0391052 -0.0391051 -0.0386828 -0.0387864 -0.0388574 -0.0385876 -0.0385332 -0.0412476 -0.0408899 -0.0386197 -0.0397537 -0.0411972 -0.0414651 -0.0402923 -0.0379062 -0.0357527 -0.0369816 -0.038934 -0.0392878 -0.0386197 -0.0397537 -0.0411972 -0.0414651 -0.0402923 -0.0379062 -0.0357527 -0.0369816 -0.038934 -0.0392878
20220411 0.0454011 0.0454011 -0.0437896 -0.0440369 -0.0432803 -0.0432801 -0.0428875 -0.0413995 -0.0424105 -0.0419592 -0.0411157 -0.042298 -0.0434591 -0.0407461 -0.0429924 -0.0449097 -0.0436925 -0.0412074 -0.0373769 -0.0359154 -0.0386863 -0.0407752 -0.0434591 -0.0407461 -0.0429924 -0.0449097 -0.0436925 -0.0412074 -0.0373769 -0.0359154 -0.0386863 -0.0407752
20220412 0.047557 0.047557 -0.045114 -0.0450941 -0.0452978 -0.0440763 -0.0440757 -0.0434323 -0.0409947 -0.0410425 -0.0408173 -0.039883 -0.0450459 -0.0410592 -0.038994 -0.0410981 -0.0420986 -0.0407519 -0.0384641 -0.0351626 -0.034153 -0.0359697 -0.0450459 -0.0410592 -0.038994 -0.0410981 -0.0420986 -0.0407519 -0.0384641 -0.0351626 -0.034153 -0.0359697
20220413 0.040225 0.040225 -0.0389454 -0.039176 -0.0386467 -0.0389878 -0.0395629 -0.0395625 -0.0390029 -0.0390978 -0.0385311 -0.0385836 -0.0389925 -0.0397999 -0.0352809 -0.0325866 -0.0340679 -0.0379532 -0.0379477 -0.0362861 -0.03493 -0.032939 -0.0389925 -0.0397999 -0.0352809 -0.0325866 -0.0340679 -0.0379532 -0.0379477 -0.0362861 -0.03493 -0.032939
20220414 0.0394819 0.0394819 -0.0386829 -0.0371006 -0.0364357 -0.0365884 -0.0364469 -0.0358844 -0.0358834 -0.0363545 -0.0360915 -0.035645 -0.0386335 -0.0374598 -0.037158 -0.0329041 -0.031355 -0.0321758 -0.0355808 -0.0369249 -0.0347462 -0.0327824 -0.0386335 -0.0374598 -0.037158 -0.0329041 -0.031355 -0.0321758 -0.0355808 -0.0369249 -0.0347462 -0.0327824
20220415 0.0354353 0.0354353 -0.0353055 -0.0357198 -0.0348025 -0.0351293 -0.0351192 -0.0338425 -0.0337707 -0.0337706 -0.0346295 -0.0335798 -0.0350952 -0.036124 -0.0351688 -0.0344935 -0.0309764 -0.0292015 -0.0297729 -0.0320253 -0.0341773 -0.0309355 -0.0350952 -0.036124 -0.0351688 -0.0344935 -0.0309764 -0.0292015 -0.0297729 -0.0320253 -0.0341773 -0.0309355
20220416 0.0363762 0.0363762 -0.0361311 -0.0362044 -0.0365213 -0.0351929 -0.0351774 -0.0355105 -0.0347232 -0.0348208 -0.034821 -0.0351614 -0.036079 -0.034711 -0.035133 -0.0331796 -0.0331768 -0.0306107 -0.0293182 -0.0294546 -0.0317023 -0.0339265 -0.036079 -0.034711 -0.035133 -0.0331796 -0.0331768 -0.0306107 -0.0293182 -0.0294546 -0.0317023 -0.0339265
20220417 0.0399474 0.0399474 -0.0397537 -0.0400293 -0.0395584 -0.0400757 -0.0391413 -0.0388146 -0.0384565 -0.038671 -0.0376667 -0.0376677 -0.0394427 -0.0386765 -0.0391196 -0.0391332 -0.0383423 -0.0371355 -0.0356458 -0.0360814 -0.0368901 -0.0384641 -0.0394427 -0.0386765 -0.0391196 -0.0391332 -0.0383423 -0.0371355 -0.0356458 -0.0360814 -0.0368901 -0.0384641
20220418 0.0450153 0.0450153 -0.0449306 -0.0456653 -0.0456761 -0.0456167 -0.0460173 -0.0459361 -0.0471351 -0.0463119 -0.045896 -0.0458162 -0.0447188 -0.0457992 -0.0451148 -0.0444111 -0.043272 -0.0435995 -0.0424758 -0.0407062 -0.0406975 -0.0415964 -0.0447188 -0.0457992 -0.0451148 -0.0444111 -0.043272 -0.0435995 -0.0424758 -0.0407062 -0.0406975 -0.0415964
20220419 0.046475 0.046475 -0.0469044 -0.0471649 -0.047237 -0.0473368 -0.0461486 -0.0458805 -0.0440992 -0.0438144 -0.0441323 -0.0451183 -0.046584 -0.0456141 -0.0459901 -0.0465277 -0.0468095 -0.0462288 -0.0466722 -0.0456598 -0.043611 -0.0428329 -0.046584 -0.0456141 -0.0459901 -0.0465277 -0.0468095 -0.0462288 -0.0466722 -0.0456598 -0.043611 -0.0428329
20220420 0.0455796 0.0455796 -0.0452237 -0.0451699 -0.045179 -0.0450954 -0.0449779 -0.0442898 -0.0447488 -0.0412228 -0.0418547 -0.0425531 -0.045542 -0.0458776 -0.0452759 -0.0464747 -0.0471456 -0.0471197 -0.0461068 -0.0463409 -0.0457521 -0.0439783 -0.045542 -0.0458776 -0.0452759 -0.0464747 -0.0471456 -0.0471197 -0.0461068 -0.0463409 -0.0457521 -0.0439783
20220421 0.0419804 0.0419804 -0.0402463 -0.0413718 -0.0414673 -0.0416664 -0.0412008 -0.039931 -0.0402841 -0.0406825 -0.0399684 -0.0397221 -0.0399238 -0.0399185 -0.0415819 -0.0426826 -0.0437435 -0.0440778 -0.0445057 -0.0436586 -0.0429324 -0.0429725 -0.0399238 -0.0399185 -0.0415819 -0.0426826 -0.0437435 -0.0440778 -0.0445057 -0.0436586 -0.0429324 -0.0429725
20220422 0.0414148 0.0414148 -0.0387041 -0.0382951 -0.0398058 -0.0397762 -0.0404655 -0.0399992 -0.0378371 -0.0395345 -0.0379798 -0.0390649 -0.0384123 -0.0384924 -0.039565 -0.0385876 -0.0393026 -0.0391707 -0.0396052 -0.0388566 -0.0388068 -0.0375476 -0.0384123 -0.0384924 -0.039565 -0.0385876 -0.0393026 -0.0391707 -0.0396052 -0.0388566 -0.0388068 -0.0375476
20220423 0.0413729 0.0413729 -0.0395695 -0.0396734 -0.0398485 -0.0422336 -0.042299 -0.0434221 -0.0438238 -0.0434412 -0.0436786 -0.0438926 -0.0390864 -0.0439063 -0.0431913 -0.0438171 -0.0424006 -0.0418758 -0.0409208 -0.041178 -0.0403262 -0.0406294 -0.0390864 -0.0439063 -0.0431913 -0.0438171 -0.0424006 -0.0418758 -0.0409208 -0.041178 -0.0403262 -0.0406294
20220424 0.0448246 0.0448246 -0.0434981 -0.0432051 -0.0431756 -0.0421662 -0.0442379 -0.0432223 -0.0438649 -0.0453225 -0.0455079 -0.0441955 -0.0432341 -0.0418771 -0.0458436 -0.0451176 -0.0464099 -0.0441475 -0.0423994 -0.0414061 -0.0412561 -0.0415982 -0.0432341 -0.0418771 -0.0458436 -0.0451176 -0.0464099 -0.0441475 -0.0423994 -0.0414061 -0.0412561 -0.0415982
20220425 0.0355522 0.0355522 -0.0323819 -0.0320279 -0.0323284 -0.0322817 -0.0325554 -0.0339964 -0.0326661 -0.0339189 -0.0335317 -0.0332649 -0.0320342 -0.0314364 -0.0284448 -0.0318612 -0.0320977 -0.0334756 -0.0306735 -0.0291964 -0.028549 -0.0293217 -0.0320342 -0.0314364 -0.0284448 -0.0318612 -0.0320977 -0.0334756 -0.0306735 -0.0291964 -0.028549 -0.0293217
20220426 0.0364856 0.0364856 -0.0330608 -0.0334376 -0.0331268 -0.0331384 -0.0335069 -0.0333883 -0.0345143 -0.0351172 -0.0356346 -0.0348788 -0.0327625 -0.0312497 -0.0301762 -0.0276515 -0.0317502 -0.0319612 -0.034014 -0.0339357 -0.0317724 -0.0313042 -0.0327625 -0.0312497 -0.0301762 -0.0276515 -0.0317502 -0.0319612 -0.034014 -0.0339357 -0.0317724 -0.0313042
20220427 0.0378858 0.0378858 -0.0346126 -0.0347821 -0.0344584 -0.0347094 -0.0347137 -0.0346073 -0.0339765 -0.0371257 -0.0367994 -0.0371809 -0.0354317 -0.0332837 -0.0327615 -0.0318773 -0.0300153 -0.0344724 -0.0348999 -0.0372531 -0.0360734 -0.0343306 -0.0354317 -0.0332837 -0.0327615 -0.0318773 -0.0300153 -0.0344724 -0.0348999 -0.0372531 -0.0360734 -0.0343306
20220428 0.0392889 0.0392889 -0.0369353 -0.0356208 -0.0356339 -0.0361573 -0.0360912 -0.0366691 -0.0365257 -0.0362171 -0.0387564 -0.0385683 -0.0366447 -0.035779 -0.0351447 -0.0350321 -0.0350553 -0.032034 -0.0361081 -0.0357362 -0.0381397 -0.0365062 -0.0366447 -0.035779 -0.0351447 -0.0350321 -0.0350553 -0.032034 -0.0361081 -0.0357362 -0.0381397 -0.0365062
20220429 0.0388714 0.0388714 -0.0371422 -0.0373469 -0.0374166 -0.0371119 -0.036947 -0.0369399 -0.0368262 -0.0384148 -0.0370589 -0.038842 -0.037124 -0.0365043 -0.0360648 -0.0339528 -0.0346947 -0.0351687 -0.0327807 -0.0379085 -0.0374445 -0.040385 -0.037124 -0.0365043 -0.0360648 -0.0339528 -0.0346947 -0.0351687 -0.0327807 -0.0379085 -0.0374445 -0.040385
20220430 0.0399949 0.0399949 -0.0384186 -0.0386519 -0.0386226 -0.0393701 -0.0388059 -0.0391944 -0.0387237 -0.0392129 -0.0384845 -0.0388644 -0.038322 -0.0374407 -0.0354599 -0.0364889 -0.0366831 -0.0386989 -0.0391955 -0.0363788 -0.0411177 -0.0394011 -0.038322 -0.0374407 -0.0354599 -0.0364889 -0.0366831 -0.0386989 -0.0391955 -0.0363788 -0.0411177 -0.0394011
20220503 0.0451058 0.0451058 -0.044268 -0.0437526 -0.0434637 -0.0441476 -0.0439904 -0.0439996 -0.041033 -0.0407592 -0.0425529 -0.0425878 -0.0433371 -0.0444385 -0.0483739 -0.0471538 -0.0456194 -0.0448375 -0.0400932 -0.035519 -0.0367639 -0.0369148 -0.0433371 -0.0444385 -0.0483739 -0.0471538 -0.0456194 -0.0448375 -0.0400932 -0.035519 -0.0367639 -0.0369148
20220508 0.0396686 0.0396686 -0.0385903 -0.0382251 -0.0385454 -0.0381313 -0.0344796 -0.0334242 -0.0339624 -0.034578 -0.0346794 -0.0347432 -0.0386622 -0.0354871 -0.0369209 -0.0398198 -0.0409322 -0.0370133 -0.0369023 -0.0391177 -0.0389567 -0.0398726 -0.0386622 -0.0354871 -0.0369209 -0.0398198 -0.0409322 -0.0370133 -0.0369023 -0.0391177 -0.0389567 -0.0398726
20220509 0.037083 0.037083 -0.0351386 -0.0357941 -0.0355856 -0.0355694 -0.0347656 -0.0332364 -0.0328215 -0.0332207 -0.0334787 -0.0338577 -0.0350229 -0.0355609 -0.0343877 -0.0347786 -0.0375492 -0.038949 -0.0346244 -0.0347946 -0.0375468 -0.0368802 -0.0350229 -0.0355609 -0.0343877 -0.0347786 -0.0375492 -0.038949 -0.0346244 -0.0347946 -0.0375468 -0.0368802
20220510 0.0411405 0.0411405 -0.0392116 -0.0398799 -0.0394829 -0.0394903 -0.0399124 -0.0381012 -0.0385714 -0.0373985 -0.0379298 -0.0383086 -0.0392092 -0.0388303 -0.0384968 -0.0372021 -0.0385947 -0.0398607 -0.0409443 -0.0381793 -0.0379251 -0.0403409 -0.0392092 -0.0388303 -0.0384968 -0.0372021 -0.0385947 -0.0398607 -0.0409443 -0.0381793 -0.0379251 -0.0403409
20220511 0.0401697 0.0401697 -0.0379996 -0.0381422 -0.0376603 -0.0373934 -0.0374282 -0.038745 -0.0380763 -0.0367464 -0.0361079 -0.0372229 -0.0403632 -0.038806 -0.0395752 -0.0387039 -0.0357988 -0.0373622 -0.0383107 -0.039339 -0.0396662 -0.0400544 -0.0403632 -0.038806 -0.0395752 -0.0387039 -0.0357988 -0.0373622 -0.0383107 -0.039339 -0.0396662 -0.0400544
20220512 0.0407195 0.0407195 -0.0408061 -0.0372843 -0.0377531 -0.0374555 -0.0373936 -0.0360846 -0.0376963 -0.0381133 -0.036583 -0.0355734 -0.0409101 -0.0399504 -0.037501 -0.0382634 -0.037854 -0.0352552 -0.0368327 -0.0380764 -0.0395178 -0.0386838 -0.0409101 -0.0399504 -0.037501 -0.0382634 -0.037854 -0.0352552 -0.0368327 -0.0380764 -0.0395178 -0.0386838
20220513 0.0400933 0.0400933 -0.0396586 -0.0397823 -0.038655 -0.0384652 -0.0382347 -0.0377129 -0.0378334 -0.037991 -0.03871 -0.0375284 -0.0394675 -0.0383208 -0.0383263 -0.0373681 -0.039508 -0.0403609 -0.0377822 -0.0385488 -0.0395476 -0.0404427 -0.0394675 -0.0383208 -0.0383263 -0.0373681 -0.039508 -0.0403609 -0.0377822 -0.0385488 -0.0395476 -0.0404427
20220514 0.0370878 0.0370878 -0.0358578 -0.0359633 -0.0360959 -0.0373278 -0.0369886 -0.0359501 -0.0360415 -0.0360885 -0.0359902 -0.0379191 -0.0357669 -0.0368105 -0.0364344 -0.035603 -0.035366 -0.0381375 -0.0383378 -0.0348084 -0.0344445 -0.0365099 -0.0357669 -0.0368105 -0.0364344 -0.035603 -0.035366 -0.0381375 -0.0383378 -0.0348084 -0.0344445 -0.0365099
20220515 0.0331067 0.0331067 -0.0302913 -0.0300192 -0.030023 -0.0297985 -0.028532 -0.0279256 -0.0276605 -0.0274297 -0.0258978 -0.0288691 -0.0301725 -0.0290363 -0.0299115 -0.0304471 -0.0294361 -0.0307441 -0.0341549 -0.034641 -0.0317241 -0.0314379 -0.0301725 -0.0290363 -0.0299115 -0.0304471 -0.0294361 -0.0307441 -0.0341549 -0.034641 -0.0317241 -0.0314379
20220516 0.0358096 0.0358096 -0.0334543 -0.0331698 -0.0335743 -0.0331791 -0.0326454 -0.0305113 -0.0312769 -0.0315521 -0.0325148 -0.032174 -0.0334706 -0.0341087 -0.033691 -0.0359846 -0.0372286 -0.0348228 -0.0349433 -0.0377852 -0.0373976 -0.0347762 -0.0334706 -0.0341087 -0.033691 -0.0359846 -0.0372286 -0.0348228 -0.0349433 -0.0377852 -0.0373976 -0.0347762
20220517 0.0406353 0.0406353 -0.0402419 -0.0399417 -0.0394994 -0.0406087 -0.0397887 -0.0399038 -0.038587 -0.0376045 -0.0385897 -0.0398057 -0.0400717 -0.0408277 -0.0407846 -0.040263 -0.0416596 -0.0431102 -0.0410062 -0.0403206 -0.0421195 -0.0408539 -0.0400717 -0.0408277 -0.0407846 -0.040263 -0.0416596 -0.0431102 -0.0410062 -0.0403206 -0.0421195 -0.0408539
20220518 0.035818 0.035818 -0.0370949 -0.0371829 -0.0373552 -0.0379024 -0.0377918 -0.0375052 -0.0378857 -0.0338188 -0.0362464 -0.0365608 -0.0355942 -0.0362757 -0.0369579 -0.0358051 -0.0357527 -0.036808 -0.0377853 -0.0359121 -0.0359483 -0.0369302 -0.0355942 -0.0362757 -0.0369579 -0.0358051 -0.0357527 -0.036808 -0.0377853 -0.0359121 -0.0359483 -0.0369302
20220519 0.0331942 0.0331942 -0.0323322 -0.0348076 -0.0352913 -0.0351621 -0.034081 -0.034601 -0.0351405 -0.0350556 -0.0327721 -0.0343639 -0.0324737 -0.0323935 -0.0327009 -0.0329986 -0.0321715 -0.0328254 -0.0334392 -0.0343396 -0.0315458 -0.0330719 -0.0324737 -0.0323935 -0.0327009 -0.0329986 -0.0321715 -0.0328254 -0.0334392 -0.0343396 -0.0315458 -0.0330719
20220520 0.0367166 0.0367166 -0.0363346 -0.0361594 -0.038224 -0.0380053 -0.0379784 -0.0375958 -0.0383758 -0.0389238 -0.0386213 -0.0354678 -0.0362903 -0.0362072 -0.0361062 -0.0346496 -0.0363606 -0.0359186 -0.0360663 -0.0363844 -0.0373823 -0.0349137 -0.0362903 -0.0362072 -0.0361062 -0.0346496 -0.0363606 -0.0359186 -0.0360663 -0.0363844 -0.0373823 -0.0349137
20220521 0.0411735 0.0411735 -0.0398946 -0.0396678 -0.0390017 -0.0404649 -0.0393595 -0.0391813 -0.0391548 -0.0398091 -0.0408201 -0.0403705 -0.039756 -0.0396107 -0.0397342 -0.0404839 -0.0386802 -0.040131 -0.0384081 -0.0383033 -0.0379082 -0.0384465 -0.039756 -0.0396107 -0.0397342 -0.0404839 -0.0386802 -0.040131 -0.0384081 -0.0383033 -0.0379082 -0.0384465
20220522 0.0388828 0.0388828 -0.0382761 -0.0383982 -0.0384497 -0.0381056 -0.0390312 -0.0389161 -0.0390635 -0.0389398 -0.0389004 -0.0390161 -0.0382494 -0.0376932 -0.0376999 -0.0378811 -0.0370256 -0.0347462 -0.03633 -0.0344494 -0.0346581 -0.0343349 -0.0382494 -0.0376932 -0.0376999 -0.0378811 -0.0370256 -0.0347462 -0.03633 -0.0344494 -0.0346581 -0.0343349
20220523 0.0370512 0.0370512 -0.0354165 -0.0352645 -0.0351136 -0.0346663 -0.0351777 -0.0356812 -0.0359783 -0.036544 -0.0347496 -0.0363828 -0.0355044 -0.0351029 -0.0333472 -0.0338846 -0.0333754 -0.0323311 -0.0306909 -0.0320736 -0.0306405 -0.03108 -0.0355044 -0.0351029 -0.0333472 -0.0338846 -0.0333754 -0.0323311 -0.0306909 -0.0320736 -0.0306405 -0.03108
20220524 0.0352781 0.0352781 -0.0337272 -0.0339893 -0.0335697 -0.033123 -0.0327399 -0.032523 -0.0317596 -0.0322154 -0.0344115 -0.0335136 -0.0339631 -0.0341138 -0.0329641 -0.0313468 -0.0327809 -0.033015 -0.0322213 -0.0294932 -0.0320186 -0.0308709 -0.0339631 -0.0341138 -0.0329641 -0.0313468 -0.0327809 -0.033015 -0.0322213 -0.0294932 -0.0320186 -0.0308709
