20220101 0.0134598 0.0134598 0.0145509 0.0146804 0.0146971 0.0160967 0.015983 0.0162455 0.0162872 0.0160838 0.0163741 0.016669 0.0145548 0.0155469 0.0157309 0.0160865 0.0174557 0.0176941 0.0178703 0.0181818 0.0174878 0.0170256 0.0145548 0.0155469 0.0157309 0.0160865 0.0174557 0.0176941 0.0178703 0.0181818 0.0174878 0.0170256
20220102 0.0140275 0.0140275 0.0159406 0.0159207 0.0160181 0.016139 0.0173362 0.0173589 0.0174711 0.017368 0.0171072 0.0173762 0.0159308 0.0154029 0.0159714 0.0158835 0.0154279 0.0170067 0.017971 0.0181876 0.0186645 0.0184157 0.0159308 0.0154029 0.0159714 0.0158835 0.0154279 0.0170067 0.017971 0.0181876 0.0186645 0.0184157
20220103 0.0139848 0.0139848 0.0161546 0.016115 0.0162157 0.0162937 0.0161546 0.0182936 0.0182189 0.0181015 0.0183512 0.0182831 0.0160488 0.0164922 0.0155189 0.0168059 0.0165932 0.016288 0.0177294 0.0184909 0.0182683 0.0181524 0.0160488 0.0164922 0.0155189 0.0168059 0.0165932 0.016288 0.0177294 0.0184909 0.0182683 0.0181524
20220104 0.0145643 0.0145643 0.016672 0.0166837 0.0167791 0.0167583 0.017053 0.0169557 0.0187049 0.0187903 0.018615 0.0185337 0.0166078 0.0172437 0.0180162 0.0173909 0.0181048 0.018835 0.0187923 0.0188446 0.0191719 0.0191683 0.0166078 0.0172437 0.0180162 0.0173909 0.0181048 0.018835 0.0187923 0.0188446 0.0191719 0.0191683
20220105 0.0147779 0.0147779 0.0169958 0.016975 0.0170778 0.0172685 0.0171277 0.0176654 0.0178414 0.0193294 0.0193691 0.0190599 0.0149454 0.017599 0.0186885 0.019177 0.0189017 0.0188679 0.0195176 0.0187889 0.019614 0.0197038 0.0149454 0.017599 0.0186885 0.019177 0.0189017 0.0188679 0.0195176 0.0187889 0.019614 0.0197038
20220106 0.0149801 0.0149801 0.0152914 0.0169078 0.0169689 0.0171562 0.0174034 0.0175253 0.0176058 0.0181429 0.0202648 0.0206748 0.0152952 0.01621 0.0185539 0.019231 0.0191517 0.0188667 0.0186704 0.0191667 0.0195066 0.021447 0.0152952 0.01621 0.0185539 0.019231 0.0191517 0.0188667 0.0186704 0.0191667 0.0195066 0.021447
20220107 0.0151152 0.0151152 0.0159213 0.0159324 0.0175926 0.0177653 0.0176665 0.017789 0.0181268 0.0182457 0.0181441 0.0197599 0.0158768 0.016055 0.0170001 0.0179778 0.0182869 0.0183617 0.0181123 0.0175802 0.0184191 0.0187735 0.0158768 0.016055 0.0170001 0.0179778 0.0182869 0.0183617 0.0181123 0.0175802 0.0184191 0.0187735
20220108 0.016243 0.016243 0.0167264 0.0166161 0.0166197 0.0189083 0.018979 0.0191016 0.0190424 0.0192725 0.019223 0.0199532 0.0166529 0.0171997 0.0177717 0.0180085 0.0195317 0.0200761 0.0203613 0.0197421 0.0195416 0.0202774 0.0166529 0.0171997 0.0177717 0.0180085 0.0195317 0.0200761 0.0203613 0.0197421 0.0195416 0.0202774
20220109 0.0185884 0.0185884 0.0192421 0.0194285 0.0193594 0.0193721 0.0220573 0.0220261 0.0219697 0.0221591 0.0220552 0.0222917 0.0191766 0.0195588 0.0201265 0.0201887 0.0200213 0.0225807 0.0231431 0.0233666 0.0230858 0.0230085 0.0191766 0.0195588 0.0201265 0.0201887 0.0200213 0.0225807 0.0231431 0.0233666 0.0230858 0.0230085
20220110 0.018139 0.018139 0.0195215 0.0195412 0.0196071 0.0196761 0.0196025 0.0216222 0.0217684 0.0215909 0.021916 0.0218665 0.0194657 0.0198402 0.0206331 0.0201443 0.019784 0.01989 0.0222152 0.0232908 0.0233955 0.0232561 0.0194657 0.0198402 0.0206331 0.0201443 0.019784 0.01989 0.0222152 0.0232908 0.0233955 0.0232561
20220111 0.0163566 0.0163566 0.0184294 0.0184031 0.0185396 0.0185821 0.0190456 0.0193703 0.0207302 0.0213548 0.0212591 0.0212775 0.0184415 0.019379 0.0201892 0.0207673 0.0208683 0.0200294 0.0202649 0.0229583 0.023905 0.023728 0.0184415 0.019379 0.0201892 0.0207673 0.0208683 0.0200294 0.0202649 0.0229583 0.023905 0.023728
20220112 0.0156951 0.0156951 0.0166519 0.0166117 0.0166512 0.0169142 0.0170165 0.0173969 0.0178314 0.0207736 0.0207673 0.0214501 0.0157481 0.0174683 0.0187437 0.018863 0.0188588 0.0199176 0.01957 0.0205972 0.0221204 0.0231757 0.0157481 0.0174683 0.0187437 0.018863 0.0188588 0.0199176 0.01957 0.0205972 0.0221204 0.0231757
20220113 0.0145374 0.0145374 0.014808 0.0163884 0.0164905 0.0164636 0.0167418 0.0167891 0.0166498 0.0166739 0.0188709 0.018911 0.0147761 0.0144181 0.0166868 0.0171788 0.0174856 0.0173526 0.0182024 0.0180044 0.018615 0.0208742 0.0147761 0.0144181 0.0166868 0.0171788 0.0174856 0.0173526 0.0182024 0.0180044 0.018615 0.0208742
20220114 0.013489 0.013489 0.0140731 0.0140507 0.015388 0.0154782 0.0155215 0.0157897 0.0157124 0.0155523 0.0157176 0.017977 0.014089 0.014446 0.014609 0.0158252 0.0162172 0.0165297 0.0167135 0.0175466 0.0177565 0.0183098 0.014089 0.014446 0.014609 0.0158252 0.0162172 0.0165297 0.0167135 0.0175466 0.0177565 0.0183098
20220115 0.0143273 0.0143273 0.0153635 0.0153998 0.0154818 0.0165973 0.0167761 0.0168133 0.0168896 0.0170229 0.016834 0.0169677 0.0153233 0.0146351 0.0149862 0.015071 0.0168302 0.0169933 0.0171189 0.0167207 0.0182358 0.0184901 0.0153233 0.0146351 0.0149862 0.015071 0.0168302 0.0169933 0.0171189 0.0167207 0.0182358 0.0184901
20220116 0.0176649 0.0176649 0.0183545 0.0184216 0.018465 0.0184904 0.0195018 0.0194289 0.0193199 0.0194986 0.0196146 0.0193615 0.0183884 0.0179853 0.0179133 0.0177903 0.0177208 0.0191251 0.0193686 0.0194242 0.0188439 0.0206649 0.0183884 0.0179853 0.0179133 0.0177903 0.0177208 0.0191251 0.0193686 0.0194242 0.0188439 0.0206649
20220117 0.0148428 0.0148428 0.0163863 0.016404 0.0164433 0.0165893 0.0166082 0.0176114 0.0175051 0.0175154 0.0176487 0.0178033 0.0163804 0.0167027 0.0169381 0.0170727 0.0171334 0.0171245 0.0188347 0.0189339 0.0193016 0.0193214 0.0163804 0.0167027 0.0169381 0.0170727 0.0171334 0.0171245 0.0188347 0.0189339 0.0193016 0.0193214
20220118 0.0157327 0.0157327 0.0181037 0.0180511 0.0181587 0.0182766 0.0180737 0.0180952 0.0196271 0.0195222 0.0199969 0.0203776 0.0180141 0.018498 0.0188467 0.0185229 0.0189387 0.0191107 0.019435 0.0210629 0.0210802 0.0215553 0.0180141 0.018498 0.0188467 0.0185229 0.0189387 0.0191107 0.019435 0.0210629 0.0210802 0.0215553
20220119 0.0164198 0.0164198 0.0189427 0.0188596 0.0189377 0.0189736 0.0193776 0.0192144 0.0193591 0.0214166 0.021119 0.0217063 0.0168178 0.0191061 0.0192504 0.0199662 0.0195546 0.0201868 0.0208659 0.0212593 0.0236935 0.0245613 0.0168178 0.0191061 0.0192504 0.0199662 0.0195546 0.0201868 0.0208659 0.0212593 0.0236935 0.0245613
20220120 0.0167438 0.0167438 0.0170734 0.0184409 0.018667 0.0185623 0.0187223 0.019069 0.0188054 0.0192554 0.0202203 0.0200839 0.0170709 0.0174178 0.0185755 0.0189462 0.0200185 0.0202378 0.0204767 0.0210116 0.0218086 0.0237838 0.0170709 0.0174178 0.0185755 0.0189462 0.0200185 0.0202378 0.0204767 0.0210116 0.0218086 0.0237838
20220121 0.0170117 0.0170117 0.0177065 0.0178226 0.0194639 0.0195634 0.019698 0.0195052 0.0200556 0.0198012 0.0202675 0.0210973 0.0178031 0.0176019 0.0178837 0.0195385 0.0197868 0.0202866 0.0203986 0.0208729 0.0211743 0.0205771 0.0178031 0.0176019 0.0178837 0.0195385 0.0197868 0.0202866 0.0203986 0.0208729 0.0211743 0.0205771
20220122 0.0162702 0.0162702 0.0176957 0.0176771 0.0177047 0.0192284 0.0192418 0.0195331 0.0197605 0.0195798 0.0196614 0.0200716 0.017588 0.0175007 0.0178458 0.0180293 0.0194507 0.0194312 0.0204335 0.0204016 0.0206571 0.0208979 0.017588 0.0175007 0.0178458 0.0180293 0.0194507 0.0194312 0.0204335 0.0204016 0.0206571 0.0208979
20220123 0.0147959 0.0147959 0.0157981 0.0157708 0.0158115 0.0157372 0.0175837 0.0175394 0.0178642 0.0176757 0.0177213 0.017553 0.0157613 0.0159489 0.0169772 0.0171863 0.0172016 0.0180807 0.017924 0.018919 0.0189481 0.0190324 0.0157613 0.0159489 0.0169772 0.0171863 0.0172016 0.0180807 0.017924 0.018919 0.0189481 0.0190324
20220124 0.0140107 0.0140107 0.0149893 0.0149699 0.015144 0.0150678 0.0151726 0.0173851 0.0173335 0.0176428 0.0172829 0.0175649 0.0149528 0.0150886 0.0152161 0.0159286 0.0160041 0.0168282 0.0175749 0.0174743 0.0182066 0.0177652 0.0149528 0.0150886 0.0152161 0.0159286 0.0160041 0.0168282 0.0175749 0.0174743 0.0182066 0.0177652
20220125 0.0137899 0.0137899 0.0162442 0.0162083 0.0162293 0.0164261 0.0165841 0.0167832 0.0172847 0.0174973 0.017479 0.0171706 0.0162256 0.0161745 0.0158361 0.0158851 0.0161663 0.0164478 0.0170203 0.0178708 0.0177141 0.0186929 0.0162256 0.0161745 0.0158361 0.0158851 0.0161663 0.0164478 0.0170203 0.0178708 0.0177141 0.0186929
20220126 0.0129044 0.0129044 0.0157399 0.0157825 0.015994 0.0159199 0.01595 0.0161802 0.0163102 0.0178022 0.0181535 0.0182457 0.0134149 0.0162006 0.0165008 0.0160354 0.0160677 0.0161736 0.0160034 0.0157667 0.0168045 0.0172307 0.0134149 0.0162006 0.0165008 0.0160354 0.0160677 0.0161736 0.0160034 0.0157667 0.0168045 0.0172307
20220127 0.0138961 0.0138961 0.0143022 0.016302 0.0164325 0.0166284 0.0167126 0.0167879 0.0165559 0.0167704 0.017543 0.0179045 0.0142744 0.0141961 0.0162949 0.0159771 0.0153059 0.0153205 0.0153508 0.0153067 0.0157663 0.0172382 0.0142744 0.0141961 0.0162949 0.0159771 0.0153059 0.0153205 0.0153508 0.0153067 0.0157663 0.0172382
20220128 0.0136422 0.0136422 0.0143397 0.0142568 0.0150662 0.0149551 0.0152022 0.0154332 0.0154349 0.0151597 0.015606 0.0176854 0.0143086 0.0145052 0.0144705 0.0153102 0.0153415 0.015746 0.0150822 0.015455 0.0158498 0.0164208 0.0143086 0.0145052 0.0144705 0.0153102 0.0153415 0.015746 0.0150822 0.015455 0.0158498 0.0164208
20220129 0.0130473 0.0130473 0.0137499 0.0137353 0.0137243 0.0148448 0.0150263 0.0150774 0.0150235 0.0150949 0.0147811 0.0154821 0.013779 0.0129936 0.0144827 0.0142391 0.0149893 0.0150703 0.015563 0.015224 0.01504 0.0150517 0.013779 0.0129936 0.0144827 0.0142391 0.0149893 0.0150703 0.015563 0.015224 0.01504 0.0150517
20220130 0.013631 0.013631 0.0158085 0.0158539 0.015801 0.015659 0.0162507 0.0163699 0.0163953 0.0166848 0.0167798 0.0164082 0.0158315 0.0155859 0.0159475 0.0171445 0.0167872 0.0163338 0.0164049 0.017324 0.0176466 0.0185389 0.0158315 0.0155859 0.0159475 0.0171445 0.0167872 0.0163338 0.0164049 0.017324 0.0176466 0.0185389
20220131 0.0151456 0.0151456 0.0164599 0.0164585 0.0165203 0.0165241 0.0165458 0.0167964 0.0167332 0.0163082 0.0169733 0.0167376 0.0164964 0.0173475 0.0180136 0.0181987 0.0180039 0.0172565 0.0168127 0.017161 0.0180224 0.0185651 0.0164964 0.0173475 0.0180136 0.0181987 0.0180039 0.0172565 0.0168127 0.017161 0.0180224 0.0185651
20220203 0.0164209 0.0164209 0.0170595 0.0187526 0.0188466 0.0189387 0.0190549 0.0193351 0.0195011 0.0191588 0.0182621 0.0188602 0.0170497 0.0174378 0.019383 0.0188036 0.0188251 0.018657 0.0184803 0.018722 0.0194634 0.019458 0.0170497 0.0174378 0.019383 0.0188036 0.0188251 0.018657 0.0184803 0.018722 0.0194634 0.019458
20220204 0.0165854 0.0165854 0.0178388 0.0179527 0.0190277 0.0191665 0.0190638 0.019247 0.0192616 0.0198861 0.0196945 0.0209527 0.0178152 0.0185979 0.0193479 0.0199211 0.0202969 0.0202768 0.0204751 0.0210574 0.0213665 0.0223079 0.0178152 0.0185979 0.0193479 0.0199211 0.0202969 0.0202768 0.0204751 0.0210574 0.0213665 0.0223079
20220205 0.0157438 0.0157438 0.0173567 0.0174028 0.0174862 0.0176144 0.0177847 0.0176504 0.018026 0.0185025 0.0178414 0.0181852 0.017301 0.0181063 0.0186847 0.0193823 0.0197967 0.0200162 0.0199314 0.0206123 0.0211776 0.0211365 0.017301 0.0181063 0.0186847 0.0193823 0.0197967 0.0200162 0.0199314 0.0206123 0.0211776 0.0211365
20220210 0.0130819 0.0130819 0.0137092 0.0164096 0.0164958 0.0165677 0.0166068 0.0165071 0.0165717 0.0168723 0.0166695 0.0170714 0.013627 0.0142741 0.0166617 0.0167391 0.0165642 0.016383 0.0164924 0.016673 0.0169054 0.0180256 0.013627 0.0142741 0.0166617 0.0167391 0.0165642 0.016383 0.0164924 0.016673 0.0169054 0.0180256
20220211 0.013401 0.013401 0.0146584 0.0146807 0.016913 0.0169163 0.016993 0.0171033 0.0170124 0.0172087 0.0175479 0.0180244 0.0145276 0.014775 0.0154721 0.0174326 0.0171972 0.0173722 0.0166608 0.0164369 0.0161519 0.0164336 0.0145276 0.014775 0.0154721 0.0174326 0.0171972 0.0173722 0.0166608 0.0164369 0.0161519 0.0164336
20220212 0.013082 0.013082 0.0141496 0.0142062 0.0142648 0.0159315 0.0162385 0.0160453 0.0160116 0.0162505 0.0165957 0.0167922 0.0141447 0.0144735 0.0147662 0.0148518 0.0167902 0.016162 0.0156627 0.0150253 0.015849 0.0156575 0.0141447 0.0144735 0.0147662 0.0148518 0.0167902 0.016162 0.0156627 0.0150253 0.015849 0.0156575
20220213 0.0139736 0.0139736 0.0154932 0.0154413 0.0156184 0.0156865 0.0170022 0.0171446 0.0172459 0.0166402 0.0171027 0.0169596 0.0154502 0.0146391 0.0153451 0.0156095 0.0154053 0.0164899 0.0160657 0.0158958 0.0157621 0.0162045 0.0154502 0.0146391 0.0153451 0.0156095 0.0154053 0.0164899 0.0160657 0.0158958 0.0157621 0.0162045
20220214 0.013751 0.013751 0.0154696 0.0154843 0.0154451 0.0153502 0.0152173 0.0156608 0.0158677 0.0158196 0.0157645 0.0159025 0.0154366 0.0153369 0.0152089 0.0161242 0.0160518 0.0155043 0.0161506 0.0160491 0.0157187 0.0160766 0.0154366 0.0153369 0.0152089 0.0161242 0.0160518 0.0155043 0.0161506 0.0160491 0.0157187 0.0160766
20220215 0.0137754 0.0137754 0.0153441 0.0154506 0.015555 0.0154889 0.015578 0.0152755 0.016082 0.0166753 0.0168752 0.0169694 0.0152774 0.0164636 0.0169736 0.0168697 0.0176456 0.0170511 0.0172239 0.0173129 0.0171131 0.0173752 0.0152774 0.0164636 0.0169736 0.0168697 0.0176456 0.0170511 0.0172239 0.0173129 0.0171131 0.0173752
20220216 0.0138611 0.0138611 0.0149284 0.0149278 0.0150169 0.0149752 0.0149005 0.0152858 0.0154617 0.0165988 0.0167568 0.0167221 0.0141085 0.0155015 0.0166546 0.0166164 0.0166771 0.0173157 0.0173069 0.0172853 0.0169939 0.0166802 0.0141085 0.0155015 0.0166546 0.0166164 0.0166771 0.0173157 0.0173069 0.0172853 0.0169939 0.0166802
20220217 0.013784 0.013784 0.0139773 0.0153563 0.0154725 0.0154737 0.0152598 0.0152955 0.0155464 0.0153387 0.01646 0.0168237 0.0138972 0.0139759 0.0154941 0.016079 0.0159611 0.0164877 0.0164324 0.0167614 0.0168925 0.0166745 0.0138972 0.0139759 0.0154941 0.016079 0.0159611 0.0164877 0.0164324 0.0167614 0.0168925 0.0166745
20220218 0.0126634 0.0126634 0.0138907 0.013861 0.0154298 0.0153699 0.0153975 0.0155724 0.0159556 0.0158243 0.0163626 0.0171603 0.0138705 0.0138341 0.0135475 0.0156715 0.0159159 0.0159214 0.0159866 0.01639 0.0169005 0.0172383 0.0138705 0.0138341 0.0135475 0.0156715 0.0159159 0.0159214 0.0159866 0.01639 0.0169005 0.0172383
20220219 0.0135097 0.0135097 0.0148639 0.0149626 0.0149482 0.0158483 0.0159287 0.0160838 0.0162845 0.0165807 0.0163147 0.016821 0.0148154 0.0153646 0.0158132 0.0147188 0.0169597 0.0174153 0.0168525 0.0167522 0.0170158 0.0175836 0.0148154 0.0153646 0.0158132 0.0147188 0.0169597 0.0174153 0.0168525 0.0167522 0.0170158 0.0175836
20220220 0.0139308 0.0139308 0.0149534 0.0150836 0.0152184 0.015379 0.017226 0.0172983 0.0173264 0.0177309 0.0179258 0.017975 0.0148992 0.0156185 0.0167517 0.0166843 0.0158326 0.0184956 0.0191729 0.0186585 0.018958 0.0189944 0.0148992 0.0156185 0.0167517 0.0166843 0.0158326 0.0184956 0.0191729 0.0186585 0.018958 0.0189944
20220221 0.0139402 0.0139402 0.01507 0.0151 0.0152423 0.0155001 0.0154656 0.0176061 0.0176362 0.0177283 0.0178539 0.0179475 0.0150098 0.0156383 0.0153742 0.0159831 0.0158925 0.0157963 0.0176681 0.0181557 0.018093 0.0189974 0.0150098 0.0156383 0.0153742 0.0159831 0.0158925 0.0157963 0.0176681 0.0181557 0.018093 0.0189974
20220222 0.0161511 0.0161511 0.017021 0.0170064 0.0170088 0.0172525 0.0172866 0.0173479 0.0198034 0.019727 0.0200673 0.0204723 0.016994 0.0183332 0.0188274 0.0178932 0.017974 0.0177333 0.0179223 0.019563 0.0196075 0.0195472 0.016994 0.0183332 0.0188274 0.0178932 0.017974 0.0177333 0.0179223 0.019563 0.0196075 0.0195472
20220223 0.0167356 0.0167356 0.0174156 0.0174291 0.0174906 0.0175336 0.0175492 0.0178826 0.018134 0.0199166 0.0200579 0.0205899 0.016871 0.0177344 0.0189961 0.0191404 0.0190448 0.0197158 0.0194798 0.0193507 0.0207722 0.0211374 0.016871 0.0177344 0.0189961 0.0191404 0.0190448 0.0197158 0.0194798 0.0193507 0.0207722 0.0211374
20220224 0.0145252 0.0145252 0.0148111 0.015941 0.01604 0.0159522 0.0159742 0.0163206 0.0165132 0.016518 0.0182722 0.0184872 0.0147797 0.0153019 0.0173626 0.01744 0.0181625 0.0182881 0.018455 0.0186535 0.0185374 0.0201515 0.0147797 0.0153019 0.0173626 0.01744 0.0181625 0.0182881 0.018455 0.0186535 0.0185374 0.0201515
20220225 0.0153486 0.0153486 0.0161672 0.0159775 0.0166306 0.0167946 0.0167884 0.0173627 0.0172304 0.0171515 0.0171644 0.018975 0.0161165 0.015437 0.0161768 0.0181666 0.017948 0.0181419 0.018058 0.0183864 0.0187482 0.0192496 0.0161165 0.015437 0.0161768 0.0181666 0.017948 0.0181419 0.018058 0.0183864 0.0187482 0.0192496
20220226 0.0170112 0.0170112 0.017947 0.0179887 0.0179328 0.0192668 0.0192083 0.0193169 0.0195849 0.0197484 0.0199502 0.019801 0.0179132 0.0175404 0.0173429 0.0177071 0.0190547 0.0190619 0.0186903 0.018286 0.0183247 0.018664 0.0179132 0.0175404 0.0173429 0.0177071 0.0190547 0.0190619 0.0186903 0.018286 0.0183247 0.018664
20220227 0.0161068 0.0161068 0.0173439 0.0175378 0.0175942 0.0174901 0.0180168 0.0182025 0.0183706 0.018628 0.018242 0.018586 0.0173337 0.017416 0.0173885 0.0172917 0.0168253 0.0179865 0.0179574 0.0175885 0.0174407 0.0179581 0.0173337 0.017416 0.0173885 0.0172917 0.0168253 0.0179865 0.0179574 0.0175885 0.0174407 0.0179581
20220228 0.0153036 0.0153036 0.0167351 0.0168893 0.0168869 0.017102 0.017351 0.0184402 0.0187531 0.019004 0.0191573 0.0194867 0.0166801 0.0172356 0.0175568 0.0173615 0.0171841 0.0168866 0.0193135 0.0195529 0.0186927 0.0190001 0.0166801 0.0172356 0.0175568 0.0173615 0.0171841 0.0168866 0.0193135 0.0195529 0.0186927 0.0190001
20220313 0.0150812 0.0150812 0.0169866 0.0169371 0.0169876 0.0171244 0.0191623 0.0191749 0.0197149 0.0197425 0.0202885 0.0203106 0.0168922 0.0178046 0.0185984 0.0189357 0.018545 0.0207014 0.0204499 0.0208579 0.0211198 0.0210011 0.0168922 0.0178046 0.0185984 0.0189357 0.018545 0.0207014 0.0204499 0.0208579 0.0211198 0.0210011
20220314 0.0159578 0.0159578 0.0182417 0.0181847 0.0181435 0.018116 0.0179966 0.0205382 0.0203029 0.0210699 0.0204898 0.0210113 0.0181945 0.0177054 0.0186412 0.0190661 0.0190475 0.0184649 0.0203822 0.020556 0.0210064 0.0211679 0.0181945 0.0177054 0.0186412 0.0190661 0.0190475 0.0184649 0.0203822 0.020556 0.0210064 0.0211679
20220315 0.0152805 0.0152805 0.0178176 0.0178612 0.0180467 0.0179793 0.0181455 0.018424 0.0198609 0.0199193 0.0204565 0.0202884 0.0178213 0.0183979 0.0181785 0.0183475 0.0182777 0.0182037 0.0178487 0.0199473 0.0197068 0.0198979 0.0178213 0.0183979 0.0181785 0.0183475 0.0182777 0.0182037 0.0178487 0.0199473 0.0197068 0.0198979
20220316 0.0150861 0.0150861 0.0171551 0.0172037 0.0171705 0.0172131 0.0172754 0.0174123 0.0172762 0.0184746 0.0185518 0.0186928 0.0155051 0.0171586 0.0176752 0.0179872 0.0185732 0.0184703 0.0184224 0.0182311 0.0204156 0.0196001 0.0155051 0.0171586 0.0176752 0.0179872 0.0185732 0.0184703 0.0184224 0.0182311 0.0204156 0.0196001
20220317 0.0160835 0.0160835 0.016688 0.0179483 0.0179674 0.018036 0.0181557 0.0183084 0.0180596 0.0183056 0.0204414 0.0205828 0.0167273 0.0169762 0.0185561 0.0190817 0.0195084 0.0204353 0.0200191 0.0195557 0.0198113 0.021776 0.0167273 0.0169762 0.0185561 0.0190817 0.0195084 0.0204353 0.0200191 0.0195557 0.0198113 0.021776
20220318 0.0165019 0.0165019 0.0176369 0.0176652 0.0186324 0.0185404 0.0185923 0.0186789 0.0185843 0.0188385 0.0188924 0.0206704 0.017589 0.0183651 0.0189514 0.0199438 0.0202099 0.0201156 0.0212151 0.0209717 0.0213663 0.0215085 0.017589 0.0183651 0.0189514 0.0199438 0.0202099 0.0201156 0.0212151 0.0209717 0.0213663 0.0215085
20220319 0.0157257 0.0157257 0.016903 0.0168747 0.0168073 0.0172001 0.0172171 0.0172872 0.017322 0.0175345 0.0173848 0.0180354 0.0167804 0.0167185 0.0179778 0.0185294 0.018596 0.0187434 0.0186945 0.0193152 0.019416 0.0200849 0.0167804 0.0167185 0.0179778 0.0185294 0.018596 0.0187434 0.0186945 0.0193152 0.019416 0.0200849
20220320 0.0144484 0.0144484 0.0159676 0.0159787 0.015975 0.0161108 0.0177911 0.017737 0.0180543 0.0179752 0.0182011 0.0186119 0.0159026 0.0161544 0.0161325 0.0168119 0.0178387 0.0187273 0.0190341 0.0191376 0.0196138 0.0192617 0.0159026 0.0161544 0.0161325 0.0168119 0.0178387 0.0187273 0.0190341 0.0191376 0.0196138 0.0192617
20220321 0.0160289 0.0160289 0.017728 0.0178072 0.017904 0.0178938 0.0180839 0.0209386 0.0207421 0.0210403 0.0211981 0.0209708 0.0177335 0.0182524 0.0193481 0.0195861 0.0192004 0.0198581 0.0208993 0.0209167 0.0208718 0.0213847 0.0177335 0.0182524 0.0193481 0.0195861 0.0192004 0.0198581 0.0208993 0.0209167 0.0208718 0.0213847
20220322 0.0163283 0.0163283 0.0181796 0.0182597 0.0182025 0.0182412 0.0182822 0.0184285 0.0194584 0.0196293 0.0199664 0.0198841 0.0180845 0.018275 0.0184887 0.0190592 0.0189638 0.0187362 0.0195651 0.020558 0.0206694 0.0206462 0.0180845 0.018275 0.0184887 0.0190592 0.0189638 0.0187362 0.0195651 0.020558 0.0206694 0.0206462
20220323 0.0164109 0.0164109 0.0181722 0.0182173 0.0181897 0.0182743 0.0182778 0.0184795 0.0186354 0.0189443 0.0188166 0.0190937 0.0166174 0.0184376 0.0185984 0.0182791 0.0187113 0.0189233 0.018717 0.019336 0.019439 0.0192732 0.0166174 0.0184376 0.0185984 0.0182791 0.0187113 0.0189233 0.018717 0.019336 0.019439 0.0192732
20220324 0.0152881 0.0152881 0.0157265 0.0166247 0.0165619 0.0163361 0.0164359 0.0164861 0.0170131 0.0172062 0.0178379 0.0178735 0.0156028 0.0152939 0.01705 0.0174592 0.0171962 0.0175509 0.0178974 0.0175765 0.0177903 0.0180807 0.0156028 0.0152939 0.01705 0.0174592 0.0171962 0.0175509 0.0178974 0.0175765 0.0177903 0.0180807
20220325 0.0127277 0.0127277 0.0130872 0.0131391 0.014396 0.0143807 0.0144333 0.0144584 0.0145437 0.0148335 0.0147922 0.0160512 0.0130872 0.0131592 0.0131961 0.0148522 0.0147167 0.0148514 0.0158361 0.0160266 0.0159175 0.0158912 0.0130872 0.0131592 0.0131961 0.0148522 0.0147167 0.0148514 0.0158361 0.0160266 0.0159175 0.0158912
20220326 0.012767 0.012767 0.013654 0.0136541 0.0137008 0.0146124 0.0145782 0.0147405 0.0145464 0.0147283 0.014663 0.0148884 0.0136528 0.0134058 0.012979 0.0130262 0.015237 0.0151672 0.0153517 0.0158524 0.0156665 0.0153309 0.0136528 0.0134058 0.012979 0.0130262 0.015237 0.0151672 0.0153517 0.0158524 0.0156665 0.0153309
20220327 0.0131124 0.0131124 0.0145146 0.0145626 0.0145625 0.014827 0.0166525 0.0167926 0.0165948 0.016861 0.0167493 0.0169593 0.0144834 0.0151251 0.0148758 0.0149413 0.0147339 0.0174516 0.0170434 0.0171645 0.0178869 0.0173901 0.0144834 0.0151251 0.0148758 0.0149413 0.0147339 0.0174516 0.0170434 0.0171645 0.0178869 0.0173901
20220328 0.0137715 0.0137715 0.0157003 0.015756 0.0157692 0.0157691 0.0159306 0.0176176 0.0182342 0.0179783 0.0178728 0.0178546 0.0156978 0.0160348 0.0161961 0.0154454 0.0153337 0.0150984 0.0181711 0.0175702 0.0174227 0.0180767 0.0156978 0.0160348 0.0161961 0.0154454 0.0153337 0.0150984 0.0181711 0.0175702 0.0174227 0.0180767
20220329 0.0129633 0.0129633 0.0159214 0.0159537 0.016025 0.0161188 0.0161194 0.0162946 0.0186425 0.0187106 0.0185479 0.0187332 0.0158713 0.0158803 0.0161785 0.0159248 0.0154892 0.0155076 0.0154866 0.0171464 0.0163395 0.016508 0.0158713 0.0158803 0.0161785 0.0159248 0.0154892 0.0155076 0.0154866 0.0171464 0.0163395 0.016508
20220330 0.0125254 0.0125254 0.015297 0.01541 0.0155157 0.0154042 0.0157403 0.0157405 0.0157896 0.0194646 0.0190253 0.0194811 0.0127622 0.015238 0.01525 0.0156829 0.0153799 0.0154598 0.0151158 0.0153698 0.017412 0.0174946 0.0127622 0.015238 0.01525 0.0156829 0.0153799 0.0154598 0.0151158 0.0153698 0.017412 0.0174946
20220331 0.0127835 0.0127835 0.0131864 0.0149962 0.014995 0.0152232 0.0151602 0.0153935 0.0153928 0.015507 0.018457 0.0188012 0.0131526 0.0136174 0.0160905 0.0161424 0.0165945 0.0164386 0.0166498 0.016403 0.0168025 0.0178022 0.0131526 0.0136174 0.0160905 0.0161424 0.0165945 0.0164386 0.0166498 0.016403 0.0168025 0.0178022
20220409 0.0135715 0.0135715 0.0153416 0.0153417 0.0154125 0.0166573 0.0167749 0.0166805 0.0165662 0.016728 0.0170276 0.0171595 0.0153533 0.0153957 0.0158186 0.0167214 0.0179608 0.0173323 0.0170822 0.0169968 0.0176313 0.0181253 0.0153533 0.0153957 0.0158186 0.0167214 0.0179608 0.0173323 0.0170822 0.0169968 0.0176313 0.0181253
20220410 0.0137717 0.0137717 0.0154966 0.01565 0.0156498 0.0157045 0.017221 0.0172739 0.0172595 0.0174765 0.0177869 0.0179948 0.0155643 0.0159502 0.0159382 0.0157616 0.0164702 0.0182022 0.0174683 0.0178649 0.017725 0.0176999 0.0155643 0.0159502 0.0159382 0.0157616 0.0164702 0.0182022 0.0174683 0.0178649 0.017725 0.0176999
20220411 0.0162324 0.0162324 0.0183938 0.0183806 0.0183721 0.0183725 0.0183578 0.0190449 0.0191754 0.0192491 0.0190051 0.0196816 0.0182492 0.0181749 0.0187342 0.0180836 0.0176816 0.0187304 0.0207404 0.0202211 0.020291 0.0195945 0.0182492 0.0181749 0.0187342 0.0180836 0.0176816 0.0187304 0.0207404 0.0202211 0.020291 0.0195945
20220412 0.0156192 0.0156192 0.0177657 0.0177168 0.0177808 0.0178934 0.0178936 0.0181528 0.0198749 0.0199686 0.0197906 0.0199397 0.0177372 0.0172462 0.0179745 0.0179321 0.0177836 0.017423 0.0181068 0.0204002 0.0197568 0.0195833 0.0177372 0.0172462 0.0179745 0.0179321 0.0177836 0.017423 0.0181068 0.0204002 0.0197568 0.0195833
20220413 0.0133632 0.0133632 0.0147289 0.0147726 0.0147043 0.0147879 0.0148673 0.0148675 0.0149139 0.0173989 0.0169307 0.0175952 0.0134451 0.0154353 0.0153961 0.0157492 0.0155302 0.0155928 0.0156315 0.0164807 0.0177963 0.0181228 0.0134451 0.0154353 0.0153961 0.0157492 0.0155302 0.0155928 0.0156315 0.0164807 0.0177963 0.0181228
20220414 0.0124763 0.0124763 0.0130348 0.0144483 0.0145884 0.0145957 0.0147717 0.0147749 0.0147754 0.0149358 0.016594 0.0167989 0.0129875 0.0136546 0.0156599 0.0149952 0.0157527 0.0157147 0.0154117 0.016041 0.0165776 0.0178576 0.0129875 0.0136546 0.0156599 0.0149952 0.0157527 0.0157147 0.0154117 0.016041 0.0165776 0.0178576
20220415 0.0117783 0.0117783 0.0127928 0.0128467 0.014282 0.0142861 0.0143213 0.0144523 0.0144173 0.0144172 0.0143141 0.015111 0.0127687 0.0129515 0.0132124 0.014573 0.0141898 0.0148811 0.0151145 0.0150066 0.0157747 0.0156262 0.0127687 0.0129515 0.0132124 0.014573 0.0141898 0.0148811 0.0151145 0.0150066 0.0157747 0.0156262
20220416 0.0118091 0.0118091 0.0130673 0.0130407 0.0132301 0.0143914 0.014394 0.0144894 0.0144864 0.0143815 0.0143815 0.014259 0.0130409 0.012639 0.0127121 0.0126632 0.0137225 0.0137643 0.0138771 0.0142377 0.0142682 0.0148061 0.0130409 0.012639 0.0127121 0.0126632 0.0137225 0.0137643 0.0138771 0.0142377 0.0142682 0.0148061
20220417 0.0125511 0.0125511 0.0140068 0.0141037 0.0140945 0.0142291 0.0153737 0.0153412 0.0152296 0.0155007 0.0156799 0.0156806 0.013952 0.0146222 0.0151771 0.0149375 0.0149857 0.016231 0.0159741 0.0159326 0.0162515 0.0161021 0.013952 0.0146222 0.0151771 0.0149375 0.0149857 0.016231 0.0159741 0.0159326 0.0162515 0.0161021
20220418 0.0151914 0.0151914 0.0166454 0.0166891 0.0166906 0.016765 0.0169298 0.0179118 0.0179597 0.0182122 0.0186157 0.0187358 0.0166134 0.01681 0.0176023 0.0182188 0.0176886 0.0172261 0.0191752 0.019264 0.0192146 0.019418 0.0166134 0.01681 0.0176023 0.0182188 0.0176886 0.0172261 0.0191752 0.019264 0.0192146 0.019418
20220419 0.0161908 0.0161908 0.0179833 0.0181628 0.0181101 0.0181173 0.0178479 0.0179524 0.0188746 0.0190091 0.0192132 0.0192054 0.0179403 0.0173527 0.017623 0.0177337 0.0175989 0.0179215 0.0179471 0.0198077 0.0197562 0.0201443 0.0179403 0.0173527 0.017623 0.0177337 0.0175989 0.0179215 0.0179471 0.0198077 0.0197562 0.0201443
20220420 0.0161769 0.0161769 0.0184165 0.0184602 0.0185362 0.0186854 0.0186831 0.0186804 0.0187882 0.0189132 0.0188061 0.0190058 0.0165753 0.0188583 0.0188976 0.018737 0.0188003 0.0188539 0.0189205 0.0189126 0.0206026 0.0203809 0.0165753 0.0188583 0.0188976 0.018737 0.0188003 0.0188539 0.0189205 0.0189126 0.0206026 0.0203809
20220421 0.0151582 0.0151582 0.0156783 0.0168578 0.0168762 0.017006 0.0168976 0.0168322 0.0169324 0.0169992 0.0169218 0.0171517 0.01562 0.016264 0.0178496 0.0175917 0.0171598 0.0167474 0.0175813 0.0177531 0.0175363 0.0178792 0.01562 0.016264 0.0178496 0.0175917 0.0171598 0.0167474 0.0175813 0.0177531 0.0175363 0.0178792
20220422 0.0142059 0.0142059 0.0147587 0.0147069 0.0154415 0.0154666 0.0155125 0.0154031 0.0155331 0.0155012 0.0151927 0.0158626 0.0147205 0.0150812 0.0156702 0.0163752 0.0162705 0.0159951 0.015974 0.0163371 0.0161865 0.0163463 0.0147205 0.0150812 0.0156702 0.0163752 0.0162705 0.0159951 0.015974 0.0163371 0.0161865 0.0163463
20220423 0.0138296 0.0138296 0.0142504 0.014289 0.0143595 0.0162298 0.0161994 0.0165182 0.0165843 0.0168265 0.0168925 0.0169732 0.014182 0.0149209 0.015262 0.0155417 0.0168729 0.0172738 0.017771 0.0177841 0.0188641 0.0189461 0.014182 0.0149209 0.015262 0.0155417 0.0168729 0.0172738 0.017771 0.0177841 0.0188641 0.0189461
20220424 0.0152691 0.0152691 0.0159356 0.0158854 0.0157506 0.0157879 0.0172335 0.0173304 0.0174632 0.0170928 0.017566 0.0171695 0.0159232 0.0144609 0.0158702 0.0160029 0.0161575 0.0181521 0.0187496 0.0190191 0.0190618 0.02001 0.0159232 0.0144609 0.0158702 0.0160029 0.0161575 0.0181521 0.0187496 0.0190191 0.0190618 0.02001
20220425 0.0123539 0.0123539 0.0152237 0.0150874 0.0150953 0.0151674 0.0151492 0.0169021 0.01717 0.0171642 0.0173624 0.0172472 0.01519 0.0151774 0.0159531 0.015945 0.015189 0.014893 0.0178383 0.0173309 0.0173844 0.0164617 0.01519 0.0151774 0.0159531 0.015945 0.015189 0.014893 0.0178383 0.0173309 0.0173844 0.0164617
20220426 0.0131667 0.0131667 0.0150512 0.0151085 0.015243 0.015208 0.0152722 0.015422 0.0166091 0.0169166 0.0170195 0.0168745 0.0150499 0.0155603 0.0160474 0.0170156 0.0169645 0.0164612 0.0164986 0.0180361 0.0174084 0.017455 0.0150499 0.0155603 0.0160474 0.0170156 0.0169645 0.0164612 0.0164986 0.0180361 0.0174084 0.017455
20220427 0.0136599 0.0136599 0.0155739 0.0156141 0.0156929 0.015758 0.0159347 0.0158656 0.0158812 0.0168985 0.0166278 0.0168923 0.0139463 0.0162828 0.0169981 0.0172278 0.0175045 0.0172069 0.0167696 0.0165239 0.0178141 0.0176683 0.0139463 0.0162828 0.0169981 0.0172278 0.0175045 0.0172069 0.0167696 0.0165239 0.0178141 0.0176683
20220428 0.0166311 0.0166311 0.0176162 0.0185444 0.0185379 0.0184905 0.0185244 0.0186557 0.0186327 0.0187453 0.0178778 0.0171939 0.0174544 0.0165167 0.0195625 0.0184635 0.0174162 0.0178005 0.0177694 0.0175888 0.0174342 0.0195388 0.0174544 0.0165167 0.0195625 0.0184635 0.0174162 0.0178005 0.0177694 0.0175888 0.0174342 0.0195388
20220429 0.0148884 0.0148884 0.0157421 0.0158489 0.01763 0.0176414 0.0175432 0.0176337 0.0177259 0.0177928 0.0179903 0.018234 0.0156717 0.016319 0.0167604 0.0187859 0.0181074 0.0175563 0.0178196 0.0184724 0.0181797 0.0176052 0.0156717 0.016319 0.0167604 0.0187859 0.0181074 0.0175563 0.0178196 0.0184724 0.0181797 0.0176052
20220430 0.0143094 0.0143094 0.0156322 0.0155927 0.0156124 0.0178139 0.0177312 0.0177211 0.0178332 0.0177092 0.0176901 0.0182393 0.0155561 0.0168056 0.0172476 0.0165684 0.0184185 0.0170932 0.0168602 0.0174622 0.0181542 0.0182229 0.0155561 0.0168056 0.0172476 0.0165684 0.0184185 0.0170932 0.0168602 0.0174622 0.0181542 0.0182229
20220503 0.0140222 0.0140222 0.0154831 0.0155601 0.0155179 0.0159424 0.0159683 0.0159022 0.0162241 0.01637 0.0161716 0.0171717 0.0153636 0.0159537 0.0177193 0.0173746 0.0165117 0.0163067 0.0155294 0.0211991 0.0216487 0.0202042 0.0153636 0.0159537 0.0177193 0.0173746 0.0165117 0.0163067 0.0155294 0.0211991 0.0216487 0.0202042
20220508 0.014645 0.014645 0.0171131 0.0171512 0.017562 0.0173091 0.0184767 0.0185399 0.0191405 0.018809 0.0186344 0.0188196 0.0170086 0.0172429 0.0174898 0.0169973 0.0171166 0.018462 0.0191185 0.0191945 0.0187048 0.0184076 0.0170086 0.0172429 0.0174898 0.0169973 0.0171166 0.018462 0.0191185 0.0191945 0.0187048 0.0184076
20220509 0.0153886 0.0153886 0.01766 0.0181029 0.0183347 0.0185123 0.018372 0.0188741 0.018971 0.0190688 0.0191774 0.0187458 0.0175063 0.018391 0.017935 0.0182234 0.0184901 0.018488 0.0195305 0.0201381 0.0205347 0.0199709 0.0175063 0.018391 0.017935 0.0182234 0.0184901 0.018488 0.0195305 0.0201381 0.0205347 0.0199709
20220510 0.0157361 0.0157361 0.0173309 0.0176655 0.0178775 0.0179609 0.0182224 0.0181958 0.0193829 0.0197851 0.0192245 0.0197552 0.0172492 0.0179103 0.02009 0.0194966 0.0191868 0.0193137 0.0192614 0.0201738 0.0204285 0.0208183 0.0172492 0.0179103 0.02009 0.0194966 0.0191868 0.0193137 0.0192614 0.0201738 0.0204285 0.0208183
20220511 0.0154536 0.0154536 0.0169848 0.0170796 0.0171478 0.0171266 0.0175428 0.0182224 0.018056 0.0191733 0.0199711 0.0191299 0.0153119 0.0174488 0.0181798 0.0190395 0.0186343 0.0186375 0.0185564 0.0184494 0.0192712 0.020023 0.0153119 0.0174488 0.0181798 0.0190395 0.0186343 0.0186375 0.0185564 0.0184494 0.0192712 0.020023
20220512 0.0153427 0.0153427 0.0159203 0.0177289 0.0177537 0.0178401 0.0181167 0.0179264 0.0182662 0.0185219 0.019515 0.0197082 0.0158854 0.0156967 0.0181041 0.0181696 0.01856 0.0181892 0.0183552 0.018235 0.018894 0.0200753 0.0158854 0.0156967 0.0181041 0.0181696 0.01856 0.0181892 0.0183552 0.018235 0.018894 0.0200753
20220513 0.015438 0.015438 0.0168162 0.0168495 0.0182544 0.0182476 0.018456 0.0182645 0.01839 0.0187775 0.0188129 0.0197602 0.0167433 0.0164773 0.0167748 0.018396 0.0185316 0.0189557 0.0181526 0.0187698 0.0196457 0.0198785 0.0167433 0.0164773 0.0167748 0.018396 0.0185316 0.0189557 0.0181526 0.0187698 0.0196457 0.0198785
20220514 0.0149924 0.0149924 0.0164997 0.0166979 0.0166759 0.0174972 0.0174744 0.0175015 0.0174589 0.0176581 0.0177848 0.0179824 0.01649 0.0161173 0.0166885 0.0165738 0.0173604 0.017558 0.0182751 0.0179522 0.0188366 0.0194243 0.01649 0.0161173 0.0166885 0.0165738 0.0173604 0.017558 0.0182751 0.0179522 0.0188366 0.0194243
20220515 0.0132822 0.0132822 0.0149774 0.0151104 0.015169 0.0152471 0.0163371 0.0164422 0.0164426 0.0163625 0.0165873 0.0161033 0.0148904 0.0153944 0.0145407 0.0139619 0.014112 0.0156584 0.0156517 0.0158829 0.0160661 0.0168362 0.0148904 0.0153944 0.0145407 0.0139619 0.014112 0.0156584 0.0156517 0.0158829 0.0160661 0.0168362
20220516 0.0131657 0.0131657 0.0151788 0.0152278 0.015297 0.0154648 0.0154784 0.0167687 0.0170902 0.0171608 0.0173938 0.0174583 0.0150762 0.0150593 0.0157052 0.0147107 0.0143246 0.0145208 0.0163697 0.0158305 0.0155669 0.0160573 0.0150762 0.0150593 0.0157052 0.0147107 0.0143246 0.0145208 0.0163697 0.0158305 0.0155669 0.0160573
20220517 0.0144704 0.0144704 0.0172547 0.0172825 0.0171978 0.0173098 0.0173111 0.0170826 0.0186432 0.0187521 0.0189238 0.0190115 0.017188 0.0171641 0.0165277 0.0164264 0.0165234 0.0167128 0.0165565 0.0170524 0.0166498 0.0168917 0.017188 0.0171641 0.0165277 0.0164264 0.0165234 0.0167128 0.0165565 0.0170524 0.0166498 0.0168917
20220518 0.0136635 0.0136635 0.0163751 0.0164586 0.0164643 0.0167033 0.0166874 0.016633 0.0164652 0.0189478 0.0191211 0.0190815 0.0138364 0.0169808 0.0170477 0.016282 0.0159763 0.0155798 0.0153833 0.0155093 0.0164468 0.0162604 0.0138364 0.0169808 0.0170477 0.016282 0.0159763 0.0155798 0.0153833 0.0155093 0.0164468 0.0162604
20220519 0.0124885 0.0124885 0.0130806 0.0161002 0.0161831 0.0159929 0.0159918 0.0162956 0.0160942 0.0159446 0.0188146 0.0188916 0.0130343 0.013351 0.0166575 0.0165901 0.0163973 0.0164244 0.0161204 0.0155989 0.0156197 0.0167562 0.0130343 0.013351 0.0166575 0.0165901 0.0163973 0.0164244 0.0161204 0.0155989 0.0156197 0.0167562
20220520 0.012838 0.012838 0.0136695 0.0137127 0.016022 0.0160465 0.0162899 0.016149 0.0161239 0.0161635 0.0157504 0.0185195 0.0136275 0.013456 0.0139655 0.016398 0.0164556 0.0170442 0.0171707 0.0173767 0.0170836 0.0168193 0.0136275 0.013456 0.0139655 0.016398 0.0164556 0.0170442 0.0171707 0.0173767 0.0170836 0.0168193
20220521 0.0141551 0.0141551 0.0162445 0.0162474 0.0161521 0.0187261 0.0186146 0.0185952 0.0189392 0.0190238 0.0191146 0.0190275 0.0160751 0.0160243 0.0161579 0.0162346 0.0189504 0.0189243 0.0188652 0.0191316 0.0188624 0.0186088 0.0160751 0.0160243 0.0161579 0.0162346 0.0189504 0.0189243 0.0188652 0.0191316 0.0188624 0.0186088
20220522 0.0144147 0.0144147 0.0162255 0.016324 0.0165307 0.0165372 0.0195091 0.0194842 0.0195684 0.019867 0.0198642 0.0199435 0.0162308 0.0169317 0.0172709 0.0174331 0.0167571 0.0179996 0.0183377 0.0180229 0.0181565 0.0180565 0.0162308 0.0169317 0.0172709 0.0174331 0.0167571 0.0179996 0.0183377 0.0180229 0.0181565 0.0180565
20220523 0.0148856 0.0148856 0.0156856 0.015701 0.0158961 0.0159949 0.016089 0.019434 0.019195 0.0190327 0.018987 0.0190736 0.0155928 0.0163162 0.0175221 0.017681 0.0175299 0.0168033 0.0186464 0.0189724 0.0181602 0.0179346 0.0155928 0.0163162 0.0175221 0.017681 0.0175299 0.0168033 0.0186464 0.0189724 0.0181602 0.0179346
20220524 0.0141892 0.0141892 0.0163118 0.0164288 0.0163613 0.0164297 0.0164812 0.0166159 0.0200336 0.0198792 0.0200027 0.0199052 0.0162987 0.0167 0.0171375 0.0175956 0.0178587 0.0179863 0.0178455 0.0195266 0.0194344 0.0188018 0.0162987 0.0167 0.0171375 0.0175956 0.0178587 0.0179863 0.0178455 0.0195266 0.0194344 0.0188018
