20201121 -0.0105756 -0.00148837 0.0460413 0.0329246 0.0106048 0.0117093 0.0165929 0.0223028 0.00484872 0.0123467 -0.0115338 -0.0198579 0.000303151 0.0102016 0.00161716 0.0218242 0.00440933 0.0331953 0.0460413 0.0329246 0.0106048 0.0117093 0.0165929 0.0223028 0.00484872 0.0123467 -0.0115338 -0.0198579 0.000303151 0.0102016 0.00161716 0.0218242 0.00440933 0.0331953 0.0460413 0.0329246 0.0106048 0.0117093 0.0165929 0.0223028 0.00484872 0.0123467 -0.0115338 -0.0198579 0.000303151 0.0102016 0.00161716 0.0218242 0.00440933 0.0331953
20201122 -0.00427699 -0.00797091 0.0264278 0.0225569 0.00542539 0.00579862 0.0417833 -0.00541597 0.00234867 0.00190656 -0.00461631 0.0095129 0.00760705 0.0146843 0.032549 0.0362071 0.0320418 0.0277145 0.0264278 0.0225569 0.00542539 0.00579862 0.0417833 -0.00541597 0.00234867 0.00190656 -0.00461631 0.0095129 0.00760705 0.0146843 0.032549 0.0362071 0.0320418 0.0277145 0.0264278 0.0225569 0.00542539 0.00579862 0.0417833 -0.00541597 0.00234867 0.00190656 -0.00461631 0.0095129 0.00760705 0.0146843 0.032549 0.0362071 0.0320418 0.0277145
20201123 -0.0375329 -0.0459187 0.0324575 0.0475116 0.0364164 0.0221002 -0.00541561 0.0091787 0.0115785 0.0170052 0.000168125 0.0144043 0.00632517 0.00936824 0.0478128 0.0537554 0.055173 0.0602292 0.0324575 0.0475116 0.0364164 0.0221002 -0.00541561 0.0091787 0.0115785 0.0170052 0.000168125 0.0144043 0.00632517 0.00936824 0.0478128 0.0537554 0.055173 0.0602292 0.0324575 0.0475116 0.0364164 0.0221002 -0.00541561 0.0091787 0.0115785 0.0170052 0.000168125 0.0144043 0.00632517 0.00936824 0.0478128 0.0537554 0.055173 0.0602292
20201124 -0.0268046 -0.0314767 -0.00237293 0.0247032 0.00451796 0.01983 -0.00231077 -0.00678477 0.00946414 0.0533703 0.047179 0.0205529 0.0381316 0.00985131 0.0294492 0.0567516 0.0498309 0.101738 -0.00237293 0.0247032 0.00451796 0.01983 -0.00231077 -0.00678477 0.00946414 0.0533703 0.047179 0.0205529 0.0381316 0.00985131 0.0294492 0.0567516 0.0498309 0.101738 -0.00237293 0.0247032 0.00451796 0.01983 -0.00231077 -0.00678477 0.00946414 0.0533703 0.047179 0.0205529 0.0381316 0.00985131 0.0294492 0.0567516 0.0498309 0.101738
20201125 0.0542195 0.046749 -0.0606582 -0.0541267 -0.0436315 -0.0315402 -0.0405097 -0.0390864 -0.0467927 -0.0475353 -0.0288959 0.00265755 0.000502338 -0.0122426 -0.0329364 -0.0400899 -0.020756 -0.0158132 -0.0606582 -0.0541267 -0.0436315 -0.0315402 -0.0405097 -0.0390864 -0.0467927 -0.0475353 -0.0288959 0.00265755 0.000502338 -0.0122426 -0.0329364 -0.0400899 -0.020756 -0.0158132 -0.0606582 -0.0541267 -0.0436315 -0.0315402 -0.0405097 -0.0390864 -0.0467927 -0.0475353 -0.0288959 0.00265755 0.000502338 -0.0122426 -0.0329364 -0.0400899 -0.020756 -0.0158132
20201126 0.0382039 0.0358499 -0.0554105 -0.072687 -0.0653508 -0.0910161 -0.0783224 -0.10557 -0.0659514 -0.0870926 -0.0691193 -0.0505645 -0.0290475 -0.0186043 -0.0548313 -0.047506 -0.0587676 -0.0101842 -0.0554105 -0.072687 -0.0653508 -0.0910161 -0.0783224 -0.10557 -0.0659514 -0.0870926 -0.0691193 -0.0505645 -0.0290475 -0.0186043 -0.0548313 -0.047506 -0.0587676 -0.0101842 -0.0554105 -0.072687 -0.0653508 -0.0910161 -0.0783224 -0.10557 -0.0659514 -0.0870926 -0.0691193 -0.0505645 -0.0290475 -0.0186043 -0.0548313 -0.047506 -0.0587676 -0.0101842
20201127 0.00300561 0.0222706 -0.0505226 -0.0404778 -0.0291137 -0.0449911 -0.0312628 -0.0133483 -0.0381184 -0.0354918 -0.0619754 0.0193752 -0.0291168 -0.0205252 -0.00906959 -0.00386956 0.00763621 -0.0200629 -0.0505226 -0.0404778 -0.0291137 -0.0449911 -0.0312628 -0.0133483 -0.0381184 -0.0354918 -0.0619754 0.0193752 -0.0291168 -0.0205252 -0.00906959 -0.00386956 0.00763621 -0.0200629 -0.0505226 -0.0404778 -0.0291137 -0.0449911 -0.0312628 -0.0133483 -0.0381184 -0.0354918 -0.0619754 0.0193752 -0.0291168 -0.0205252 -0.00906959 -0.00386956 0.00763621 -0.0200629
20201128 -0.021683 0.00331591 -0.00476503 -0.00756533 -0.0243428 -0.0038334 -0.0125876 -0.0335664 -0.0167495 -0.0212862 -0.00430518 -0.0257364 0.00520612 0.00914588 -0.00163115 0.0268763 -0.0102204 0.0178752 -0.00476503 -0.00756533 -0.0243428 -0.0038334 -0.0125876 -0.0335664 -0.0167495 -0.0212862 -0.00430518 -0.0257364 0.00520612 0.00914588 -0.00163115 0.0268763 -0.0102204 0.0178752 -0.00476503 -0.00756533 -0.0243428 -0.0038334 -0.0125876 -0.0335664 -0.0167495 -0.0212862 -0.00430518 -0.0257364 0.00520612 0.00914588 -0.00163115 0.0268763 -0.0102204 0.0178752
20201129 -0.0472841 -0.0387076 -0.0453285 -0.0613245 -0.0623298 -0.0532791 -0.0551944 -0.0359896 -0.0687768 -0.0669326 -0.0334098 -0.0460902 -0.0452426 -0.0215134 -0.024827 -0.0457304 0.00343059 -0.00429016 -0.0453285 -0.0613245 -0.0623298 -0.0532791 -0.0551944 -0.0359896 -0.0687768 -0.0669326 -0.0334098 -0.0460902 -0.0452426 -0.0215134 -0.024827 -0.0457304 0.00343059 -0.00429016 -0.0453285 -0.0613245 -0.0623298 -0.0532791 -0.0551944 -0.0359896 -0.0687768 -0.0669326 -0.0334098 -0.0460902 -0.0452426 -0.0215134 -0.024827 -0.0457304 0.00343059 -0.00429016
20201130 0.014622 0.0262546 -0.108152 -0.119397 -0.121295 -0.0988976 -0.123185 -0.113185 -0.0999251 -0.0958377 -0.0819712 -0.0349259 -0.032003 -0.0563374 -0.0517557 -0.0350344 -0.0162128 -0.0208762 -0.108152 -0.119397 -0.121295 -0.0988976 -0.123185 -0.113185 -0.0999251 -0.0958377 -0.0819712 -0.0349259 -0.032003 -0.0563374 -0.0517557 -0.0350344 -0.0162128 -0.0208762 -0.108152 -0.119397 -0.121295 -0.0988976 -0.123185 -0.113185 -0.0999251 -0.0958377 -0.0819712 -0.0349259 -0.032003 -0.0563374 -0.0517557 -0.0350344 -0.0162128 -0.0208762
20201201 0.0326509 0.0329808 -0.10064 -0.12618 -0.101104 -0.0973713 -0.0680994 -0.0936986 -0.072813 -0.0774647 -0.0481233 -0.0603008 -0.0179674 -0.0355812 -0.0313161 -0.0324628 -0.021146 -0.0434908 -0.10064 -0.12618 -0.101104 -0.0973713 -0.0680994 -0.0936986 -0.072813 -0.0774647 -0.0481233 -0.0603008 -0.0179674 -0.0355812 -0.0313161 -0.0324628 -0.021146 -0.0434908 -0.10064 -0.12618 -0.101104 -0.0973713 -0.0680994 -0.0936986 -0.072813 -0.0774647 -0.0481233 -0.0603008 -0.0179674 -0.0355812 -0.0313161 -0.0324628 -0.021146 -0.0434908
20201202 0.0273561 0.028067 -0.0686333 -0.072508 -0.0784025 -0.0937331 -0.0860572 -0.0721292 -0.0815094 -0.068741 -0.0925154 -0.074038 -0.0817002 -0.0454177 -0.0449423 -0.0358258 -0.0545421 -0.0347916 -0.0686333 -0.072508 -0.0784025 -0.0937331 -0.0860572 -0.0721292 -0.0815094 -0.068741 -0.0925154 -0.074038 -0.0817002 -0.0454177 -0.0449423 -0.0358258 -0.0545421 -0.0347916 -0.0686333 -0.072508 -0.0784025 -0.0937331 -0.0860572 -0.0721292 -0.0815094 -0.068741 -0.0925154 -0.074038 -0.0817002 -0.0454177 -0.0449423 -0.0358258 -0.0545421 -0.0347916
20201203 0.0128657 0.0148124 -0.0138382 -0.0490705 -0.0446509 -0.0415365 -0.0617229 -0.0395483 -0.024541 -0.0435125 -0.0235252 -0.0303584 -0.0170854 -0.0113001 0.00990866 -0.00110459 0.0260173 -0.00697401 -0.0138382 -0.0490705 -0.0446509 -0.0415365 -0.0617229 -0.0395483 -0.024541 -0.0435125 -0.0235252 -0.0303584 -0.0170854 -0.0113001 0.00990866 -0.00110459 0.0260173 -0.00697401 -0.0138382 -0.0490705 -0.0446509 -0.0415365 -0.0617229 -0.0395483 -0.024541 -0.0435125 -0.0235252 -0.0303584 -0.0170854 -0.0113001 0.00990866 -0.00110459 0.0260173 -0.00697401
20201204 -0.023223 0.00185642 0.0300649 0.0415934 0.0358056 0.0287855 0.0382767 0.0496656 0.0411885 0.0467298 0.0573291 0.0381401 0.0290097 0.0401918 0.0224152 0.0352822 0.0301997 0.0643038 0.0300649 0.0415934 0.0358056 0.0287855 0.0382767 0.0496656 0.0411885 0.0467298 0.0573291 0.0381401 0.0290097 0.0401918 0.0224152 0.0352822 0.0301997 0.0643038 0.0300649 0.0415934 0.0358056 0.0287855 0.0382767 0.0496656 0.0411885 0.0467298 0.0573291 0.0381401 0.0290097 0.0401918 0.0224152 0.0352822 0.0301997 0.0643038
20201205 -0.0243498 -0.0102293 0.0743154 0.0529755 0.0633976 0.0434035 0.034894 0.0281539 0.0391688 0.0208764 0.00124851 0.0169946 0.0127313 0.038515 0.0275042 0.0332362 0.035884 0.0373731 0.0743154 0.0529755 0.0633976 0.0434035 0.034894 0.0281539 0.0391688 0.0208764 0.00124851 0.0169946 0.0127313 0.038515 0.0275042 0.0332362 0.035884 0.0373731 0.0743154 0.0529755 0.0633976 0.0434035 0.034894 0.0281539 0.0391688 0.0208764 0.00124851 0.0169946 0.0127313 0.038515 0.0275042 0.0332362 0.035884 0.0373731
20201206 0.014579 0.0113905 0.0190403 0.0288873 0.0440032 0.0256451 0.0152403 -0.000447745 -0.00913601 0.00756583 -0.00293977 0.00735065 0.00165255 0.0102546 0.0311176 0.0317619 0.0559195 0.0110634 0.0190403 0.0288873 0.0440032 0.0256451 0.0152403 -0.000447745 -0.00913601 0.00756583 -0.00293977 0.00735065 0.00165255 0.0102546 0.0311176 0.0317619 0.0559195 0.0110634 0.0190403 0.0288873 0.0440032 0.0256451 0.0152403 -0.000447745 -0.00913601 0.00756583 -0.00293977 0.00735065 0.00165255 0.0102546 0.0311176 0.0317619 0.0559195 0.0110634
20201207 0.0273902 0.0234197 -0.0103509 -0.00157191 -0.00397671 -0.000860907 -0.0251383 -0.013929 -0.0172028 0.0399903 0.0254598 0.0159126 0.0133461 0.0327633 0.00292768 0.00833387 0.0105089 0.0535822 -0.0103509 -0.00157191 -0.00397671 -0.000860907 -0.0251383 -0.013929 -0.0172028 0.0399903 0.0254598 0.0159126 0.0133461 0.0327633 0.00292768 0.00833387 0.0105089 0.0535822 -0.0103509 -0.00157191 -0.00397671 -0.000860907 -0.0251383 -0.013929 -0.0172028 0.0399903 0.0254598 0.0159126 0.0133461 0.0327633 0.00292768 0.00833387 0.0105089 0.0535822
20201208 0.0341333 0.00655511 0.0455732 0.0437412 0.0433729 0.0379148 0.0577443 0.0402928 0.0430651 0.0286437 0.0951364 0.0871782 0.0624756 0.0628365 0.0651526 0.00304348 0.0281172 0.0524386 0.0455732 0.0437412 0.0433729 0.0379148 0.0577443 0.0402928 0.0430651 0.0286437 0.0951364 0.0871782 0.0624756 0.0628365 0.0651526 0.00304348 0.0281172 0.0524386 0.0455732 0.0437412 0.0433729 0.0379148 0.0577443 0.0402928 0.0430651 0.0286437 0.0951364 0.0871782 0.0624756 0.0628365 0.0651526 0.00304348 0.0281172 0.0524386
20201209 0.00763027 0.00404631 0.0273741 0.00887095 0.0199687 0.0212433 -0.0152623 -0.0285685 -0.0102295 0.00452005 -0.00833024 -0.0137806 -0.0295529 0.0016382 -0.0187724 0.00519802 -0.0204333 -0.0504597 0.0273741 0.00887095 0.0199687 0.0212433 -0.0152623 -0.0285685 -0.0102295 0.00452005 -0.00833024 -0.0137806 -0.0295529 0.0016382 -0.0187724 0.00519802 -0.0204333 -0.0504597 0.0273741 0.00887095 0.0199687 0.0212433 -0.0152623 -0.0285685 -0.0102295 0.00452005 -0.00833024 -0.0137806 -0.0295529 0.0016382 -0.0187724 0.00519802 -0.0204333 -0.0504597
20201210 0.0869048 0.087049 -0.032742 -0.0447578 -0.0479229 -0.037872 -0.0100842 -0.00806866 -0.0201291 0.0118236 0.0342675 0.0233921 0.0267487 0.0213875 0.0181325 0.0262188 0.0672542 0.0118911 -0.032742 -0.0447578 -0.0479229 -0.037872 -0.0100842 -0.00806866 -0.0201291 0.0118236 0.0342675 0.0233921 0.0267487 0.0213875 0.0181325 0.0262188 0.0672542 0.0118911 -0.032742 -0.0447578 -0.0479229 -0.037872 -0.0100842 -0.00806866 -0.0201291 0.0118236 0.0342675 0.0233921 0.0267487 0.0213875 0.0181325 0.0262188 0.0672542 0.0118911
20201211 0.0523404 0.0354858 -0.0175819 -0.0176976 -0.0261407 -0.0540551 -0.0481966 -0.0566718 -0.0353268 -0.00593145 -0.0453606 0.01723 -0.0174772 -0.0122024 -0.0203425 -0.00925712 0.00304216 0.00850576 -0.0175819 -0.0176976 -0.0261407 -0.0540551 -0.0481966 -0.0566718 -0.0353268 -0.00593145 -0.0453606 0.01723 -0.0174772 -0.0122024 -0.0203425 -0.00925712 0.00304216 0.00850576 -0.0175819 -0.0176976 -0.0261407 -0.0540551 -0.0481966 -0.0566718 -0.0353268 -0.00593145 -0.0453606 0.01723 -0.0174772 -0.0122024 -0.0203425 -0.00925712 0.00304216 0.00850576
20201212 0.0290919 0.0297062 -0.0159185 -0.00901063 0.00613455 -0.0366977 -0.00738734 -0.0547766 -0.00805727 -0.00662991 -0.0307893 -0.0285871 0.00810151 -0.00739954 -0.00531678 0.00360077 -0.0141684 -0.0374082 -0.0159185 -0.00901063 0.00613455 -0.0366977 -0.00738734 -0.0547766 -0.00805727 -0.00662991 -0.0307893 -0.0285871 0.00810151 -0.00739954 -0.00531678 0.00360077 -0.0141684 -0.0374082 -0.0159185 -0.00901063 0.00613455 -0.0366977 -0.00738734 -0.0547766 -0.00805727 -0.00662991 -0.0307893 -0.0285871 0.00810151 -0.00739954 -0.00531678 0.00360077 -0.0141684 -0.0374082
20201213 -0.00838686 0.00903579 -0.0227035 -0.0225045 -0.0536776 -0.0555496 -0.04334 -0.0247676 -0.0315493 0.0200458 0.0395147 0.0227348 0.0160009 0.066319 0.00509194 0.0230522 0.0174627 0.0232098 -0.0227035 -0.0225045 -0.0536776 -0.0555496 -0.04334 -0.0247676 -0.0315493 0.0200458 0.0395147 0.0227348 0.0160009 0.066319 0.00509194 0.0230522 0.0174627 0.0232098 -0.0227035 -0.0225045 -0.0536776 -0.0555496 -0.04334 -0.0247676 -0.0315493 0.0200458 0.0395147 0.0227348 0.0160009 0.066319 0.00509194 0.0230522 0.0174627 0.0232098
20201214 0.0100076 0.0110839 0.020711 0.0172123 0.0319078 0.0291203 -0.000310083 0.00853269 0.0328177 0.0421456 0.0386254 0.0393149 0.0129643 0.00475426 0.0267285 0.0110512 -0.0125601 0.0122625 0.020711 0.0172123 0.0319078 0.0291203 -0.000310083 0.00853269 0.0328177 0.0421456 0.0386254 0.0393149 0.0129643 0.00475426 0.0267285 0.0110512 -0.0125601 0.0122625 0.020711 0.0172123 0.0319078 0.0291203 -0.000310083 0.00853269 0.0328177 0.0421456 0.0386254 0.0393149 0.0129643 0.00475426 0.0267285 0.0110512 -0.0125601 0.0122625
20201215 -0.00659993 -0.0151888 0.0106687 0.0251744 0.0335847 0.0395502 0.00649374 -0.00593617 0.0198271 0.0138054 0.0503364 0.0171093 0.000235142 0.0130641 0.0146115 0.0496374 0.00856939 0.0294785 0.0106687 0.0251744 0.0335847 0.0395502 0.00649374 -0.00593617 0.0198271 0.0138054 0.0503364 0.0171093 0.000235142 0.0130641 0.0146115 0.0496374 0.00856939 0.0294785 0.0106687 0.0251744 0.0335847 0.0395502 0.00649374 -0.00593617 0.0198271 0.0138054 0.0503364 0.0171093 0.000235142 0.0130641 0.0146115 0.0496374 0.00856939 0.0294785
20201216 0.0222234 0.0280632 0.00685915 0.00949321 -0.0111981 0.0158598 0.00493992 -0.0120334 -0.0107504 0.0104362 0.0155964 -0.0230044 -0.0335051 -0.00889797 0.0385088 0.0032668 0.0523671 0.0441756 0.00685915 0.00949321 -0.0111981 0.0158598 0.00493992 -0.0120334 -0.0107504 0.0104362 0.0155964 -0.0230044 -0.0335051 -0.00889797 0.0385088 0.0032668 0.0523671 0.0441756 0.00685915 0.00949321 -0.0111981 0.0158598 0.00493992 -0.0120334 -0.0107504 0.0104362 0.0155964 -0.0230044 -0.0335051 -0.00889797 0.0385088 0.0032668 0.0523671 0.0441756
20201217 0.0419525 0.0579733 -0.0542135 -0.0451051 -0.0307256 -0.0237027 -0.0588904 -0.018197 -0.0159654 -0.00893652 -0.0491055 -0.0590943 -0.0422328 -0.027826 0.00880436 0.0476887 0.00106575 0.0260208 -0.0542135 -0.0451051 -0.0307256 -0.0237027 -0.0588904 -0.018197 -0.0159654 -0.00893652 -0.0491055 -0.0590943 -0.0422328 -0.027826 0.00880436 0.0476887 0.00106575 0.0260208 -0.0542135 -0.0451051 -0.0307256 -0.0237027 -0.0588904 -0.018197 -0.0159654 -0.00893652 -0.0491055 -0.0590943 -0.0422328 -0.027826 0.00880436 0.0476887 0.00106575 0.0260208
20201218 -0.0127421 -0.00338834 0.0352234 0.0320532 0.0149943 0.0248289 0.00279355 -0.0191348 -0.0165319 -0.0175168 0.00254606 -0.0100469 -0.0121669 -0.0290172 -0.0390397 0.0229303 0.0413084 0.0260581 0.0352234 0.0320532 0.0149943 0.0248289 0.00279355 -0.0191348 -0.0165319 -0.0175168 0.00254606 -0.0100469 -0.0121669 -0.0290172 -0.0390397 0.0229303 0.0413084 0.0260581 0.0352234 0.0320532 0.0149943 0.0248289 0.00279355 -0.0191348 -0.0165319 -0.0175168 0.00254606 -0.0100469 -0.0121669 -0.0290172 -0.0390397 0.0229303 0.0413084 0.0260581
20201219 -0.00910198 -0.0168261 0.0248479 -0.00946357 0.022384 0.0334137 0.0119158 0.00525397 -0.000394018 -0.0174938 0.00464525 -7.7898e-05 -0.00156092 0.00560925 -0.00727615 0.0075066 0.0422424 0.0368146 0.0248479 -0.00946357 0.022384 0.0334137 0.0119158 0.00525397 -0.000394018 -0.0174938 0.00464525 -7.7898e-05 -0.00156092 0.00560925 -0.00727615 0.0075066 0.0422424 0.0368146 0.0248479 -0.00946357 0.022384 0.0334137 0.0119158 0.00525397 -0.000394018 -0.0174938 0.00464525 -7.7898e-05 -0.00156092 0.00560925 -0.00727615 0.0075066 0.0422424 0.0368146
20201220 0.0281521 0.0184072 0.0241252 0.029034 0.031914 0.0210936 0.0336854 0.0255966 0.0311074 0.0277865 0.059431 0.0574012 0.0581336 0.0560592 0.0308417 0.0364287 0.0486093 0.0428779 0.0241252 0.029034 0.031914 0.0210936 0.0336854 0.0255966 0.0311074 0.0277865 0.059431 0.0574012 0.0581336 0.0560592 0.0308417 0.0364287 0.0486093 0.0428779 0.0241252 0.029034 0.031914 0.0210936 0.0336854 0.0255966 0.0311074 0.0277865 0.059431 0.0574012 0.0581336 0.0560592 0.0308417 0.0364287 0.0486093 0.0428779
20201221 0.0390901 0.0339218 -0.0191222 -0.00596104 0.00344711 -0.0070012 0.000439919 0.00655218 -0.00890532 -0.00918429 -0.0171831 0.000861391 0.00819398 -0.0182917 0.00668047 0.0272417 0.013647 0.00535071 -0.0191222 -0.00596104 0.00344711 -0.0070012 0.000439919 0.00655218 -0.00890532 -0.00918429 -0.0171831 0.000861391 0.00819398 -0.0182917 0.00668047 0.0272417 0.013647 0.00535071 -0.0191222 -0.00596104 0.00344711 -0.0070012 0.000439919 0.00655218 -0.00890532 -0.00918429 -0.0171831 0.000861391 0.00819398 -0.0182917 0.00668047 0.0272417 0.013647 0.00535071
20201222 0.00411462 -0.00182422 -0.0332216 -0.0528523 -0.0285403 -0.0140493 -0.0212946 -0.00273176 -0.0386566 -0.0240379 -0.0403788 -0.0282084 -0.0110857 -0.00853749 -0.0158702 -0.0141771 0.00663853 -0.00815125 -0.0332216 -0.0528523 -0.0285403 -0.0140493 -0.0212946 -0.00273176 -0.0386566 -0.0240379 -0.0403788 -0.0282084 -0.0110857 -0.00853749 -0.0158702 -0.0141771 0.00663853 -0.00815125 -0.0332216 -0.0528523 -0.0285403 -0.0140493 -0.0212946 -0.00273176 -0.0386566 -0.0240379 -0.0403788 -0.0282084 -0.0110857 -0.00853749 -0.0158702 -0.0141771 0.00663853 -0.00815125
20201223 0.0080259 0.0125849 -0.0219725 -0.0347715 -0.0213375 -0.00261969 0.00733336 0.00362619 0.00855169 -0.00432377 -0.00571114 0.00599693 0.00762299 0.0175113 0.0302019 0.0398017 0.0259153 0.0180602 -0.0219725 -0.0347715 -0.0213375 -0.00261969 0.00733336 0.00362619 0.00855169 -0.00432377 -0.00571114 0.00599693 0.00762299 0.0175113 0.0302019 0.0398017 0.0259153 0.0180602 -0.0219725 -0.0347715 -0.0213375 -0.00261969 0.00733336 0.00362619 0.00855169 -0.00432377 -0.00571114 0.00599693 0.00762299 0.0175113 0.0302019 0.0398017 0.0259153 0.0180602
20201224 0.0176518 0.0173734 -0.0176751 -0.0208341 -0.0205102 -0.0180358 -0.00970956 0.00643598 0.0163423 0.0452892 0.0727947 0.0399247 0.0112221 0.0149954 0.0328375 0.0190819 0.0161796 0.00481294 -0.0176751 -0.0208341 -0.0205102 -0.0180358 -0.00970956 0.00643598 0.0163423 0.0452892 0.0727947 0.0399247 0.0112221 0.0149954 0.0328375 0.0190819 0.0161796 0.00481294 -0.0176751 -0.0208341 -0.0205102 -0.0180358 -0.00970956 0.00643598 0.0163423 0.0452892 0.0727947 0.0399247 0.0112221 0.0149954 0.0328375 0.0190819 0.0161796 0.00481294
20201225 -0.0148141 0.000442352 0.0123944 0.0309254 0.0759809 0.0895789 0.0839818 0.1012 0.134963 0.127968 0.123436 0.108772 0.114695 0.108797 0.0799859 0.107461 0.0905631 0.0673744 0.0123944 0.0309254 0.0759809 0.0895789 0.0839818 0.1012 0.134963 0.127968 0.123436 0.108772 0.114695 0.108797 0.0799859 0.107461 0.0905631 0.0673744 0.0123944 0.0309254 0.0759809 0.0895789 0.0839818 0.1012 0.134963 0.127968 0.123436 0.108772 0.114695 0.108797 0.0799859 0.107461 0.0905631 0.0673744
20201226 -0.0541672 -0.00591688 0.0330667 0.0411681 0.0455362 0.0288299 0.0213611 0.0486249 0.0595067 0.0535109 0.0767885 0.0629591 0.0458495 0.013131 0.0236366 0.0448772 0.0236637 0.0442522 0.0330667 0.0411681 0.0455362 0.0288299 0.0213611 0.0486249 0.0595067 0.0535109 0.0767885 0.0629591 0.0458495 0.013131 0.0236366 0.0448772 0.0236637 0.0442522 0.0330667 0.0411681 0.0455362 0.0288299 0.0213611 0.0486249 0.0595067 0.0535109 0.0767885 0.0629591 0.0458495 0.013131 0.0236366 0.0448772 0.0236637 0.0442522
20201227 0.017034 0.0439469 -0.055637 -0.0591321 -0.0693842 -0.0576843 -0.0460505 -0.0555208 -0.0379912 0.00259086 -0.0414785 -0.0180335 0.0184755 -0.000998833 0.00110451 -0.00303654 -0.0351877 -0.0282999 -0.055637 -0.0591321 -0.0693842 -0.0576843 -0.0460505 -0.0555208 -0.0379912 0.00259086 -0.0414785 -0.0180335 0.0184755 -0.000998833 0.00110451 -0.00303654 -0.0351877 -0.0282999 -0.055637 -0.0591321 -0.0693842 -0.0576843 -0.0460505 -0.0555208 -0.0379912 0.00259086 -0.0414785 -0.0180335 0.0184755 -0.000998833 0.00110451 -0.00303654 -0.0351877 -0.0282999
20201228 0.0403686 0.0703549 -0.0425092 -0.0370946 -0.0532731 -0.0273747 -0.0239365 -0.0403085 -0.00920063 -0.00422822 0.0490763 0.0348687 0.0248194 0.0260035 0.0162583 0.00842522 0.0166269 0.0344452 -0.0425092 -0.0370946 -0.0532731 -0.0273747 -0.0239365 -0.0403085 -0.00920063 -0.00422822 0.0490763 0.0348687 0.0248194 0.0260035 0.0162583 0.00842522 0.0166269 0.0344452 -0.0425092 -0.0370946 -0.0532731 -0.0273747 -0.0239365 -0.0403085 -0.00920063 -0.00422822 0.0490763 0.0348687 0.0248194 0.0260035 0.0162583 0.00842522 0.0166269 0.0344452
20201229 0.00414166 -0.0156304 0.0126815 0.0129596 -0.0103847 -0.0160573 0.000792516 -0.00237204 -0.0123612 0.00309389 -0.0199866 0.0119168 -0.0175666 -0.0243253 0.000965794 -0.0199141 -0.032089 -0.0454633 0.0126815 0.0129596 -0.0103847 -0.0160573 0.000792516 -0.00237204 -0.0123612 0.00309389 -0.0199866 0.0119168 -0.0175666 -0.0243253 0.000965794 -0.0199141 -0.032089 -0.0454633 0.0126815 0.0129596 -0.0103847 -0.0160573 0.000792516 -0.00237204 -0.0123612 0.00309389 -0.0199866 0.0119168 -0.0175666 -0.0243253 0.000965794 -0.0199141 -0.032089 -0.0454633
20201230 -0.0214362 -0.0199393 0.0421982 0.0234842 0.024177 0.0097552 0.00226818 0.003875 -0.0176373 -0.0405981 -0.0343956 -0.0204895 0.0061667 -0.0161741 -0.0112059 -0.0296437 -0.000436864 -0.00558636 0.0421982 0.0234842 0.024177 0.0097552 0.00226818 0.003875 -0.0176373 -0.0405981 -0.0343956 -0.0204895 0.0061667 -0.0161741 -0.0112059 -0.0296437 -0.000436864 -0.00558636 0.0421982 0.0234842 0.024177 0.0097552 0.00226818 0.003875 -0.0176373 -0.0405981 -0.0343956 -0.0204895 0.0061667 -0.0161741 -0.0112059 -0.0296437 -0.000436864 -0.00558636
20201231 0.0204409 0.00940644 -0.0333139 -0.0104227 0.00109278 -0.00212009 -0.0104072 -0.00328398 -0.0329759 -0.0379307 -0.0429827 -0.00941336 -0.0249672 0.00909747 -0.00397989 -0.0285582 -0.0161838 -0.0380592 -0.0333139 -0.0104227 0.00109278 -0.00212009 -0.0104072 -0.00328398 -0.0329759 -0.0379307 -0.0429827 -0.00941336 -0.0249672 0.00909747 -0.00397989 -0.0285582 -0.0161838 -0.0380592 -0.0333139 -0.0104227 0.00109278 -0.00212009 -0.0104072 -0.00328398 -0.0329759 -0.0379307 -0.0429827 -0.00941336 -0.0249672 0.00909747 -0.00397989 -0.0285582 -0.0161838 -0.0380592
20211117 -0.0351249 -0.0228601 -0.0799483 -0.0828804 -0.0769948 -0.0693105 -0.0731743 -0.0747297 -0.0469214 -0.0838396 -0.0702514 -0.0770946 -0.0708381 -0.0924382 -0.0876824 -0.110717 -0.0714548 -0.0932432 -0.0799483 -0.0828804 -0.0769948 -0.0693105 -0.0731743 -0.0747297 -0.0469214 -0.0838396 -0.0702514 -0.0770946 -0.0708381 -0.0924382 -0.0876824 -0.110717 -0.0714548 -0.0932432 -0.0799483 -0.0828804 -0.0769948 -0.0693105 -0.0731743 -0.0747297 -0.0469214 -0.0838396 -0.0702514 -0.0770946 -0.0708381 -0.0924382 -0.0876824 -0.110717 -0.0714548 -0.0932432
20211118 0.018376 0.0360806 -0.0697494 -0.0322396 -0.0282413 -0.0335624 -0.0585052 -0.0383135 -0.065697 -0.0205514 -0.0796295 -0.0626128 -0.0208542 -0.0431279 -0.0477235 -0.0458223 -0.0840505 -0.0868429 -0.0697494 -0.0322396 -0.0282413 -0.0335624 -0.0585052 -0.0383135 -0.065697 -0.0205514 -0.0796295 -0.0626128 -0.0208542 -0.0431279 -0.0477235 -0.0458223 -0.0840505 -0.0868429 -0.0697494 -0.0322396 -0.0282413 -0.0335624 -0.0585052 -0.0383135 -0.065697 -0.0205514 -0.0796295 -0.0626128 -0.0208542 -0.0431279 -0.0477235 -0.0458223 -0.0840505 -0.0868429
20211119 0.0248128 0.0436692 -0.0309231 -0.0496289 -0.0180142 -0.024871 -0.0261123 -0.00689035 -0.0184695 -0.0231853 -0.000409322 -0.0379985 -0.012476 -0.0379777 -0.0383938 -0.0486312 -0.059235 -0.0567933 -0.0309231 -0.0496289 -0.0180142 -0.024871 -0.0261123 -0.00689035 -0.0184695 -0.0231853 -0.000409322 -0.0379985 -0.012476 -0.0379777 -0.0383938 -0.0486312 -0.059235 -0.0567933 -0.0309231 -0.0496289 -0.0180142 -0.024871 -0.0261123 -0.00689035 -0.0184695 -0.0231853 -0.000409322 -0.0379985 -0.012476 -0.0379777 -0.0383938 -0.0486312 -0.059235 -0.0567933
20211120 0.0566067 0.0622468 -0.092967 -0.0792123 -0.0775134 -0.0509391 -0.074096 -0.0545186 -0.0696804 -0.0836932 -0.0649775 -0.0697847 -0.0721544 -0.067289 -0.0888249 -0.0961014 -0.111206 -0.127707 -0.092967 -0.0792123 -0.0775134 -0.0509391 -0.074096 -0.0545186 -0.0696804 -0.0836932 -0.0649775 -0.0697847 -0.0721544 -0.067289 -0.0888249 -0.0961014 -0.111206 -0.127707 -0.092967 -0.0792123 -0.0775134 -0.0509391 -0.074096 -0.0545186 -0.0696804 -0.0836932 -0.0649775 -0.0697847 -0.0721544 -0.067289 -0.0888249 -0.0961014 -0.111206 -0.127707
20211121 -0.0178906 -0.0131881 -0.0402755 -0.0256185 -0.0133568 -0.0174676 -0.0370038 -0.0522311 -0.0348859 -0.0696042 -0.0436698 -0.0349135 -0.0479566 -0.099065 -0.098907 -0.0783771 -0.124057 -0.133992 -0.0402755 -0.0256185 -0.0133568 -0.0174676 -0.0370038 -0.0522311 -0.0348859 -0.0696042 -0.0436698 -0.0349135 -0.0479566 -0.099065 -0.098907 -0.0783771 -0.124057 -0.133992 -0.0402755 -0.0256185 -0.0133568 -0.0174676 -0.0370038 -0.0522311 -0.0348859 -0.0696042 -0.0436698 -0.0349135 -0.0479566 -0.099065 -0.098907 -0.0783771 -0.124057 -0.133992
20211122 -0.0409392 -0.0407204 -0.0182593 -0.0141124 -0.0136708 -0.014727 -0.0297676 -0.0782117 -0.06829 -0.0833938 -0.0923902 -0.0631707 -0.0467146 -0.0435753 -0.0508894 -0.0704377 -0.0722463 -0.0651471 -0.0182593 -0.0141124 -0.0136708 -0.014727 -0.0297676 -0.0782117 -0.06829 -0.0833938 -0.0923902 -0.0631707 -0.0467146 -0.0435753 -0.0508894 -0.0704377 -0.0722463 -0.0651471 -0.0182593 -0.0141124 -0.0136708 -0.014727 -0.0297676 -0.0782117 -0.06829 -0.0833938 -0.0923902 -0.0631707 -0.0467146 -0.0435753 -0.0508894 -0.0704377 -0.0722463 -0.0651471
20211123 -0.00504399 0.0100246 -0.0784714 -0.0694368 -0.0625177 -0.0801834 -0.0774582 -0.0696768 -0.0479258 -0.0730901 -0.0797625 -0.0866519 -0.0688975 -0.0703231 -0.0645739 -0.0263023 -0.0570138 -0.0370039 -0.0784714 -0.0694368 -0.0625177 -0.0801834 -0.0774582 -0.0696768 -0.0479258 -0.0730901 -0.0797625 -0.0866519 -0.0688975 -0.0703231 -0.0645739 -0.0263023 -0.0570138 -0.0370039 -0.0784714 -0.0694368 -0.0625177 -0.0801834 -0.0774582 -0.0696768 -0.0479258 -0.0730901 -0.0797625 -0.0866519 -0.0688975 -0.0703231 -0.0645739 -0.0263023 -0.0570138 -0.0370039
20211124 0.0235248 0.0547228 -0.0957073 -0.108718 -0.133265 -0.104838 -0.122845 -0.103124 -0.119387 -0.0853428 -0.109031 -0.108272 -0.0955816 -0.103471 -0.0618431 -0.0733178 -0.0717951 -0.0897945 -0.0957073 -0.108718 -0.133265 -0.104838 -0.122845 -0.103124 -0.119387 -0.0853428 -0.109031 -0.108272 -0.0955816 -0.103471 -0.0618431 -0.0733178 -0.0717951 -0.0897945 -0.0957073 -0.108718 -0.133265 -0.104838 -0.122845 -0.103124 -0.119387 -0.0853428 -0.109031 -0.108272 -0.0955816 -0.103471 -0.0618431 -0.0733178 -0.0717951 -0.0897945
20211125 0.0489754 0.0105673 -0.0523964 -0.0736184 -0.0700766 -0.0822195 -0.0500908 -0.0596055 -0.0544871 -0.121839 -0.0824806 -0.0673963 -0.0650772 -0.074739 -0.0660544 -0.0532597 -0.0466672 -0.0948849 -0.0523964 -0.0736184 -0.0700766 -0.0822195 -0.0500908 -0.0596055 -0.0544871 -0.121839 -0.0824806 -0.0673963 -0.0650772 -0.074739 -0.0660544 -0.0532597 -0.0466672 -0.0948849 -0.0523964 -0.0736184 -0.0700766 -0.0822195 -0.0500908 -0.0596055 -0.0544871 -0.121839 -0.0824806 -0.0673963 -0.0650772 -0.074739 -0.0660544 -0.0532597 -0.0466672 -0.0948849
20211126 -0.00248495 0.0141244 -0.0819674 -0.0976531 -0.0987137 -0.115139 -0.108828 -0.100323 -0.110132 -0.108377 -0.1053 -0.105554 -0.0983262 -0.0670088 -0.0572176 -0.0352872 -0.046829 -0.0101643 -0.0819674 -0.0976531 -0.0987137 -0.115139 -0.108828 -0.100323 -0.110132 -0.108377 -0.1053 -0.105554 -0.0983262 -0.0670088 -0.0572176 -0.0352872 -0.046829 -0.0101643 -0.0819674 -0.0976531 -0.0987137 -0.115139 -0.108828 -0.100323 -0.110132 -0.108377 -0.1053 -0.105554 -0.0983262 -0.0670088 -0.0572176 -0.0352872 -0.046829 -0.0101643
20211127 0.0543644 0.0721266 -0.081658 -0.0800176 -0.0815592 -0.0806515 -0.0810483 -0.0864463 -0.0704054 -0.047344 -0.0566876 -0.055882 -0.00938938 -0.0136564 -0.0419821 -0.0112636 -0.00803934 -0.0164199 -0.081658 -0.0800176 -0.0815592 -0.0806515 -0.0810483 -0.0864463 -0.0704054 -0.047344 -0.0566876 -0.055882 -0.00938938 -0.0136564 -0.0419821 -0.0112636 -0.00803934 -0.0164199 -0.081658 -0.0800176 -0.0815592 -0.0806515 -0.0810483 -0.0864463 -0.0704054 -0.047344 -0.0566876 -0.055882 -0.00938938 -0.0136564 -0.0419821 -0.0112636 -0.00803934 -0.0164199
20211128 0.0532882 0.0278666 -0.00976478 -0.0352276 -0.0326336 -0.0634724 -0.056207 -0.0384946 -0.04383 0.0148172 0.00544479 -0.00718866 0.0134262 0.0166702 0.0425917 -0.00827064 0.0194437 0.035547 -0.00976478 -0.0352276 -0.0326336 -0.0634724 -0.056207 -0.0384946 -0.04383 0.0148172 0.00544479 -0.00718866 0.0134262 0.0166702 0.0425917 -0.00827064 0.0194437 0.035547 -0.00976478 -0.0352276 -0.0326336 -0.0634724 -0.056207 -0.0384946 -0.04383 0.0148172 0.00544479 -0.00718866 0.0134262 0.0166702 0.0425917 -0.00827064 0.0194437 0.035547
20211129 0.0531498 0.0407455 0.00813923 0.0167859 0.00252634 -0.0106504 -0.0181916 -0.0119975 0.00442686 0.00860001 -0.00636948 0.00840675 0.00539128 -0.00142874 0.055314 0.0608388 0.0378078 0.0518155 0.00813923 0.0167859 0.00252634 -0.0106504 -0.0181916 -0.0119975 0.00442686 0.00860001 -0.00636948 0.00840675 0.00539128 -0.00142874 0.055314 0.0608388 0.0378078 0.0518155 0.00813923 0.0167859 0.00252634 -0.0106504 -0.0181916 -0.0119975 0.00442686 0.00860001 -0.00636948 0.00840675 0.00539128 -0.00142874 0.055314 0.0608388 0.0378078 0.0518155
20211130 0.0293412 0.0308778 -0.036734 -0.0564393 -0.0793461 -0.0542195 -0.0668067 -0.0863081 -0.101533 -0.0832767 -0.0748997 -0.0519688 -0.0474775 -0.0597551 -0.0673997 -0.0360991 -0.0122894 -0.027936 -0.036734 -0.0564393 -0.0793461 -0.0542195 -0.0668067 -0.0863081 -0.101533 -0.0832767 -0.0748997 -0.0519688 -0.0474775 -0.0597551 -0.0673997 -0.0360991 -0.0122894 -0.027936 -0.036734 -0.0564393 -0.0793461 -0.0542195 -0.0668067 -0.0863081 -0.101533 -0.0832767 -0.0748997 -0.0519688 -0.0474775 -0.0597551 -0.0673997 -0.0360991 -0.0122894 -0.027936
20211201 0.0707221 0.0759779 -0.121993 -0.135085 -0.127302 -0.116905 -0.116987 -0.13203 -0.119686 -0.139641 -0.124166 -0.131621 -0.10697 -0.10177 -0.0748381 -0.100233 -0.127344 -0.0882265 -0.121993 -0.135085 -0.127302 -0.116905 -0.116987 -0.13203 -0.119686 -0.139641 -0.124166 -0.131621 -0.10697 -0.10177 -0.0748381 -0.100233 -0.127344 -0.0882265 -0.121993 -0.135085 -0.127302 -0.116905 -0.116987 -0.13203 -0.119686 -0.139641 -0.124166 -0.131621 -0.10697 -0.10177 -0.0748381 -0.100233 -0.127344 -0.0882265
20211202 0.0589436 0.0531051 -0.0649998 -0.0806915 -0.074935 -0.0752141 -0.0854092 -0.0834733 -0.0939092 -0.069753 -0.0482856 -0.0395658 -0.0706285 -0.0585748 -0.0292398 -0.0414299 -0.0340312 -0.0625887 -0.0649998 -0.0806915 -0.074935 -0.0752141 -0.0854092 -0.0834733 -0.0939092 -0.069753 -0.0482856 -0.0395658 -0.0706285 -0.0585748 -0.0292398 -0.0414299 -0.0340312 -0.0625887 -0.0649998 -0.0806915 -0.074935 -0.0752141 -0.0854092 -0.0834733 -0.0939092 -0.069753 -0.0482856 -0.0395658 -0.0706285 -0.0585748 -0.0292398 -0.0414299 -0.0340312 -0.0625887
20211203 0.0589887 0.0708202 -0.0876206 -0.0847201 -0.129929 -0.129518 -0.130977 -0.104744 -0.0948837 -0.0761602 -0.0743195 -0.0552678 -0.0706412 -0.0533549 -0.0398626 -0.0305509 -0.0366584 -0.0691873 -0.0876206 -0.0847201 -0.129929 -0.129518 -0.130977 -0.104744 -0.0948837 -0.0761602 -0.0743195 -0.0552678 -0.0706412 -0.0533549 -0.0398626 -0.0305509 -0.0366584 -0.0691873 -0.0876206 -0.0847201 -0.129929 -0.129518 -0.130977 -0.104744 -0.0948837 -0.0761602 -0.0743195 -0.0552678 -0.0706412 -0.0533549 -0.0398626 -0.0305509 -0.0366584 -0.0691873
20211204 0.0322322 0.0501048 -0.062538 -0.0477518 -0.0562312 -0.161011 -0.158977 -0.12926 -0.138486 -0.118031 -0.113162 -0.0707789 -0.0961602 -0.0891655 -0.0830576 -0.114331 -0.0965584 -0.115881 -0.062538 -0.0477518 -0.0562312 -0.161011 -0.158977 -0.12926 -0.138486 -0.118031 -0.113162 -0.0707789 -0.0961602 -0.0891655 -0.0830576 -0.114331 -0.0965584 -0.115881 -0.062538 -0.0477518 -0.0562312 -0.161011 -0.158977 -0.12926 -0.138486 -0.118031 -0.113162 -0.0707789 -0.0961602 -0.0891655 -0.0830576 -0.114331 -0.0965584 -0.115881
20211205 0.0200449 0.0332709 -0.0696264 -0.0692469 -0.0580185 -0.0763673 -0.126537 -0.143559 -0.1376 -0.14924 -0.125059 -0.0957976 -0.0832284 -0.0433716 -0.053563 -0.0391767 -0.0734968 -0.0514707 -0.0696264 -0.0692469 -0.0580185 -0.0763673 -0.126537 -0.143559 -0.1376 -0.14924 -0.125059 -0.0957976 -0.0832284 -0.0433716 -0.053563 -0.0391767 -0.0734968 -0.0514707 -0.0696264 -0.0692469 -0.0580185 -0.0763673 -0.126537 -0.143559 -0.1376 -0.14924 -0.125059 -0.0957976 -0.0832284 -0.0433716 -0.053563 -0.0391767 -0.0734968 -0.0514707
20211206 -0.0023422 0.0429513 -0.0496075 -0.0391047 -0.0355461 -0.0332975 -0.0236056 -0.0248143 -0.0536243 -0.0560234 -0.053373 -0.0716852 -0.0635829 -0.00875868 -0.014732 -0.0211426 -0.0671064 -0.0275521 -0.0496075 -0.0391047 -0.0355461 -0.0332975 -0.0236056 -0.0248143 -0.0536243 -0.0560234 -0.053373 -0.0716852 -0.0635829 -0.00875868 -0.014732 -0.0211426 -0.0671064 -0.0275521 -0.0496075 -0.0391047 -0.0355461 -0.0332975 -0.0236056 -0.0248143 -0.0536243 -0.0560234 -0.053373 -0.0716852 -0.0635829 -0.00875868 -0.014732 -0.0211426 -0.0671064 -0.0275521
20211207 0.00977545 0.0379448 -0.0482594 -0.0414123 -0.033686 -0.058383 -0.0861744 -0.0533035 -0.0194012 -0.0386915 -0.0667524 -0.0850612 -0.0446831 -0.0657952 -0.0321011 -0.0231569 -0.0573928 -0.0672029 -0.0482594 -0.0414123 -0.033686 -0.058383 -0.0861744 -0.0533035 -0.0194012 -0.0386915 -0.0667524 -0.0850612 -0.0446831 -0.0657952 -0.0321011 -0.0231569 -0.0573928 -0.0672029 -0.0482594 -0.0414123 -0.033686 -0.058383 -0.0861744 -0.0533035 -0.0194012 -0.0386915 -0.0667524 -0.0850612 -0.0446831 -0.0657952 -0.0321011 -0.0231569 -0.0573928 -0.0672029
20211208 0.0464306 0.0526218 -0.0672647 -0.0538719 -0.0572887 -0.0721499 -0.0923947 -0.0581246 -0.0416024 -0.00245114 0.0266019 -0.0152735 -0.00478785 -0.0226556 0.00473414 0.00687659 0.00394677 -0.0164627 -0.0672647 -0.0538719 -0.0572887 -0.0721499 -0.0923947 -0.0581246 -0.0416024 -0.00245114 0.0266019 -0.0152735 -0.00478785 -0.0226556 0.00473414 0.00687659 0.00394677 -0.0164627 -0.0672647 -0.0538719 -0.0572887 -0.0721499 -0.0923947 -0.0581246 -0.0416024 -0.00245114 0.0266019 -0.0152735 -0.00478785 -0.0226556 0.00473414 0.00687659 0.00394677 -0.0164627
20211209 0.0132266 -0.00477353 0.0152759 -0.0276195 -0.02642 -0.0267682 -0.021196 -0.0515416 -0.0473464 -0.0287491 -0.00967835 0.00475502 0.0031998 -0.000189654 -0.0173596 0.0110371 -0.0239502 -0.0202582 0.0152759 -0.0276195 -0.02642 -0.0267682 -0.021196 -0.0515416 -0.0473464 -0.0287491 -0.00967835 0.00475502 0.0031998 -0.000189654 -0.0173596 0.0110371 -0.0239502 -0.0202582 0.0152759 -0.0276195 -0.02642 -0.0267682 -0.021196 -0.0515416 -0.0473464 -0.0287491 -0.00967835 0.00475502 0.0031998 -0.000189654 -0.0173596 0.0110371 -0.0239502 -0.0202582
20211210 0.0473516 0.0360799 -0.0301029 -0.0381759 -0.023335 -0.0546773 -0.0182337 -0.0292082 -0.0348006 -0.0468941 -0.0320774 -0.026334 -0.0224851 -0.025418 -0.0198323 -0.0411779 -0.0164437 -0.0379674 -0.0301029 -0.0381759 -0.023335 -0.0546773 -0.0182337 -0.0292082 -0.0348006 -0.0468941 -0.0320774 -0.026334 -0.0224851 -0.025418 -0.0198323 -0.0411779 -0.0164437 -0.0379674 -0.0301029 -0.0381759 -0.023335 -0.0546773 -0.0182337 -0.0292082 -0.0348006 -0.0468941 -0.0320774 -0.026334 -0.0224851 -0.025418 -0.0198323 -0.0411779 -0.0164437 -0.0379674
20211211 -0.000893813 0.00959276 -0.0313079 -0.0412157 -0.0218015 -0.0458544 -0.0627024 -0.0163595 -0.0117364 -0.0279349 -0.0155104 0.0086679 -0.0091322 0.0137018 -0.0109185 -0.030248 -0.0369943 -0.027006 -0.0313079 -0.0412157 -0.0218015 -0.0458544 -0.0627024 -0.0163595 -0.0117364 -0.0279349 -0.0155104 0.0086679 -0.0091322 0.0137018 -0.0109185 -0.030248 -0.0369943 -0.027006 -0.0313079 -0.0412157 -0.0218015 -0.0458544 -0.0627024 -0.0163595 -0.0117364 -0.0279349 -0.0155104 0.0086679 -0.0091322 0.0137018 -0.0109185 -0.030248 -0.0369943 -0.027006
20211212 -0.0658203 -0.044613 0.00731748 0.00141539 -0.0142079 -0.0186478 -0.0220233 -0.0422106 -0.0223674 0.0268171 0.00862914 0.0499455 0.0371511 -0.0822904 -0.0695386 -0.0572201 -0.116604 -0.0616762 0.00731748 0.00141539 -0.0142079 -0.0186478 -0.0220233 -0.0422106 -0.0223674 0.0268171 0.00862914 0.0499455 0.0371511 -0.0822904 -0.0695386 -0.0572201 -0.116604 -0.0616762 0.00731748 0.00141539 -0.0142079 -0.0186478 -0.0220233 -0.0422106 -0.0223674 0.0268171 0.00862914 0.0499455 0.0371511 -0.0822904 -0.0695386 -0.0572201 -0.116604 -0.0616762
20211213 0.0302943 0.0583911 -0.0639071 -0.081719 -0.0723511 -0.054781 -0.0258326 -0.011998 0.00364774 0.0356303 0.023417 0.0204008 0.0167603 0.0739781 0.0224229 0.050857 0.0297719 0.016197 -0.0639071 -0.081719 -0.0723511 -0.054781 -0.0258326 -0.011998 0.00364774 0.0356303 0.023417 0.0204008 0.0167603 0.0739781 0.0224229 0.050857 0.0297719 0.016197 -0.0639071 -0.081719 -0.0723511 -0.054781 -0.0258326 -0.011998 0.00364774 0.0356303 0.023417 0.0204008 0.0167603 0.0739781 0.0224229 0.050857 0.0297719 0.016197
20211214 0.0230628 0.0467183 -0.0517466 -0.0670976 -0.0518226 -0.0598125 -0.0613264 -0.027093 -0.00778532 0.00396193 0.0314066 0.0453426 0.0268996 0.0350115 0.0543896 0.0152222 0.0454924 0.0144547 -0.0517466 -0.0670976 -0.0518226 -0.0598125 -0.0613264 -0.027093 -0.00778532 0.00396193 0.0314066 0.0453426 0.0268996 0.0350115 0.0543896 0.0152222 0.0454924 0.0144547 -0.0517466 -0.0670976 -0.0518226 -0.0598125 -0.0613264 -0.027093 -0.00778532 0.00396193 0.0314066 0.0453426 0.0268996 0.0350115 0.0543896 0.0152222 0.0454924 0.0144547
20211215 0.023992 0.0265669 -0.0437697 -0.0573386 -0.0574802 -0.0533523 -0.0530426 -0.0438652 -0.0360969 -0.00804782 -0.0258568 -0.0246125 -0.0285714 -0.0100162 -0.0423309 -0.0087774 -0.0245156 -0.0474691 -0.0437697 -0.0573386 -0.0574802 -0.0533523 -0.0530426 -0.0438652 -0.0360969 -0.00804782 -0.0258568 -0.0246125 -0.0285714 -0.0100162 -0.0423309 -0.0087774 -0.0245156 -0.0474691 -0.0437697 -0.0573386 -0.0574802 -0.0533523 -0.0530426 -0.0438652 -0.0360969 -0.00804782 -0.0258568 -0.0246125 -0.0285714 -0.0100162 -0.0423309 -0.0087774 -0.0245156 -0.0474691
20211216 0.0730353 0.067119 -0.0590701 -0.0488804 -0.0638677 -0.0769053 -0.0656815 -0.0686108 -0.0558517 -0.067839 -0.0349516 -0.0649872 -0.0612698 -0.0321089 -0.0226937 -0.0262155 -0.0197996 -0.12846 -0.0590701 -0.0488804 -0.0638677 -0.0769053 -0.0656815 -0.0686108 -0.0558517 -0.067839 -0.0349516 -0.0649872 -0.0612698 -0.0321089 -0.0226937 -0.0262155 -0.0197996 -0.12846 -0.0590701 -0.0488804 -0.0638677 -0.0769053 -0.0656815 -0.0686108 -0.0558517 -0.067839 -0.0349516 -0.0649872 -0.0612698 -0.0321089 -0.0226937 -0.0262155 -0.0197996 -0.12846
20211217 0.0733133 0.067189 -0.0670161 -0.0745745 -0.062245 -0.0811693 -0.0666158 -0.0863916 -0.0610272 -0.0619716 -0.0527559 -0.0653113 -0.048568 -0.0437684 -0.0389132 -0.0389489 -0.032101 0.00496113 -0.0670161 -0.0745745 -0.062245 -0.0811693 -0.0666158 -0.0863916 -0.0610272 -0.0619716 -0.0527559 -0.0653113 -0.048568 -0.0437684 -0.0389132 -0.0389489 -0.032101 0.00496113 -0.0670161 -0.0745745 -0.062245 -0.0811693 -0.0666158 -0.0863916 -0.0610272 -0.0619716 -0.0527559 -0.0653113 -0.048568 -0.0437684 -0.0389132 -0.0389489 -0.032101 0.00496113
20211218 0.0602804 0.0758503 -0.0434327 -0.0455523 -0.0249623 -0.0136493 -0.00644187 -0.0169937 -0.00733974 0.0277404 -0.00972031 0.00191968 -0.035373 -0.00789714 -0.0217709 -0.0254048 0.00046685 0.0265255 -0.0434327 -0.0455523 -0.0249623 -0.0136493 -0.00644187 -0.0169937 -0.00733974 0.0277404 -0.00972031 0.00191968 -0.035373 -0.00789714 -0.0217709 -0.0254048 0.00046685 0.0265255 -0.0434327 -0.0455523 -0.0249623 -0.0136493 -0.00644187 -0.0169937 -0.00733974 0.0277404 -0.00972031 0.00191968 -0.035373 -0.00789714 -0.0217709 -0.0254048 0.00046685 0.0265255
20211219 0.0298189 0.016605 -0.0248412 -0.0230739 -0.0313302 -0.0178894 -0.0423329 -0.0144453 -0.0272492 -0.000827972 0.00301261 0.00743352 -0.0330669 -0.0470458 -0.0420941 -0.0291154 -0.0286603 -0.0380949 -0.0248412 -0.0230739 -0.0313302 -0.0178894 -0.0423329 -0.0144453 -0.0272492 -0.000827972 0.00301261 0.00743352 -0.0330669 -0.0470458 -0.0420941 -0.0291154 -0.0286603 -0.0380949 -0.0248412 -0.0230739 -0.0313302 -0.0178894 -0.0423329 -0.0144453 -0.0272492 -0.000827972 0.00301261 0.00743352 -0.0330669 -0.0470458 -0.0420941 -0.0291154 -0.0286603 -0.0380949
20211220 0.0389952 0.0408797 -0.0318122 -0.0396927 -0.035987 -0.0536574 -0.0620154 -0.0618819 -0.0657418 -0.0411195 -0.0514226 -0.0340913 -0.0476678 -0.0749019 -0.0728212 -0.0449178 -0.0680294 -0.0512828 -0.0318122 -0.0396927 -0.035987 -0.0536574 -0.0620154 -0.0618819 -0.0657418 -0.0411195 -0.0514226 -0.0340913 -0.0476678 -0.0749019 -0.0728212 -0.0449178 -0.0680294 -0.0512828 -0.0318122 -0.0396927 -0.035987 -0.0536574 -0.0620154 -0.0618819 -0.0657418 -0.0411195 -0.0514226 -0.0340913 -0.0476678 -0.0749019 -0.0728212 -0.0449178 -0.0680294 -0.0512828
20211221 0.082325 0.0529356 -0.0687582 -0.0868748 -0.0990219 -0.0992875 -0.0803444 -0.0537099 -0.0561368 -0.0560208 -0.0221439 -0.0126332 -0.031545 -0.0312674 -0.0456551 0.00986097 -0.000475198 -0.00543336 -0.0687582 -0.0868748 -0.0990219 -0.0992875 -0.0803444 -0.0537099 -0.0561368 -0.0560208 -0.0221439 -0.0126332 -0.031545 -0.0312674 -0.0456551 0.00986097 -0.000475198 -0.00543336 -0.0687582 -0.0868748 -0.0990219 -0.0992875 -0.0803444 -0.0537099 -0.0561368 -0.0560208 -0.0221439 -0.0126332 -0.031545 -0.0312674 -0.0456551 0.00986097 -0.000475198 -0.00543336
20211222 0.0387349 0.0378796 -0.0222054 -0.0319799 -0.0466907 -0.0143334 -0.0152759 -0.024229 -0.0524621 -0.0130338 -0.0100541 0.0352685 0.0437781 -0.0102993 -0.0163115 0.0138493 0.0646637 0.0779207 -0.0222054 -0.0319799 -0.0466907 -0.0143334 -0.0152759 -0.024229 -0.0524621 -0.0130338 -0.0100541 0.0352685 0.0437781 -0.0102993 -0.0163115 0.0138493 0.0646637 0.0779207 -0.0222054 -0.0319799 -0.0466907 -0.0143334 -0.0152759 -0.024229 -0.0524621 -0.0130338 -0.0100541 0.0352685 0.0437781 -0.0102993 -0.0163115 0.0138493 0.0646637 0.0779207
20211223 0.00570095 0.00432623 0.00331834 -0.0126648 -0.00707683 0.0119027 0.0300343 -0.00367226 0.00238213 0.00382647 0.0259953 0.0306464 0.0735258 0.0470319 0.0492426 0.0589425 0.0527947 0.0609103 0.00331834 -0.0126648 -0.00707683 0.0119027 0.0300343 -0.00367226 0.00238213 0.00382647 0.0259953 0.0306464 0.0735258 0.0470319 0.0492426 0.0589425 0.0527947 0.0609103 0.00331834 -0.0126648 -0.00707683 0.0119027 0.0300343 -0.00367226 0.00238213 0.00382647 0.0259953 0.0306464 0.0735258 0.0470319 0.0492426 0.0589425 0.0527947 0.0609103
20211224 -0.0415881 -0.0513364 0.031555 0.0320349 0.0357662 0.0251255 0.0379738 0.0249936 0.0252144 0.0478999 0.096002 0.07673 0.0808954 0.0824184 0.0602675 0.0658367 0.104415 0.114238 0.031555 0.0320349 0.0357662 0.0251255 0.0379738 0.0249936 0.0252144 0.0478999 0.096002 0.07673 0.0808954 0.0824184 0.0602675 0.0658367 0.104415 0.114238 0.031555 0.0320349 0.0357662 0.0251255 0.0379738 0.0249936 0.0252144 0.0478999 0.096002 0.07673 0.0808954 0.0824184 0.0602675 0.0658367 0.104415 0.114238
20211225 2.53866e-05 -0.00055594 -0.00614659 -0.0189603 0.000428081 -0.00530261 0.0146955 -0.00323719 0.00536186 -0.0168707 -0.00149368 0.0251233 0.0610131 0.0459893 0.0749146 0.0290718 0.0348807 0.0677359 -0.00614659 -0.0189603 0.000428081 -0.00530261 0.0146955 -0.00323719 0.00536186 -0.0168707 -0.00149368 0.0251233 0.0610131 0.0459893 0.0749146 0.0290718 0.0348807 0.0677359 -0.00614659 -0.0189603 0.000428081 -0.00530261 0.0146955 -0.00323719 0.00536186 -0.0168707 -0.00149368 0.0251233 0.0610131 0.0459893 0.0749146 0.0290718 0.0348807 0.0677359
20211226 0.0189421 0.0319788 -0.0266907 -0.0381663 -0.0405442 -0.0480982 -0.0193416 -0.00365387 0.000572626 0.0166935 0.00236239 0.000123949 0.00556043 -0.00407376 0.0127172 0.026295 0.00848059 0.0129972 -0.0266907 -0.0381663 -0.0405442 -0.0480982 -0.0193416 -0.00365387 0.000572626 0.0166935 0.00236239 0.000123949 0.00556043 -0.00407376 0.0127172 0.026295 0.00848059 0.0129972 -0.0266907 -0.0381663 -0.0405442 -0.0480982 -0.0193416 -0.00365387 0.000572626 0.0166935 0.00236239 0.000123949 0.00556043 -0.00407376 0.0127172 0.026295 0.00848059 0.0129972
20211227 -0.0159712 -0.0365908 0.0285198 0.0150181 0.0173547 0.0309961 0.0325691 0.0241855 0.0152366 0.0330695 -0.00796201 0.00502228 0.000112117 -0.0251673 0.00461656 0.0197262 0.0205089 0.00764387 0.0285198 0.0150181 0.0173547 0.0309961 0.0325691 0.0241855 0.0152366 0.0330695 -0.00796201 0.00502228 0.000112117 -0.0251673 0.00461656 0.0197262 0.0205089 0.00764387 0.0285198 0.0150181 0.0173547 0.0309961 0.0325691 0.0241855 0.0152366 0.0330695 -0.00796201 0.00502228 0.000112117 -0.0251673 0.00461656 0.0197262 0.0205089 0.00764387
20211228 -0.0249366 -0.00769966 0.0319982 0.0268399 0.0266707 0.0242771 0.0340614 0.018728 0.0275948 -0.0279046 -0.00408418 -0.0085051 -0.0466445 -0.0115268 0.00363028 -0.00187659 0.0111576 0.0120131 0.0319982 0.0268399 0.0266707 0.0242771 0.0340614 0.018728 0.0275948 -0.0279046 -0.00408418 -0.0085051 -0.0466445 -0.0115268 0.00363028 -0.00187659 0.0111576 0.0120131 0.0319982 0.0268399 0.0266707 0.0242771 0.0340614 0.018728 0.0275948 -0.0279046 -0.00408418 -0.0085051 -0.0466445 -0.0115268 0.00363028 -0.00187659 0.0111576 0.0120131
20211229 -0.0460094 -0.0395298 0.0420473 0.0509887 0.0657664 0.0586409 0.0537747 0.0102707 0.0275584 0.0150998 -0.0208158 -0.00740695 -0.00654022 0.016693 0.00456001 0.0306906 0.0351698 0.0286423 0.0420473 0.0509887 0.0657664 0.0586409 0.0537747 0.0102707 0.0275584 0.0150998 -0.0208158 -0.00740695 -0.00654022 0.016693 0.00456001 0.0306906 0.0351698 0.0286423 0.0420473 0.0509887 0.0657664 0.0586409 0.0537747 0.0102707 0.0275584 0.0150998 -0.0208158 -0.00740695 -0.00654022 0.016693 0.00456001 0.0306906 0.0351698 0.0286423
20211230 0.00287432 0.00822057 -0.0293535 0.0213318 0.0243572 -0.00985293 0.00322807 -0.00451199 -0.0217341 -0.000979396 -0.00652609 -0.0305731 0.0144926 0.0147029 -0.00346351 0.000277254 0.00753185 0.0288044 -0.0293535 0.0213318 0.0243572 -0.00985293 0.00322807 -0.00451199 -0.0217341 -0.000979396 -0.00652609 -0.0305731 0.0144926 0.0147029 -0.00346351 0.000277254 0.00753185 0.0288044 -0.0293535 0.0213318 0.0243572 -0.00985293 0.00322807 -0.00451199 -0.0217341 -0.000979396 -0.00652609 -0.0305731 0.0144926 0.0147029 -0.00346351 0.000277254 0.00753185 0.0288044
20211231 0.00431425 0.011892 0.00157923 -0.0131044 -0.0459525 -0.0476151 -0.0416182 -0.0316348 -0.0434524 -0.0719555 -0.0609494 -0.0256303 -0.0421692 -0.0228672 -0.028394 -0.0340615 -0.0157675 0.00524922 0.00157923 -0.0131044 -0.0459525 -0.0476151 -0.0416182 -0.0316348 -0.0434524 -0.0719555 -0.0609494 -0.0256303 -0.0421692 -0.0228672 -0.028394 -0.0340615 -0.0157675 0.00524922 0.00157923 -0.0131044 -0.0459525 -0.0476151 -0.0416182 -0.0316348 -0.0434524 -0.0719555 -0.0609494 -0.0256303 -0.0421692 -0.0228672 -0.028394 -0.0340615 -0.0157675 0.00524922
