20201121 0.02531 0.0252513 0.0344884 0.0349653 0.0348383 0.0354263 0.0354246 0.0354646 0.0361025 0.0365392 0.0369395 0.0370431 0.0368433 0.0367289 0.0365043 0.0366625 0.0365458 0.0368363 0.0344884 0.0349653 0.0348383 0.0354263 0.0354246 0.0354646 0.0361025 0.0365392 0.0369395 0.0370431 0.0368433 0.0367289 0.0365043 0.0366625 0.0365458 0.0368363 0.0344884 0.0349653 0.0348383 0.0354263 0.0354246 0.0354646 0.0361025 0.0365392 0.0369395 0.0370431 0.0368433 0.0367289 0.0365043 0.0366625 0.0365458 0.0368363
20201122 0.0236132 0.0238224 0.0326766 0.0328951 0.0329777 0.032758 0.0333642 0.0332196 0.0334421 0.0334181 0.033783 0.0339166 0.0337356 0.033805 0.0338344 0.0340014 0.0337063 0.0337787 0.0326766 0.0328951 0.0329777 0.032758 0.0333642 0.0332196 0.0334421 0.0334181 0.033783 0.0339166 0.0337356 0.033805 0.0338344 0.0340014 0.0337063 0.0337787 0.0326766 0.0328951 0.0329777 0.032758 0.0333642 0.0332196 0.0334421 0.0334181 0.033783 0.0339166 0.0337356 0.033805 0.0338344 0.0340014 0.0337063 0.0337787
20201123 0.0244677 0.0247203 0.0332004 0.0337243 0.0339169 0.0340646 0.034277 0.0348362 0.0348715 0.0352153 0.035795 0.0355306 0.0352945 0.0352147 0.0360003 0.0363135 0.0358847 0.0355892 0.0332004 0.0337243 0.0339169 0.0340646 0.034277 0.0348362 0.0348715 0.0352153 0.035795 0.0355306 0.0352945 0.0352147 0.0360003 0.0363135 0.0358847 0.0355892 0.0332004 0.0337243 0.0339169 0.0340646 0.034277 0.0348362 0.0348715 0.0352153 0.035795 0.0355306 0.0352945 0.0352147 0.0360003 0.0363135 0.0358847 0.0355892
20201124 0.0260165 0.0264509 0.0353817 0.0359147 0.0358165 0.035045 0.0355311 0.0362078 0.0380058 0.0384416 0.0385268 0.039029 0.0386724 0.0381969 0.0379291 0.0384019 0.0385054 0.0385949 0.0353817 0.0359147 0.0358165 0.035045 0.0355311 0.0362078 0.0380058 0.0384416 0.0385268 0.039029 0.0386724 0.0381969 0.0379291 0.0384019 0.0385054 0.0385949 0.0353817 0.0359147 0.0358165 0.035045 0.0355311 0.0362078 0.0380058 0.0384416 0.0385268 0.039029 0.0386724 0.0381969 0.0379291 0.0384019 0.0385054 0.0385949
20201125 0.025532 0.025992 0.0367155 0.0370349 0.037268 0.0373003 0.0376912 0.0379554 0.0382896 0.0385091 0.0385942 0.0390446 0.0389683 0.0386018 0.0388764 0.0384086 0.0396564 0.0401405 0.0367155 0.0370349 0.037268 0.0373003 0.0376912 0.0379554 0.0382896 0.0385091 0.0385942 0.0390446 0.0389683 0.0386018 0.0388764 0.0384086 0.0396564 0.0401405 0.0367155 0.0370349 0.037268 0.0373003 0.0376912 0.0379554 0.0382896 0.0385091 0.0385942 0.0390446 0.0389683 0.0386018 0.0388764 0.0384086 0.0396564 0.0401405
20201126 0.024012 0.0237958 0.0324994 0.0341929 0.0344396 0.0347122 0.0348418 0.0353273 0.0358672 0.0356932 0.0355612 0.0351876 0.0353807 0.035439 0.035253 0.0356512 0.0356604 0.0373007 0.0324994 0.0341929 0.0344396 0.0347122 0.0348418 0.0353273 0.0358672 0.0356932 0.0355612 0.0351876 0.0353807 0.035439 0.035253 0.0356512 0.0356604 0.0373007 0.0324994 0.0341929 0.0344396 0.0347122 0.0348418 0.0353273 0.0358672 0.0356932 0.0355612 0.0351876 0.0353807 0.035439 0.035253 0.0356512 0.0356604 0.0373007
20201127 0.0240525 0.0240919 0.0319859 0.0324533 0.0335649 0.0334749 0.0337413 0.0338001 0.0343812 0.0345135 0.0346884 0.0349494 0.034491 0.0345604 0.034804 0.0346605 0.0345824 0.0347505 0.0319859 0.0324533 0.0335649 0.0334749 0.0337413 0.0338001 0.0343812 0.0345135 0.0346884 0.0349494 0.034491 0.0345604 0.034804 0.0346605 0.0345824 0.0347505 0.0319859 0.0324533 0.0335649 0.0334749 0.0337413 0.0338001 0.0343812 0.0345135 0.0346884 0.0349494 0.034491 0.0345604 0.034804 0.0346605 0.0345824 0.0347505
20201128 0.0249999 0.0251035 0.0324124 0.0330175 0.0334704 0.0341237 0.0344063 0.0347414 0.0351085 0.0355501 0.0355881 0.0354789 0.0362228 0.0360032 0.0360653 0.0361049 0.0357757 0.0357654 0.0324124 0.0330175 0.0334704 0.0341237 0.0344063 0.0347414 0.0351085 0.0355501 0.0355881 0.0354789 0.0362228 0.0360032 0.0360653 0.0361049 0.0357757 0.0357654 0.0324124 0.0330175 0.0334704 0.0341237 0.0344063 0.0347414 0.0351085 0.0355501 0.0355881 0.0354789 0.0362228 0.0360032 0.0360653 0.0361049 0.0357757 0.0357654
20201129 0.0267327 0.0264958 0.0341462 0.0344333 0.034666 0.0349781 0.0350301 0.0352787 0.035747 0.0361654 0.0363491 0.0364912 0.0362721 0.0371883 0.0370059 0.0372666 0.0376316 0.03747 0.0341462 0.0344333 0.034666 0.0349781 0.0350301 0.0352787 0.035747 0.0361654 0.0363491 0.0364912 0.0362721 0.0371883 0.0370059 0.0372666 0.0376316 0.03747 0.0341462 0.0344333 0.034666 0.0349781 0.0350301 0.0352787 0.035747 0.0361654 0.0363491 0.0364912 0.0362721 0.0371883 0.0370059 0.0372666 0.0376316 0.03747
20201130 0.0270966 0.0267667 0.0355552 0.0360751 0.0364016 0.0364988 0.0365892 0.0380971 0.0382798 0.0387642 0.038962 0.0391183 0.0390812 0.0389671 0.039206 0.0396217 0.0396815 0.0396954 0.0355552 0.0360751 0.0364016 0.0364988 0.0365892 0.0380971 0.0382798 0.0387642 0.038962 0.0391183 0.0390812 0.0389671 0.039206 0.0396217 0.0396815 0.0396954 0.0355552 0.0360751 0.0364016 0.0364988 0.0365892 0.0380971 0.0382798 0.0387642 0.038962 0.0391183 0.0390812 0.0389671 0.039206 0.0396217 0.0396815 0.0396954
20201201 0.0265054 0.0279911 0.0369247 0.0372618 0.0375085 0.037384 0.0374508 0.0373318 0.0384981 0.0384782 0.0386836 0.0388382 0.0388515 0.0388505 0.0390831 0.0385529 0.0389048 0.0391164 0.0369247 0.0372618 0.0375085 0.037384 0.0374508 0.0373318 0.0384981 0.0384782 0.0386836 0.0388382 0.0388515 0.0388505 0.0390831 0.0385529 0.0389048 0.0391164 0.0369247 0.0372618 0.0375085 0.037384 0.0374508 0.0373318 0.0384981 0.0384782 0.0386836 0.0388382 0.0388515 0.0388505 0.0390831 0.0385529 0.0389048 0.0391164
20201202 0.0249647 0.0249579 0.0358216 0.036075 0.0362176 0.0362733 0.0368157 0.0369686 0.0377327 0.0385527 0.0383837 0.0388644 0.0387691 0.0388261 0.0389607 0.0388731 0.0370247 0.0374517 0.0358216 0.036075 0.0362176 0.0362733 0.0368157 0.0369686 0.0377327 0.0385527 0.0383837 0.0388644 0.0387691 0.0388261 0.0389607 0.0388731 0.0370247 0.0374517 0.0358216 0.036075 0.0362176 0.0362733 0.0368157 0.0369686 0.0377327 0.0385527 0.0383837 0.0388644 0.0387691 0.0388261 0.0389607 0.0388731 0.0370247 0.0374517
20201203 0.0242427 0.0242373 0.0350122 0.0363746 0.0365912 0.0369196 0.0369217 0.0373465 0.0374938 0.0379633 0.0387843 0.0386945 0.039387 0.0396425 0.0395427 0.0398488 0.0396441 0.039538 0.0350122 0.0363746 0.0365912 0.0369196 0.0369217 0.0373465 0.0374938 0.0379633 0.0387843 0.0386945 0.039387 0.0396425 0.0395427 0.0398488 0.0396441 0.039538 0.0350122 0.0363746 0.0365912 0.0369196 0.0369217 0.0373465 0.0374938 0.0379633 0.0387843 0.0386945 0.039387 0.0396425 0.0395427 0.0398488 0.0396441 0.039538
20201204 0.0247453 0.0249711 0.0356359 0.0358015 0.0358486 0.0361713 0.0365914 0.036803 0.0372703 0.0377286 0.0382555 0.0388313 0.0391919 0.0397516 0.040205 0.0408676 0.0411361 0.0418119 0.0356359 0.0358015 0.0358486 0.0361713 0.0365914 0.036803 0.0372703 0.0377286 0.0382555 0.0388313 0.0391919 0.0397516 0.040205 0.0408676 0.0411361 0.0418119 0.0356359 0.0358015 0.0358486 0.0361713 0.0365914 0.036803 0.0372703 0.0377286 0.0382555 0.0388313 0.0391919 0.0397516 0.040205 0.0408676 0.0411361 0.0418119
20201205 0.0279678 0.0281172 0.0395376 0.0396267 0.0397625 0.0403586 0.0404089 0.040831 0.0417834 0.0422303 0.0421082 0.042878 0.0429924 0.0430985 0.0440343 0.044301 0.0444161 0.0449536 0.0395376 0.0396267 0.0397625 0.0403586 0.0404089 0.040831 0.0417834 0.0422303 0.0421082 0.042878 0.0429924 0.0430985 0.0440343 0.044301 0.0444161 0.0449536 0.0395376 0.0396267 0.0397625 0.0403586 0.0404089 0.040831 0.0417834 0.0422303 0.0421082 0.042878 0.0429924 0.0430985 0.0440343 0.044301 0.0444161 0.0449536
20201206 0.0266987 0.026601 0.0372407 0.0373238 0.0374884 0.0376026 0.038072 0.038437 0.0388108 0.0391769 0.0392688 0.0395372 0.0399035 0.0408875 0.0415261 0.0422693 0.0420432 0.0421736 0.0372407 0.0373238 0.0374884 0.0376026 0.038072 0.038437 0.0388108 0.0391769 0.0392688 0.0395372 0.0399035 0.0408875 0.0415261 0.0422693 0.0420432 0.0421736 0.0372407 0.0373238 0.0374884 0.0376026 0.038072 0.038437 0.0388108 0.0391769 0.0392688 0.0395372 0.0399035 0.0408875 0.0415261 0.0422693 0.0420432 0.0421736
20201207 0.0298271 0.0300554 0.0391475 0.0393232 0.0395385 0.0399861 0.0400229 0.041286 0.0416995 0.0420557 0.041806 0.0421861 0.0421144 0.042402 0.0421811 0.0427593 0.0431085 0.0432452 0.0391475 0.0393232 0.0395385 0.0399861 0.0400229 0.041286 0.0416995 0.0420557 0.041806 0.0421861 0.0421144 0.042402 0.0421811 0.0427593 0.0431085 0.0432452 0.0391475 0.0393232 0.0395385 0.0399861 0.0400229 0.041286 0.0416995 0.0420557 0.041806 0.0421861 0.0421144 0.042402 0.0421811 0.0427593 0.0431085 0.0432452
20201208 0.026096 0.026793 0.0348805 0.0352642 0.0353655 0.0357623 0.0358305 0.0357773 0.0369713 0.0369717 0.0373321 0.037121 0.0374037 0.037356 0.0370932 0.0376469 0.037749 0.0378893 0.0348805 0.0352642 0.0353655 0.0357623 0.0358305 0.0357773 0.0369713 0.0369717 0.0373321 0.037121 0.0374037 0.037356 0.0370932 0.0376469 0.037749 0.0378893 0.0348805 0.0352642 0.0353655 0.0357623 0.0358305 0.0357773 0.0369713 0.0369717 0.0373321 0.037121 0.0374037 0.037356 0.0370932 0.0376469 0.037749 0.0378893
20201209 0.0260584 0.0263094 0.03435 0.0345838 0.0348922 0.0353326 0.036135 0.0362839 0.0367349 0.0376568 0.0374981 0.0377921 0.0379659 0.0379846 0.038284 0.0379959 0.0384929 0.0382185 0.03435 0.0345838 0.0348922 0.0353326 0.036135 0.0362839 0.0367349 0.0376568 0.0374981 0.0377921 0.0379659 0.0379846 0.038284 0.0379959 0.0384929 0.0382185 0.03435 0.0345838 0.0348922 0.0353326 0.036135 0.0362839 0.0367349 0.0376568 0.0374981 0.0377921 0.0379659 0.0379846 0.038284 0.0379959 0.0384929 0.0382185
20201210 0.0273369 0.0277132 0.0352213 0.0367285 0.0367269 0.0367695 0.0371432 0.0372704 0.0378136 0.0375994 0.0382935 0.0376517 0.0382147 0.0379857 0.0380894 0.0386108 0.0389307 0.0391789 0.0352213 0.0367285 0.0367269 0.0367695 0.0371432 0.0372704 0.0378136 0.0375994 0.0382935 0.0376517 0.0382147 0.0379857 0.0380894 0.0386108 0.0389307 0.0391789 0.0352213 0.0367285 0.0367269 0.0367695 0.0371432 0.0372704 0.0378136 0.0375994 0.0382935 0.0376517 0.0382147 0.0379857 0.0380894 0.0386108 0.0389307 0.0391789
20201211 0.0251094 0.0252882 0.034548 0.0343397 0.0358977 0.0358771 0.0360217 0.0362019 0.0365754 0.0372175 0.037214 0.0372065 0.0372807 0.037292 0.0373229 0.0373395 0.0379344 0.0383005 0.034548 0.0343397 0.0358977 0.0358771 0.0360217 0.0362019 0.0365754 0.0372175 0.037214 0.0372065 0.0372807 0.037292 0.0373229 0.0373395 0.0379344 0.0383005 0.034548 0.0343397 0.0358977 0.0358771 0.0360217 0.0362019 0.0365754 0.0372175 0.037214 0.0372065 0.0372807 0.037292 0.0373229 0.0373395 0.0379344 0.0383005
20201212 0.0235106 0.0232539 0.0307722 0.0308318 0.0309031 0.0329098 0.0328196 0.03287 0.0332375 0.0336206 0.0337266 0.0334824 0.0347887 0.0352956 0.0350385 0.035278 0.0353133 0.0354169 0.0307722 0.0308318 0.0309031 0.0329098 0.0328196 0.03287 0.0332375 0.0336206 0.0337266 0.0334824 0.0347887 0.0352956 0.0350385 0.035278 0.0353133 0.0354169 0.0307722 0.0308318 0.0309031 0.0329098 0.0328196 0.03287 0.0332375 0.0336206 0.0337266 0.0334824 0.0347887 0.0352956 0.0350385 0.035278 0.0353133 0.0354169
20201213 0.0244914 0.0239957 0.0316903 0.0318157 0.0317908 0.0319811 0.0337068 0.0339903 0.0342671 0.0341822 0.0342866 0.0340102 0.034056 0.0359501 0.035778 0.0359367 0.0359554 0.0358064 0.0316903 0.0318157 0.0317908 0.0319811 0.0337068 0.0339903 0.0342671 0.0341822 0.0342866 0.0340102 0.034056 0.0359501 0.035778 0.0359367 0.0359554 0.0358064 0.0316903 0.0318157 0.0317908 0.0319811 0.0337068 0.0339903 0.0342671 0.0341822 0.0342866 0.0340102 0.034056 0.0359501 0.035778 0.0359367 0.0359554 0.0358064
20201214 0.0248984 0.0242003 0.0322287 0.0325386 0.0327616 0.0328892 0.0329684 0.0333501 0.0332968 0.0336484 0.0334745 0.0335571 0.0338426 0.0341013 0.0359661 0.0356255 0.0358292 0.0353117 0.0322287 0.0325386 0.0327616 0.0328892 0.0329684 0.0333501 0.0332968 0.0336484 0.0334745 0.0335571 0.0338426 0.0341013 0.0359661 0.0356255 0.0358292 0.0353117 0.0322287 0.0325386 0.0327616 0.0328892 0.0329684 0.0333501 0.0332968 0.0336484 0.0334745 0.0335571 0.0338426 0.0341013 0.0359661 0.0356255 0.0358292 0.0353117
20201215 0.0247932 0.0248319 0.0327665 0.0332776 0.0333917 0.0336897 0.0335542 0.0342233 0.0349573 0.0354771 0.0356916 0.035794 0.0356677 0.035903 0.036347 0.0361799 0.0359176 0.0363999 0.0327665 0.0332776 0.0333917 0.0336897 0.0335542 0.0342233 0.0349573 0.0354771 0.0356916 0.035794 0.0356677 0.035903 0.036347 0.0361799 0.0359176 0.0363999 0.0327665 0.0332776 0.0333917 0.0336897 0.0335542 0.0342233 0.0349573 0.0354771 0.0356916 0.035794 0.0356677 0.035903 0.036347 0.0361799 0.0359176 0.0363999
20201216 0.0220708 0.022154 0.033084 0.0329254 0.0334509 0.033723 0.0341191 0.0346401 0.034995 0.037106 0.0369544 0.0370882 0.0373119 0.0376175 0.0371182 0.0368157 0.0381102 0.0379871 0.033084 0.0329254 0.0334509 0.033723 0.0341191 0.0346401 0.034995 0.037106 0.0369544 0.0370882 0.0373119 0.0376175 0.0371182 0.0368157 0.0381102 0.0379871 0.033084 0.0329254 0.0334509 0.033723 0.0341191 0.0346401 0.034995 0.037106 0.0369544 0.0370882 0.0373119 0.0376175 0.0371182 0.0368157 0.0381102 0.0379871
20201217 0.0219342 0.0219944 0.0321735 0.0330506 0.0332343 0.033134 0.0332243 0.0334194 0.0336424 0.0341568 0.03616 0.0361764 0.036159 0.0362087 0.0365015 0.0359483 0.0357852 0.0379904 0.0321735 0.0330506 0.0332343 0.033134 0.0332243 0.0334194 0.0336424 0.0341568 0.03616 0.0361764 0.036159 0.0362087 0.0365015 0.0359483 0.0357852 0.0379904 0.0321735 0.0330506 0.0332343 0.033134 0.0332243 0.0334194 0.0336424 0.0341568 0.03616 0.0361764 0.036159 0.0362087 0.0365015 0.0359483 0.0357852 0.0379904
20201218 0.022264 0.0221815 0.0293948 0.0297467 0.0310258 0.0312095 0.0310988 0.0310697 0.0311305 0.0313743 0.0318898 0.0335963 0.0337264 0.0336286 0.0339245 0.0340396 0.0338634 0.0340286 0.0293948 0.0297467 0.0310258 0.0312095 0.0310988 0.0310697 0.0311305 0.0313743 0.0318898 0.0335963 0.0337264 0.0336286 0.0339245 0.0340396 0.0338634 0.0340286 0.0293948 0.0297467 0.0310258 0.0312095 0.0310988 0.0310697 0.0311305 0.0313743 0.0318898 0.0335963 0.0337264 0.0336286 0.0339245 0.0340396 0.0338634 0.0340286
20201219 0.0226183 0.0220066 0.0295512 0.0302902 0.0306312 0.0319641 0.0323495 0.0326072 0.0324024 0.0329183 0.0332641 0.0330392 0.0342467 0.0346974 0.0342276 0.034472 0.034432 0.0345418 0.0295512 0.0302902 0.0306312 0.0319641 0.0323495 0.0326072 0.0324024 0.0329183 0.0332641 0.0330392 0.0342467 0.0346974 0.0342276 0.034472 0.034432 0.0345418 0.0295512 0.0302902 0.0306312 0.0319641 0.0323495 0.0326072 0.0324024 0.0329183 0.0332641 0.0330392 0.0342467 0.0346974 0.0342276 0.034472 0.034432 0.0345418
20201220 0.0259103 0.0252452 0.0336653 0.0337384 0.034388 0.0343366 0.0357195 0.0356702 0.0356558 0.0354752 0.0357391 0.0357111 0.0359621 0.0371235 0.0376131 0.0379596 0.0379634 0.0382889 0.0336653 0.0337384 0.034388 0.0343366 0.0357195 0.0356702 0.0356558 0.0354752 0.0357391 0.0357111 0.0359621 0.0371235 0.0376131 0.0379596 0.0379634 0.0382889 0.0336653 0.0337384 0.034388 0.0343366 0.0357195 0.0356702 0.0356558 0.0354752 0.0357391 0.0357111 0.0359621 0.0371235 0.0376131 0.0379596 0.0379634 0.0382889
20201221 0.0269298 0.0267264 0.0340966 0.0345631 0.0346862 0.034506 0.0348456 0.035841 0.0360104 0.0361691 0.0364075 0.036583 0.0370981 0.0370321 0.03717 0.0368289 0.0371329 0.037287 0.0340966 0.0345631 0.0346862 0.034506 0.0348456 0.035841 0.0360104 0.0361691 0.0364075 0.036583 0.0370981 0.0370321 0.03717 0.0368289 0.0371329 0.037287 0.0340966 0.0345631 0.0346862 0.034506 0.0348456 0.035841 0.0360104 0.0361691 0.0364075 0.036583 0.0370981 0.0370321 0.03717 0.0368289 0.0371329 0.037287
20201222 0.0249654 0.0247276 0.0321014 0.032065 0.0323093 0.0318413 0.0318117 0.0322072 0.0338262 0.0342698 0.0348024 0.0346505 0.034867 0.0349532 0.0353074 0.0356887 0.0358331 0.0355465 0.0321014 0.032065 0.0323093 0.0318413 0.0318117 0.0322072 0.0338262 0.0342698 0.0348024 0.0346505 0.034867 0.0349532 0.0353074 0.0356887 0.0358331 0.0355465 0.0321014 0.032065 0.0323093 0.0318413 0.0318117 0.0322072 0.0338262 0.0342698 0.0348024 0.0346505 0.034867 0.0349532 0.0353074 0.0356887 0.0358331 0.0355465
20201223 0.0228426 0.0229683 0.030837 0.031088 0.0312216 0.0314547 0.0317663 0.0318501 0.0323552 0.0332339 0.0331263 0.0330382 0.0336181 0.0337454 0.0339464 0.0339958 0.0350312 0.0353962 0.030837 0.031088 0.0312216 0.0314547 0.0317663 0.0318501 0.0323552 0.0332339 0.0331263 0.0330382 0.0336181 0.0337454 0.0339464 0.0339958 0.0350312 0.0353962 0.030837 0.031088 0.0312216 0.0314547 0.0317663 0.0318501 0.0323552 0.0332339 0.0331263 0.0330382 0.0336181 0.0337454 0.0339464 0.0339958 0.0350312 0.0353962
20201224 0.0231445 0.02273 0.0303175 0.0313842 0.0318511 0.0317844 0.0319725 0.0321742 0.0324125 0.0325007 0.0337664 0.0337275 0.033715 0.0337889 0.033891 0.034166 0.0341191 0.0349319 0.0303175 0.0313842 0.0318511 0.0317844 0.0319725 0.0321742 0.0324125 0.0325007 0.0337664 0.0337275 0.033715 0.0337889 0.033891 0.034166 0.0341191 0.0349319 0.0303175 0.0313842 0.0318511 0.0317844 0.0319725 0.0321742 0.0324125 0.0325007 0.0337664 0.0337275 0.033715 0.0337889 0.033891 0.034166 0.0341191 0.0349319
20201225 0.0238987 0.0232717 0.0301122 0.0308051 0.0318282 0.0320296 0.0319867 0.0321718 0.0322844 0.0320367 0.0322123 0.0333224 0.0332782 0.0333664 0.0334954 0.0332031 0.033234 0.0329105 0.0301122 0.0308051 0.0318282 0.0320296 0.0319867 0.0321718 0.0322844 0.0320367 0.0322123 0.0333224 0.0332782 0.0333664 0.0334954 0.0332031 0.033234 0.0329105 0.0301122 0.0308051 0.0318282 0.0320296 0.0319867 0.0321718 0.0322844 0.0320367 0.0322123 0.0333224 0.0332782 0.0333664 0.0334954 0.0332031 0.033234 0.0329105
20201226 0.0248604 0.0244695 0.0325854 0.0328416 0.0331295 0.0339053 0.0343452 0.0345257 0.0345339 0.0344775 0.0347671 0.0345829 0.035402 0.0354291 0.0351378 0.0359027 0.0355448 0.0358057 0.0325854 0.0328416 0.0331295 0.0339053 0.0343452 0.0345257 0.0345339 0.0344775 0.0347671 0.0345829 0.035402 0.0354291 0.0351378 0.0359027 0.0355448 0.0358057 0.0325854 0.0328416 0.0331295 0.0339053 0.0343452 0.0345257 0.0345339 0.0344775 0.0347671 0.0345829 0.035402 0.0354291 0.0351378 0.0359027 0.0355448 0.0358057
20201227 0.0254848 0.024791 0.0336104 0.034074 0.0340254 0.0342433 0.0359068 0.0360229 0.0363659 0.0364545 0.0364071 0.0370605 0.0373287 0.0379642 0.0380474 0.0375022 0.0379139 0.0373184 0.0336104 0.034074 0.0340254 0.0342433 0.0359068 0.0360229 0.0363659 0.0364545 0.0364071 0.0370605 0.0373287 0.0379642 0.0380474 0.0375022 0.0379139 0.0373184 0.0336104 0.034074 0.0340254 0.0342433 0.0359068 0.0360229 0.0363659 0.0364545 0.0364071 0.0370605 0.0373287 0.0379642 0.0380474 0.0375022 0.0379139 0.0373184
20201228 0.0242155 0.0234052 0.0329944 0.0332313 0.0336276 0.0334248 0.033954 0.0347979 0.0351559 0.035477 0.0360188 0.0359149 0.0364017 0.0365423 0.0365846 0.0363564 0.0362878 0.0362758 0.0329944 0.0332313 0.0336276 0.0334248 0.033954 0.0347979 0.0351559 0.035477 0.0360188 0.0359149 0.0364017 0.0365423 0.0365846 0.0363564 0.0362878 0.0362758 0.0329944 0.0332313 0.0336276 0.0334248 0.033954 0.0347979 0.0351559 0.035477 0.0360188 0.0359149 0.0364017 0.0365423 0.0365846 0.0363564 0.0362878 0.0362758
20201229 0.0231489 0.0234506 0.0323844 0.032447 0.0323765 0.0325483 0.032961 0.0334383 0.0346764 0.034803 0.0350498 0.0347336 0.0346196 0.0348942 0.0351665 0.0359805 0.0358483 0.0355918 0.0323844 0.032447 0.0323765 0.0325483 0.032961 0.0334383 0.0346764 0.034803 0.0350498 0.0347336 0.0346196 0.0348942 0.0351665 0.0359805 0.0358483 0.0355918 0.0323844 0.032447 0.0323765 0.0325483 0.032961 0.0334383 0.0346764 0.034803 0.0350498 0.0347336 0.0346196 0.0348942 0.0351665 0.0359805 0.0358483 0.0355918
20201230 0.0229495 0.0229731 0.0328967 0.0328105 0.0329978 0.0326975 0.0334232 0.0341831 0.0344379 0.0354219 0.0348091 0.0353237 0.035114 0.035343 0.0353408 0.0355387 0.0357509 0.0358421 0.0328967 0.0328105 0.0329978 0.0326975 0.0334232 0.0341831 0.0344379 0.0354219 0.0348091 0.0353237 0.035114 0.035343 0.0353408 0.0355387 0.0357509 0.0358421 0.0328967 0.0328105 0.0329978 0.0326975 0.0334232 0.0341831 0.0344379 0.0354219 0.0348091 0.0353237 0.035114 0.035343 0.0353408 0.0355387 0.0357509 0.0358421
20201231 0.0234557 0.0232445 0.0334641 0.0348376 0.0347592 0.034839 0.0349391 0.0351072 0.0357236 0.0360299 0.037013 0.0372774 0.0370758 0.0371585 0.0367743 0.0366702 0.0366728 0.0366564 0.0334641 0.0348376 0.0347592 0.034839 0.0349391 0.0351072 0.0357236 0.0360299 0.037013 0.0372774 0.0370758 0.0371585 0.0367743 0.0366702 0.0366728 0.0366564 0.0334641 0.0348376 0.0347592 0.034839 0.0349391 0.0351072 0.0357236 0.0360299 0.037013 0.0372774 0.0370758 0.0371585 0.0367743 0.0366702 0.0366728 0.0366564
20211117 0.0234697 0.0235489 0.0327701 0.0333667 0.033515 0.0338086 0.0340307 0.0343828 0.0346022 0.0343453 0.0345638 0.0347264 0.0353926 0.0356305 0.035916 0.0354301 0.037567 0.0374543 0.0327701 0.0333667 0.033515 0.0338086 0.0340307 0.0343828 0.0346022 0.0343453 0.0345638 0.0347264 0.0353926 0.0356305 0.035916 0.0354301 0.037567 0.0374543 0.0327701 0.0333667 0.033515 0.0338086 0.0340307 0.0343828 0.0346022 0.0343453 0.0345638 0.0347264 0.0353926 0.0356305 0.035916 0.0354301 0.037567 0.0374543
20211118 0.0243119 0.0242235 0.0313056 0.0320758 0.0321826 0.0322675 0.0327552 0.0328678 0.0335536 0.0339905 0.033351 0.0334048 0.0336827 0.0341081 0.0350197 0.0353054 0.0353481 0.0348219 0.0313056 0.0320758 0.0321826 0.0322675 0.0327552 0.0328678 0.0335536 0.0339905 0.033351 0.0334048 0.0336827 0.0341081 0.0350197 0.0353054 0.0353481 0.0348219 0.0313056 0.0320758 0.0321826 0.0322675 0.0327552 0.0328678 0.0335536 0.0339905 0.033351 0.0334048 0.0336827 0.0341081 0.0350197 0.0353054 0.0353481 0.0348219
20211119 0.022929 0.0232975 0.0304612 0.0306099 0.0316553 0.0315492 0.0312568 0.0313062 0.0315326 0.03195 0.032423 0.0323423 0.0328543 0.0328184 0.0328397 0.0329337 0.0337159 0.033937 0.0304612 0.0306099 0.0316553 0.0315492 0.0312568 0.0313062 0.0315326 0.03195 0.032423 0.0323423 0.0328543 0.0328184 0.0328397 0.0329337 0.0337159 0.033937 0.0304612 0.0306099 0.0316553 0.0315492 0.0312568 0.0313062 0.0315326 0.03195 0.032423 0.0323423 0.0328543 0.0328184 0.0328397 0.0329337 0.0337159 0.033937
20211120 0.0233237 0.0229682 0.0308013 0.0311999 0.0313193 0.0315408 0.0316818 0.0318808 0.0321894 0.0320979 0.0319662 0.0319493 0.0330868 0.0339477 0.034351 0.0345529 0.0344679 0.0347888 0.0308013 0.0311999 0.0313193 0.0315408 0.0316818 0.0318808 0.0321894 0.0320979 0.0319662 0.0319493 0.0330868 0.0339477 0.034351 0.0345529 0.0344679 0.0347888 0.0308013 0.0311999 0.0313193 0.0315408 0.0316818 0.0318808 0.0321894 0.0320979 0.0319662 0.0319493 0.0330868 0.0339477 0.034351 0.0345529 0.0344679 0.0347888
20211121 0.0234682 0.023342 0.0319636 0.0320058 0.0321469 0.0323975 0.0333881 0.0334435 0.0337707 0.0344817 0.0340194 0.0340806 0.0345071 0.0352226 0.0354605 0.0358098 0.0362616 0.0356436 0.0319636 0.0320058 0.0321469 0.0323975 0.0333881 0.0334435 0.0337707 0.0344817 0.0340194 0.0340806 0.0345071 0.0352226 0.0354605 0.0358098 0.0362616 0.0356436 0.0319636 0.0320058 0.0321469 0.0323975 0.0333881 0.0334435 0.0337707 0.0344817 0.0340194 0.0340806 0.0345071 0.0352226 0.0354605 0.0358098 0.0362616 0.0356436
20211122 0.02413 0.0241282 0.032662 0.033033 0.033133 0.0331046 0.0329843 0.0332248 0.0334868 0.0333563 0.0339351 0.0340424 0.0341677 0.0343748 0.0350504 0.0348971 0.0350179 0.0355849 0.032662 0.033033 0.033133 0.0331046 0.0329843 0.0332248 0.0334868 0.0333563 0.0339351 0.0340424 0.0341677 0.0343748 0.0350504 0.0348971 0.0350179 0.0355849 0.032662 0.033033 0.033133 0.0331046 0.0329843 0.0332248 0.0334868 0.0333563 0.0339351 0.0340424 0.0341677 0.0343748 0.0350504 0.0348971 0.0350179 0.0355849
20211123 0.0243312 0.0247249 0.0328917 0.03293 0.0332312 0.0330616 0.0333587 0.0334326 0.0346376 0.0346517 0.0345957 0.034759 0.0349047 0.0354035 0.035496 0.0355504 0.0355249 0.0356555 0.0328917 0.03293 0.0332312 0.0330616 0.0333587 0.0334326 0.0346376 0.0346517 0.0345957 0.034759 0.0349047 0.0354035 0.035496 0.0355504 0.0355249 0.0356555 0.0328917 0.03293 0.0332312 0.0330616 0.0333587 0.0334326 0.0346376 0.0346517 0.0345957 0.034759 0.0349047 0.0354035 0.035496 0.0355504 0.0355249 0.0356555
20211124 0.0225039 0.0229763 0.0321976 0.0322184 0.0321986 0.0325338 0.0326313 0.0327322 0.0334709 0.0343977 0.0340491 0.0344172 0.0347379 0.0347977 0.0349159 0.0345333 0.0348256 0.0349153 0.0321976 0.0322184 0.0321986 0.0325338 0.0326313 0.0327322 0.0334709 0.0343977 0.0340491 0.0344172 0.0347379 0.0347977 0.0349159 0.0345333 0.0348256 0.0349153 0.0321976 0.0322184 0.0321986 0.0325338 0.0326313 0.0327322 0.0334709 0.0343977 0.0340491 0.0344172 0.0347379 0.0347977 0.0349159 0.0345333 0.0348256 0.0349153
20211125 0.0227918 0.0230795 0.0310743 0.0318639 0.031991 0.0319325 0.0322117 0.0321221 0.0326946 0.0333023 0.0337248 0.0338499 0.0335226 0.0339559 0.0337367 0.0339496 0.0340069 0.0334521 0.0310743 0.0318639 0.031991 0.0319325 0.0322117 0.0321221 0.0326946 0.0333023 0.0337248 0.0338499 0.0335226 0.0339559 0.0337367 0.0339496 0.0340069 0.0334521 0.0310743 0.0318639 0.031991 0.0319325 0.0322117 0.0321221 0.0326946 0.0333023 0.0337248 0.0338499 0.0335226 0.0339559 0.0337367 0.0339496 0.0340069 0.0334521
20211126 0.0241339 0.0236564 0.0312818 0.0314595 0.0314065 0.0315846 0.0315074 0.0314796 0.0314138 0.031903 0.032748 0.0330712 0.0332219 0.0332292 0.0332183 0.0334023 0.0334435 0.0334828 0.0312818 0.0314595 0.0314065 0.0315846 0.0315074 0.0314796 0.0314138 0.031903 0.032748 0.0330712 0.0332219 0.0332292 0.0332183 0.0334023 0.0334435 0.0334828 0.0312818 0.0314595 0.0314065 0.0315846 0.0315074 0.0314796 0.0314138 0.031903 0.032748 0.0330712 0.0332219 0.0332292 0.0332183 0.0334023 0.0334435 0.0334828
20211127 0.0246171 0.0244847 0.0324193 0.0323196 0.0320258 0.0324009 0.0328906 0.0329655 0.0334489 0.0337594 0.0343148 0.0343298 0.0354473 0.0353889 0.0350292 0.034789 0.0349394 0.0349301 0.0324193 0.0323196 0.0320258 0.0324009 0.0328906 0.0329655 0.0334489 0.0337594 0.0343148 0.0343298 0.0354473 0.0353889 0.0350292 0.034789 0.0349394 0.0349301 0.0324193 0.0323196 0.0320258 0.0324009 0.0328906 0.0329655 0.0334489 0.0337594 0.0343148 0.0343298 0.0354473 0.0353889 0.0350292 0.034789 0.0349394 0.0349301
20211128 0.0238189 0.0247871 0.0318706 0.0321734 0.0321324 0.0322833 0.0327111 0.0332338 0.0331595 0.0334894 0.033799 0.0339692 0.0345611 0.0358408 0.0360337 0.0349839 0.0348271 0.0344672 0.0318706 0.0321734 0.0321324 0.0322833 0.0327111 0.0332338 0.0331595 0.0334894 0.033799 0.0339692 0.0345611 0.0358408 0.0360337 0.0349839 0.0348271 0.0344672 0.0318706 0.0321734 0.0321324 0.0322833 0.0327111 0.0332338 0.0331595 0.0334894 0.033799 0.0339692 0.0345611 0.0358408 0.0360337 0.0349839 0.0348271 0.0344672
20211129 0.0244551 0.0248078 0.0312407 0.031557 0.031497 0.0314998 0.0313874 0.0322798 0.0327613 0.0330409 0.0335622 0.0337047 0.0331856 0.0336352 0.0354033 0.035391 0.0351855 0.0351196 0.0312407 0.031557 0.031497 0.0314998 0.0313874 0.0322798 0.0327613 0.0330409 0.0335622 0.0337047 0.0331856 0.0336352 0.0354033 0.035391 0.0351855 0.0351196 0.0312407 0.031557 0.031497 0.0314998 0.0313874 0.0322798 0.0327613 0.0330409 0.0335622 0.0337047 0.0331856 0.0336352 0.0354033 0.035391 0.0351855 0.0351196
20211130 0.0236281 0.0249009 0.0318071 0.0320086 0.0317474 0.0316444 0.031746 0.0316029 0.0322907 0.0322529 0.0325839 0.0329076 0.0330553 0.0330134 0.0331455 0.0344102 0.0340117 0.0338737 0.0318071 0.0320086 0.0317474 0.0316444 0.031746 0.0316029 0.0322907 0.0322529 0.0325839 0.0329076 0.0330553 0.0330134 0.0331455 0.0344102 0.0340117 0.0338737 0.0318071 0.0320086 0.0317474 0.0316444 0.031746 0.0316029 0.0322907 0.0322529 0.0325839 0.0329076 0.0330553 0.0330134 0.0331455 0.0344102 0.0340117 0.0338737
20211201 0.0226273 0.022676 0.0305918 0.0305208 0.0303064 0.0305117 0.0307279 0.0312928 0.0317425 0.0326809 0.0332583 0.0333043 0.0331539 0.0334985 0.0335239 0.0338059 0.0350659 0.0348934 0.0305918 0.0305208 0.0303064 0.0305117 0.0307279 0.0312928 0.0317425 0.0326809 0.0332583 0.0333043 0.0331539 0.0334985 0.0335239 0.0338059 0.0350659 0.0348934 0.0305918 0.0305208 0.0303064 0.0305117 0.0307279 0.0312928 0.0317425 0.0326809 0.0332583 0.0333043 0.0331539 0.0334985 0.0335239 0.0338059 0.0350659 0.0348934
20211202 0.0237065 0.0236481 0.0229303 0.0335965 0.0330559 0.0334502 0.0335583 0.0334562 0.0338439 0.0335059 0.0339785 0.0339937 0.0343464 0.0344823 0.0344627 0.0342119 0.034235 0.0366042 0.0229303 0.0335965 0.0330559 0.0334502 0.0335583 0.0334562 0.0338439 0.0335059 0.0339785 0.0339937 0.0343464 0.0344823 0.0344627 0.0342119 0.034235 0.0366042 0.0229303 0.0335965 0.0330559 0.0334502 0.0335583 0.0334562 0.0338439 0.0335059 0.0339785 0.0339937 0.0343464 0.0344823 0.0344627 0.0342119 0.034235 0.0366042
20211203 0.0250834 0.0246263 0.0235732 0.0240665 0.0345619 0.0340631 0.0342173 0.0344424 0.0349413 0.0355126 0.0355607 0.0355845 0.0358437 0.0360249 0.036074 0.0364216 0.0364137 0.0365711 0.0235732 0.0240665 0.0345619 0.0340631 0.0342173 0.0344424 0.0349413 0.0355126 0.0355607 0.0355845 0.0358437 0.0360249 0.036074 0.0364216 0.0364137 0.0365711 0.0235732 0.0240665 0.0345619 0.0340631 0.0342173 0.0344424 0.0349413 0.0355126 0.0355607 0.0355845 0.0358437 0.0360249 0.036074 0.0364216 0.0364137 0.0365711
20211204 0.0267972 0.0262172 0.0254309 0.0260407 0.0263394 0.0377045 0.0367823 0.0372195 0.0376823 0.038276 0.0389827 0.0387828 0.0395331 0.0397515 0.03994 0.0396494 0.0397847 0.0395451 0.0254309 0.0260407 0.0263394 0.0377045 0.0367823 0.0372195 0.0376823 0.038276 0.0389827 0.0387828 0.0395331 0.0397515 0.03994 0.0396494 0.0397847 0.0395451 0.0254309 0.0260407 0.0263394 0.0377045 0.0367823 0.0372195 0.0376823 0.038276 0.0389827 0.0387828 0.0395331 0.0397515 0.03994 0.0396494 0.0397847 0.0395451
20211205 0.0286343 0.0270958 0.0264749 0.0271565 0.0279308 0.0283178 0.0388813 0.0388655 0.0395747 0.0398733 0.040272 0.040195 0.0397723 0.0411336 0.0413993 0.0417717 0.041274 0.0411546 0.0264749 0.0271565 0.0279308 0.0283178 0.0388813 0.0388655 0.0395747 0.0398733 0.040272 0.040195 0.0397723 0.0411336 0.0413993 0.0417717 0.041274 0.0411546 0.0264749 0.0271565 0.0279308 0.0283178 0.0388813 0.0388655 0.0395747 0.0398733 0.040272 0.040195 0.0397723 0.0411336 0.0413993 0.0417717 0.041274 0.0411546
20211206 0.0281747 0.0267823 0.0259019 0.0264407 0.0270674 0.0275783 0.0281614 0.0388308 0.0388408 0.0390091 0.0387467 0.0385316 0.0383406 0.0380292 0.0401601 0.0401409 0.0402845 0.0397712 0.0259019 0.0264407 0.0270674 0.0275783 0.0281614 0.0388308 0.0388408 0.0390091 0.0387467 0.0385316 0.0383406 0.0380292 0.0401601 0.0401409 0.0402845 0.0397712 0.0259019 0.0264407 0.0270674 0.0275783 0.0281614 0.0388308 0.0388408 0.0390091 0.0387467 0.0385316 0.0383406 0.0380292 0.0401601 0.0401409 0.0402845 0.0397712
20211207 0.0270667 0.0276199 0.0268359 0.0268651 0.0271906 0.0273926 0.0278324 0.0281986 0.0390245 0.0390095 0.0386862 0.0386638 0.0388852 0.0389252 0.0386089 0.0391694 0.0397315 0.0401032 0.0268359 0.0268651 0.0271906 0.0273926 0.0278324 0.0281986 0.0390245 0.0390095 0.0386862 0.0386638 0.0388852 0.0389252 0.0386089 0.0391694 0.0397315 0.0401032 0.0268359 0.0268651 0.0271906 0.0273926 0.0278324 0.0281986 0.0390245 0.0390095 0.0386862 0.0386638 0.0388852 0.0389252 0.0386089 0.0391694 0.0397315 0.0401032
20211208 0.0253841 0.0255484 0.025396 0.0258481 0.0261066 0.0261713 0.0264676 0.0267283 0.0270807 0.0374747 0.0373932 0.0375508 0.0375424 0.0378756 0.038017 0.0380121 0.0385808 0.0387159 0.025396 0.0258481 0.0261066 0.0261713 0.0264676 0.0267283 0.0270807 0.0374747 0.0373932 0.0375508 0.0375424 0.0378756 0.038017 0.0380121 0.0385808 0.0387159 0.025396 0.0258481 0.0261066 0.0261713 0.0264676 0.0267283 0.0270807 0.0374747 0.0373932 0.0375508 0.0375424 0.0378756 0.038017 0.0380121 0.0385808 0.0387159
20211209 0.0241991 0.0239787 0.0230085 0.0241257 0.0244204 0.0246087 0.0247546 0.0247509 0.0250372 0.0256628 0.0349135 0.0347601 0.0349184 0.0349698 0.0351916 0.0348181 0.0351658 0.0357919 0.0230085 0.0241257 0.0244204 0.0246087 0.0247546 0.0247509 0.0250372 0.0256628 0.0349135 0.0347601 0.0349184 0.0349698 0.0351916 0.0348181 0.0351658 0.0357919 0.0230085 0.0241257 0.0244204 0.0246087 0.0247546 0.0247509 0.0250372 0.0256628 0.0349135 0.0347601 0.0349184 0.0349698 0.0351916 0.0348181 0.0351658 0.0357919
20211210 0.0222914 0.0214657 0.0206519 0.0212253 0.0222591 0.0225064 0.022674 0.0230493 0.023643 0.023864 0.0239376 0.0347182 0.0352599 0.0347403 0.0349749 0.0345465 0.0344666 0.0344781 0.0206519 0.0212253 0.0222591 0.0225064 0.022674 0.0230493 0.023643 0.023864 0.0239376 0.0347182 0.0352599 0.0347403 0.0349749 0.0345465 0.0344666 0.0344781 0.0206519 0.0212253 0.0222591 0.0225064 0.022674 0.0230493 0.023643 0.023864 0.0239376 0.0347182 0.0352599 0.0347403 0.0349749 0.0345465 0.0344666 0.0344781
20211211 0.0234019 0.0226138 0.0216127 0.0220102 0.0221459 0.0221047 0.0225205 0.0231406 0.0239648 0.0245548 0.0248157 0.0250524 0.0355255 0.0354665 0.0346576 0.0350619 0.0352769 0.036028 0.0216127 0.0220102 0.0221459 0.0221047 0.0225205 0.0231406 0.0239648 0.0245548 0.0248157 0.0250524 0.0355255 0.0354665 0.0346576 0.0350619 0.0352769 0.036028 0.0216127 0.0220102 0.0221459 0.0221047 0.0225205 0.0231406 0.0239648 0.0245548 0.0248157 0.0250524 0.0355255 0.0354665 0.0346576 0.0350619 0.0352769 0.036028
20211212 0.0273313 0.0261389 0.0252648 0.0254978 0.0259853 0.0261141 0.0256558 0.0266271 0.0273006 0.0282155 0.0288996 0.0292556 0.0295563 0.0396862 0.0402018 0.0396841 0.039993 0.0407765 0.0252648 0.0254978 0.0259853 0.0261141 0.0256558 0.0266271 0.0273006 0.0282155 0.0288996 0.0292556 0.0295563 0.0396862 0.0402018 0.0396841 0.039993 0.0407765 0.0252648 0.0254978 0.0259853 0.0261141 0.0256558 0.0266271 0.0273006 0.0282155 0.0288996 0.0292556 0.0295563 0.0396862 0.0402018 0.0396841 0.039993 0.0407765
20211213 0.025621 0.0249494 0.0239669 0.0243271 0.0246052 0.0245576 0.0247082 0.0251412 0.0255896 0.0265669 0.0270042 0.0272704 0.0274028 0.027525 0.0375356 0.0377511 0.0377887 0.0380923 0.0239669 0.0243271 0.0246052 0.0245576 0.0247082 0.0251412 0.0255896 0.0265669 0.0270042 0.0272704 0.0274028 0.027525 0.0375356 0.0377511 0.0377887 0.0380923 0.0239669 0.0243271 0.0246052 0.0245576 0.0247082 0.0251412 0.0255896 0.0265669 0.0270042 0.0272704 0.0274028 0.027525 0.0375356 0.0377511 0.0377887 0.0380923
20211214 0.0253169 0.0251446 0.0240637 0.0247584 0.0250455 0.0250705 0.0252492 0.025535 0.0264794 0.0267168 0.0275307 0.027855 0.0283022 0.0288232 0.028274 0.0398181 0.0393396 0.0399411 0.0240637 0.0247584 0.0250455 0.0250705 0.0252492 0.025535 0.0264794 0.0267168 0.0275307 0.027855 0.0283022 0.0288232 0.028274 0.0398181 0.0393396 0.0399411 0.0240637 0.0247584 0.0250455 0.0250705 0.0252492 0.025535 0.0264794 0.0267168 0.0275307 0.027855 0.0283022 0.0288232 0.028274 0.0398181 0.0393396 0.0399411
20211215 0.0246782 0.024836 0.0250094 0.0254704 0.0258681 0.0261741 0.026143 0.0263132 0.0264003 0.0278905 0.0275726 0.0278347 0.0282256 0.0289443 0.0297384 0.0287419 0.0394464 0.0390645 0.0250094 0.0254704 0.0258681 0.0261741 0.026143 0.0263132 0.0264003 0.0278905 0.0275726 0.0278347 0.0282256 0.0289443 0.0297384 0.0287419 0.0394464 0.0390645 0.0250094 0.0254704 0.0258681 0.0261741 0.026143 0.0263132 0.0264003 0.0278905 0.0275726 0.0278347 0.0282256 0.0289443 0.0297384 0.0287419 0.0394464 0.0390645
20211216 0.0240531 0.024308 0.0235366 0.0242562 0.0244136 0.0248018 0.0249215 0.0253258 0.0257534 0.0260604 0.0268267 0.0269982 0.0271993 0.0276265 0.0277432 0.0283027 0.0280206 0.0368698 0.0235366 0.0242562 0.0244136 0.0248018 0.0249215 0.0253258 0.0257534 0.0260604 0.0268267 0.0269982 0.0271993 0.0276265 0.0277432 0.0283027 0.0280206 0.0368698 0.0235366 0.0242562 0.0244136 0.0248018 0.0249215 0.0253258 0.0257534 0.0260604 0.0268267 0.0269982 0.0271993 0.0276265 0.0277432 0.0283027 0.0280206 0.0368698
20211217 0.02119 0.0209476 0.0205504 0.0208103 0.0221163 0.0222504 0.0221001 0.0222199 0.0228722 0.0233547 0.0234921 0.0241618 0.0242852 0.0243493 0.0250692 0.0249505 0.0249588 0.0250197 0.0205504 0.0208103 0.0221163 0.0222504 0.0221001 0.0222199 0.0228722 0.0233547 0.0234921 0.0241618 0.0242852 0.0243493 0.0250692 0.0249505 0.0249588 0.0250197 0.0205504 0.0208103 0.0221163 0.0222504 0.0221001 0.0222199 0.0228722 0.0233547 0.0234921 0.0241618 0.0242852 0.0243493 0.0250692 0.0249505 0.0249588 0.0250197
20211218 0.0230928 0.0223171 0.0215223 0.0216598 0.0222111 0.0236086 0.0237511 0.0239147 0.0243071 0.0243688 0.0243049 0.0243844 0.0246654 0.0245894 0.0248396 0.0252228 0.025264 0.0252034 0.0215223 0.0216598 0.0222111 0.0236086 0.0237511 0.0239147 0.0243071 0.0243688 0.0243049 0.0243844 0.0246654 0.0245894 0.0248396 0.0252228 0.025264 0.0252034 0.0215223 0.0216598 0.0222111 0.0236086 0.0237511 0.0239147 0.0243071 0.0243688 0.0243049 0.0243844 0.0246654 0.0245894 0.0248396 0.0252228 0.025264 0.0252034
20211219 0.0269767 0.0267067 0.0259639 0.026187 0.0265909 0.0265901 0.0269405 0.027548 0.0276348 0.0276995 0.027919 0.0284656 0.0284393 0.0288287 0.028982 0.0291534 0.0292599 0.0293817 0.0259639 0.026187 0.0265909 0.0265901 0.0269405 0.027548 0.0276348 0.0276995 0.027919 0.0284656 0.0284393 0.0288287 0.028982 0.0291534 0.0292599 0.0293817 0.0259639 0.026187 0.0265909 0.0265901 0.0269405 0.027548 0.0276348 0.0276995 0.027919 0.0284656 0.0284393 0.0288287 0.028982 0.0291534 0.0292599 0.0293817
20211220 0.0239189 0.0240392 0.0232995 0.023373 0.0235029 0.0235535 0.0239081 0.0250038 0.025211 0.0253465 0.0254692 0.0257193 0.0260762 0.026325 0.0280951 0.027723 0.0276379 0.028342 0.0232995 0.023373 0.0235029 0.0235535 0.0239081 0.0250038 0.025211 0.0253465 0.0254692 0.0257193 0.0260762 0.026325 0.0280951 0.027723 0.0276379 0.028342 0.0232995 0.023373 0.0235029 0.0235535 0.0239081 0.0250038 0.025211 0.0253465 0.0254692 0.0257193 0.0260762 0.026325 0.0280951 0.027723 0.0276379 0.028342
20211221 0.0224303 0.0233937 0.022919 0.0230103 0.0232844 0.0235189 0.0230711 0.0230254 0.0242075 0.0243554 0.0243227 0.0244437 0.0245724 0.0247414 0.0250926 0.026593 0.0260822 0.0263405 0.022919 0.0230103 0.0232844 0.0235189 0.0230711 0.0230254 0.0242075 0.0243554 0.0243227 0.0244437 0.0245724 0.0247414 0.0250926 0.026593 0.0260822 0.0263405 0.022919 0.0230103 0.0232844 0.0235189 0.0230711 0.0230254 0.0242075 0.0243554 0.0243227 0.0244437 0.0245724 0.0247414 0.0250926 0.026593 0.0260822 0.0263405
20211222 0.0219978 0.0220676 0.0231946 0.0234558 0.0235788 0.0241119 0.0242141 0.0240023 0.0242087 0.0254884 0.025601 0.0256184 0.0255367 0.0259194 0.0260541 0.0263839 0.0275281 0.0275415 0.0231946 0.0234558 0.0235788 0.0241119 0.0242141 0.0240023 0.0242087 0.0254884 0.025601 0.0256184 0.0255367 0.0259194 0.0260541 0.0263839 0.0275281 0.0275415 0.0231946 0.0234558 0.0235788 0.0241119 0.0242141 0.0240023 0.0242087 0.0254884 0.025601 0.0256184 0.0255367 0.0259194 0.0260541 0.0263839 0.0275281 0.0275415
20211223 0.0212942 0.0214754 0.0208752 0.0228164 0.0230088 0.0233446 0.0236442 0.023943 0.0239311 0.024085 0.0245592 0.024749 0.0250616 0.0253336 0.0257246 0.0261448 0.0261904 0.0272644 0.0208752 0.0228164 0.0230088 0.0233446 0.0236442 0.023943 0.0239311 0.024085 0.0245592 0.024749 0.0250616 0.0253336 0.0257246 0.0261448 0.0261904 0.0272644 0.0208752 0.0228164 0.0230088 0.0233446 0.0236442 0.023943 0.0239311 0.024085 0.0245592 0.024749 0.0250616 0.0253336 0.0257246 0.0261448 0.0261904 0.0272644
20211224 0.0227701 0.0226691 0.0220226 0.0221477 0.0235875 0.0238212 0.024154 0.0246291 0.0248126 0.0247832 0.0245176 0.0251347 0.0251482 0.0251509 0.0254696 0.0262422 0.0265003 0.0268229 0.0220226 0.0221477 0.0235875 0.0238212 0.024154 0.0246291 0.0248126 0.0247832 0.0245176 0.0251347 0.0251482 0.0251509 0.0254696 0.0262422 0.0265003 0.0268229 0.0220226 0.0221477 0.0235875 0.0238212 0.024154 0.0246291 0.0248126 0.0247832 0.0245176 0.0251347 0.0251482 0.0251509 0.0254696 0.0262422 0.0265003 0.0268229
20211225 0.0237112 0.0230088 0.0224057 0.0228037 0.0230573 0.0240673 0.0241626 0.0245992 0.024695 0.0247878 0.0250126 0.0250201 0.0257759 0.0259109 0.0259881 0.0263821 0.0265691 0.0267167 0.0224057 0.0228037 0.0230573 0.0240673 0.0241626 0.0245992 0.024695 0.0247878 0.0250126 0.0250201 0.0257759 0.0259109 0.0259881 0.0263821 0.0265691 0.0267167 0.0224057 0.0228037 0.0230573 0.0240673 0.0241626 0.0245992 0.024695 0.0247878 0.0250126 0.0250201 0.0257759 0.0259109 0.0259881 0.0263821 0.0265691 0.0267167
20211226 0.0237395 0.0242604 0.0232211 0.0229396 0.0231043 0.0233585 0.0238298 0.0240683 0.0244628 0.0245298 0.0244707 0.0243954 0.0243898 0.0256534 0.0260575 0.0259085 0.0261923 0.0261724 0.0232211 0.0229396 0.0231043 0.0233585 0.0238298 0.0240683 0.0244628 0.0245298 0.0244707 0.0243954 0.0243898 0.0256534 0.0260575 0.0259085 0.0261923 0.0261724 0.0232211 0.0229396 0.0231043 0.0233585 0.0238298 0.0240683 0.0244628 0.0245298 0.0244707 0.0243954 0.0243898 0.0256534 0.0260575 0.0259085 0.0261923 0.0261724
20211227 0.0235127 0.0239094 0.0229761 0.0229871 0.022715 0.0227745 0.0229593 0.0237883 0.0239725 0.0238662 0.024141 0.0241391 0.0239371 0.0241864 0.0254516 0.0256373 0.0252428 0.0254957 0.0229761 0.0229871 0.022715 0.0227745 0.0229593 0.0237883 0.0239725 0.0238662 0.024141 0.0241391 0.0239371 0.0241864 0.0254516 0.0256373 0.0252428 0.0254957 0.0229761 0.0229871 0.022715 0.0227745 0.0229593 0.0237883 0.0239725 0.0238662 0.024141 0.0241391 0.0239371 0.0241864 0.0254516 0.0256373 0.0252428 0.0254957
20211228 0.0239628 0.025013 0.0240185 0.0245974 0.0243799 0.0241789 0.0241627 0.0244187 0.0257732 0.0258792 0.025766 0.0260537 0.0259151 0.0257002 0.0258352 0.0267956 0.027531 0.0272072 0.0240185 0.0245974 0.0243799 0.0241789 0.0241627 0.0244187 0.0257732 0.0258792 0.025766 0.0260537 0.0259151 0.0257002 0.0258352 0.0267956 0.027531 0.0272072 0.0240185 0.0245974 0.0243799 0.0241789 0.0241627 0.0244187 0.0257732 0.0258792 0.025766 0.0260537 0.0259151 0.0257002 0.0258352 0.0267956 0.027531 0.0272072
20211229 0.0232654 0.0233231 0.0231101 0.023197 0.0236653 0.0237325 0.0238514 0.0241624 0.0239728 0.025653 0.0256392 0.0251593 0.0253534 0.0252205 0.0252938 0.0251382 0.0260845 0.0264785 0.0231101 0.023197 0.0236653 0.0237325 0.0238514 0.0241624 0.0239728 0.025653 0.0256392 0.0251593 0.0253534 0.0252205 0.0252938 0.0251382 0.0260845 0.0264785 0.0231101 0.023197 0.0236653 0.0237325 0.0238514 0.0241624 0.0239728 0.025653 0.0256392 0.0251593 0.0253534 0.0252205 0.0252938 0.0251382 0.0260845 0.0264785
20211230 0.0228996 0.0227071 0.0215983 0.0226078 0.0227673 0.0230702 0.0232224 0.023576 0.0237567 0.02404 0.0256518 0.0257533 0.0255718 0.0252793 0.0253585 0.0254178 0.0251581 0.0259607 0.0215983 0.0226078 0.0227673 0.0230702 0.0232224 0.023576 0.0237567 0.02404 0.0256518 0.0257533 0.0255718 0.0252793 0.0253585 0.0254178 0.0251581 0.0259607 0.0215983 0.0226078 0.0227673 0.0230702 0.0232224 0.023576 0.0237567 0.02404 0.0256518 0.0257533 0.0255718 0.0252793 0.0253585 0.0254178 0.0251581 0.0259607
20211231 0.0241685 0.0237895 0.0227669 0.0230792 0.0236217 0.0239206 0.0239968 0.0243195 0.0246162 0.0253532 0.0257909 0.0267593 0.0267471 0.026658 0.0263776 0.0262342 0.0263123 0.0265479 0.0227669 0.0230792 0.0236217 0.0239206 0.0239968 0.0243195 0.0246162 0.0253532 0.0257909 0.0267593 0.0267471 0.026658 0.0263776 0.0262342 0.0263123 0.0265479 0.0227669 0.0230792 0.0236217 0.0239206 0.0239968 0.0243195 0.0246162 0.0253532 0.0257909 0.0267593 0.0267471 0.026658 0.0263776 0.0262342 0.0263123 0.0265479
