20201202 1.00474 1.009 1.02841 1.03429 1.04724 1.0567 1.05496 1.03176 1.07603 1.11101 1.09361 1.14273 1.04673 1.09587 1.10423 1.0962 1.09485 1.09706 1.09946 1.08634 1.13847 1.16447 1.03225 1.06602 1.07231 1.07931 1.0903 1.10635 1.08997 1.07984 1.09205 1.13345
20201203 0.991809 0.992046 0.986499 1.02767 1.04535 1.05398 1.06662 1.09668 1.08757 1.11636 1.14157 1.14579 1.04379 1.09585 1.11925 1.11535 1.11647 1.12597 1.13724 1.12929 1.10645 1.17042 1.06111 1.0876 1.09408 1.10331 1.11635 1.09397 1.09234 1.09645 1.14783 1.15532
20201204 1.01145 1.00992 0.991665 1.01077 1.04027 1.04571 1.05407 1.0561 1.07944 1.07206 1.10869 1.0942 1.00525 1.05981 1.08972 1.11356 1.11274 1.10127 1.12232 1.1283 1.12702 1.12981 1.06436 1.08208 1.0882 1.11127 1.1088 1.08721 1.09926 1.12696 1.13135 1.14014
20201205 1.03857 1.03093 1.01838 1.02441 1.03032 1.05654 1.08745 1.08989 1.0861 1.09584 1.09377 1.12186 1.05637 1.06252 1.08723 1.0984 1.1174 1.12991 1.10673 1.12565 1.12677 1.1306 1.08921 1.11273 1.10767 1.12351 1.10608 1.12501 1.12784 1.11826 1.13267 1.11829
20201206 1.06167 1.05494 1.0357 1.04473 1.04884 1.04758 1.09926 1.11339 1.10899 1.09957 1.10201 1.12252 1.05333 1.08671 1.07382 1.12089 1.11568 1.14026 1.15031 1.12702 1.14637 1.14428 1.12554 1.13801 1.10873 1.10796 1.1317 1.16545 1.13295 1.15794 1.14553 1.14978
20201207 1.05606 1.04543 1.03079 1.04383 1.04378 1.05882 1.05589 1.12036 1.12883 1.12529 1.14691 1.13272 1.0788 1.08895 1.05645 1.06098 1.10263 1.12167 1.14464 1.13243 1.13828 1.16246 1.10902 1.09675 1.09057 1.09455 1.11414 1.13035 1.1384 1.12517 1.11573 1.12053
20201208 1.07606 1.09098 1.0715 1.08756 1.09976 1.11139 1.1221 1.10392 1.13634 1.14526 1.1708 1.14941 1.10377 1.14693 1.12804 1.10724 1.12081 1.14166 1.18989 1.19759 1.18597 1.20977 1.09198 1.12918 1.14854 1.1465 1.16165 1.17756 1.14827 1.12708 1.14892 1.16466
20201209 1.03434 1.04122 1.06453 1.06849 1.07491 1.07758 1.08706 1.10419 1.12822 1.15972 1.17351 1.17667 1.10252 1.14142 1.15249 1.13222 1.15047 1.14405 1.17374 1.21444 1.2105 1.20742 1.10737 1.15515 1.17727 1.15971 1.19133 1.15644 1.13113 1.14798 1.16418 1.17971
20201210 1.03081 1.03357 1.02227 1.05568 1.06715 1.06705 1.06602 1.07132 1.09988 1.07963 1.10459 1.15197 1.03388 1.11644 1.14876 1.14714 1.11318 1.15499 1.12933 1.14793 1.19674 1.17262 1.09907 1.16102 1.12302 1.15995 1.13527 1.11125 1.11126 1.10518 1.13117 1.15248
20201211 1.05573 1.05131 1.02859 1.04516 1.08924 1.08536 1.08759 1.09216 1.08142 1.09753 1.10518 1.14235 1.04113 1.09721 1.14686 1.16969 1.14688 1.15079 1.15845 1.15283 1.16934 1.19692 1.12459 1.12729 1.1375 1.13044 1.12127 1.10215 1.10952 1.12658 1.15279 1.14008
20201212 1.05556 1.05571 1.04827 1.06284 1.06851 1.08782 1.09187 1.08675 1.09618 1.12407 1.13875 1.11912 1.09015 1.07697 1.13655 1.16754 1.16852 1.15903 1.1631 1.15405 1.19673 1.18978 1.0998 1.1143 1.12118 1.09905 1.08999 1.10562 1.1323 1.14338 1.15315 1.16828
20201213 1.09513 1.09593 1.08277 1.09716 1.0986 1.09322 1.11973 1.12159 1.1256 1.12356 1.19358 1.17554 1.10598 1.18715 1.14533 1.19478 1.21314 1.2254 1.21104 1.208 1.23047 1.2545 1.13484 1.1416 1.1111 1.083 1.10152 1.12875 1.14807 1.1525 1.16007 1.1701
20201214 1.10053 1.09304 1.07785 1.08865 1.096 1.10237 1.08308 1.13869 1.11879 1.14721 1.14235 1.17335 1.10587 1.1499 1.17096 1.14184 1.16429 1.19133 1.19416 1.18306 1.20395 1.20687 1.10957 1.10722 1.04951 1.07455 1.08769 1.11328 1.12061 1.1126 1.13738 1.13657
20201215 1.06204 1.08763 1.07381 1.0846 1.08814 1.10925 1.1043 1.10605 1.12796 1.13344 1.15366 1.14658 1.1038 1.17135 1.16349 1.15214 1.14207 1.14129 1.17398 1.16206 1.19567 1.19657 1.05004 1.04223 1.06842 1.07913 1.08943 1.12252 1.08823 1.08826 1.1103 1.16113
20201216 0.996159 1.00093 1.04488 1.05504 1.06611 1.07295 1.07563 1.08367 1.10289 1.11719 1.12564 1.12405 1.07537 1.12773 1.16296 1.12573 1.14563 1.15464 1.13945 1.15054 1.15179 1.19258 1.01996 1.06097 1.08143 1.07003 1.0976 1.11706 1.07956 1.0944 1.13353 1.13652
20201217 1.00043 1.00153 0.979869 1.04629 1.04619 1.0614 1.07019 1.08361 1.08743 1.07796 1.10211 1.09841 1.02892 1.11655 1.13654 1.14973 1.1379 1.15828 1.1545 1.13538 1.14744 1.18338 1.04723 1.08348 1.0727 1.09411 1.1406 1.0977 1.10693 1.14422 1.14689 1.17211
20201218 1.00532 1.0065 0.990002 1.00198 1.0484 1.06285 1.0751 1.07436 1.10725 1.09495 1.10654 1.11393 1.01216 1.08955 1.11296 1.13944 1.15716 1.16416 1.16965 1.14239 1.16136 1.1835 1.04715 1.06058 1.07124 1.11275 1.10241 1.10608 1.13574 1.13573 1.15792 1.13509
20201219 1.03345 1.03423 1.01776 1.02812 1.03301 1.0758 1.0783 1.0844 1.10624 1.13499 1.10769 1.12953 1.04252 1.06353 1.13602 1.12738 1.1581 1.16549 1.19265 1.20061 1.1624 1.20005 1.06239 1.08848 1.10566 1.09902 1.09391 1.11247 1.1209 1.14094 1.12747 1.12698
20201220 1.06627 1.05746 1.03734 1.04167 1.04891 1.06472 1.11389 1.10182 1.1079 1.13371 1.14796 1.16418 1.09128 1.10396 1.11337 1.16008 1.173 1.19479 1.20021 1.21476 1.237 1.21138 1.10301 1.11868 1.11217 1.10073 1.10104 1.1143 1.14124 1.134 1.12543 1.13976
20201221 1.07775 1.04833 1.03307 1.04337 1.05604 1.06983 1.059 1.1165 1.12731 1.12492 1.13808 1.12083 1.08283 1.12863 1.12281 1.12971 1.15643 1.17418 1.20284 1.21167 1.20803 1.23908 1.09544 1.09979 1.09358 1.08846 1.09336 1.10798 1.11868 1.10909 1.12699 1.12704
20201222 1.06869 1.06617 1.05724 1.06214 1.0692 1.07473 1.08186 1.08687 1.14286 1.14135 1.14569 1.17691 1.08715 1.11358 1.14722 1.141 1.12548 1.17059 1.18301 1.21642 1.20755 1.23725 1.07976 1.11001 1.10735 1.11216 1.10963 1.1072 1.09325 1.08903 1.12993 1.11707
20201223 1.03364 1.04039 1.04961 1.06033 1.06772 1.06789 1.08184 1.11258 1.10128 1.14116 1.12086 1.15877 1.07113 1.09617 1.11377 1.12137 1.10263 1.1032 1.14674 1.16506 1.18043 1.1889 1.06086 1.09497 1.10484 1.10287 1.08104 1.05744 1.04485 1.08265 1.08894 1.09277
20201224 1.0111 1.00905 1.0031 1.03108 1.0318 1.02878 1.04588 1.05903 1.06353 1.06281 1.12618 1.10064 1.05435 1.10192 1.11074 1.1044 1.11947 1.10261 1.12378 1.1471 1.15396 1.15989 1.0642 1.09132 1.11582 1.10504 1.08567 1.07271 1.08439 1.09672 1.08789 1.10344
20201225 1.03671 1.03496 1.01776 1.03178 1.07513 1.07671 1.07954 1.06709 1.09292 1.09694 1.09829 1.1615 1.031 1.08689 1.12233 1.14766 1.12709 1.14033 1.13563 1.15179 1.15245 1.15849 1.06867 1.10199 1.11299 1.07086 1.06649 1.05485 1.08328 1.08165 1.08682 1.13483
20201226 1.05013 1.04201 1.02413 1.03074 1.05283 1.0841 1.08333 1.09021 1.10965 1.12357 1.1315 1.14439 1.07668 1.0923 1.11962 1.13186 1.16455 1.1572 1.16261 1.16683 1.16449 1.16752 1.08085 1.12022 1.05295 1.06532 1.03668 1.07658 1.08517 1.08787 1.13379 1.10535
20201227 1.05801 1.04069 1.02625 1.03263 1.04749 1.05703 1.09251 1.1016 1.09536 1.11802 1.14611 1.16718 1.09295 1.13418 1.12289 1.14645 1.1477 1.17662 1.18675 1.20903 1.2004 1.19147 1.11423 1.05866 1.09601 1.07164 1.09628 1.12176 1.12603 1.14864 1.14074 1.14749
20201228 1.06655 1.0468 1.03334 1.04799 1.05785 1.0502 1.06236 1.10749 1.11242 1.13419 1.13 1.16764 1.07079 1.12915 1.15102 1.1309 1.15306 1.14994 1.17829 1.20101 1.20379 1.21196 1.05521 1.07704 1.0752 1.08946 1.11548 1.13503 1.09949 1.1102 1.10842 1.135
20201229 1.03722 1.05286 1.03606 1.05611 1.06166 1.05168 1.06105 1.08356 1.13328 1.15816 1.11481 1.14896 1.08877 1.11403 1.14069 1.16611 1.16272 1.17097 1.17139 1.19812 1.21162 1.2021 1.06325 1.06767 1.07797 1.09642 1.10033 1.10702 1.08861 1.08191 1.11967 1.1316
20201230 1.0026 1.00786 1.03265 1.03427 1.03611 1.06573 1.0536 1.06109 1.09046 1.09459 1.09762 1.11175 1.04487 1.09802 1.12096 1.15543 1.16267 1.16299 1.14167 1.14823 1.16371 1.1797 1.05611 1.07513 1.08151 1.09064 1.10785 1.0894 1.0688 1.11854 1.10016 1.11639
20201231 1.00085 0.998859 0.989283 1.0259 1.03868 1.04497 1.06435 1.06279 1.06455 1.06583 1.08261 1.13226 1.0009 1.03687 1.08555 1.11875 1.14672 1.14572 1.14417 1.13332 1.14718 1.17263 1.04954 1.07115 1.08229 1.08694 1.07174 1.05459 1.09293 1.07593 1.09541 1.10857
20211210 1.02769 1.02484 1.00165 1.02065 1.05714 1.06482 1.09174 1.08618 1.09631 1.08264 1.09219 1.15884 1.06436 1.07029 1.10853 1.11323 1.10843 1.15123 1.17229 1.14887 1.15137 1.2025 1.08115 1.12111 1.15431 1.11512 1.09228 1.0958 1.13576 1.15684 1.18804 1.20611
20211211 1.06968 1.06724 1.0329 1.05532 1.0589 1.09287 1.08015 1.11822 1.10698 1.1345 1.15584 1.15602 1.08711 1.13211 1.11903 1.16266 1.13899 1.15123 1.18237 1.18813 1.17954 1.16878 1.12416 1.1885 1.13387 1.10175 1.09863 1.14885 1.15444 1.18881 1.22346 1.20467
20211212 1.09691 1.09567 1.07763 1.0888 1.07913 1.08521 1.13367 1.15627 1.15973 1.16881 1.16109 1.17558 1.10131 1.14791 1.1633 1.17317 1.17555 1.17494 1.18916 1.2058 1.19259 1.21221 1.19786 1.13913 1.11838 1.11728 1.17043 1.14897 1.1953 1.22073 1.21024 1.19637
20211213 1.08881 1.08576 1.07287 1.08472 1.08365 1.08047 1.07197 1.13296 1.09957 1.11071 1.12945 1.14104 1.07406 1.08651 1.10503 1.12709 1.11105 1.13275 1.14912 1.16545 1.15041 1.15756 1.06929 1.06957 1.08695 1.1437 1.11577 1.12575 1.14636 1.14852 1.14406 1.1829
20211214 1.04611 1.06292 1.0474 1.05593 1.069 1.07802 1.08627 1.07406 1.10525 1.10269 1.13974 1.11974 1.09896 1.10703 1.1032 1.13152 1.13298 1.11264 1.16222 1.13403 1.1494 1.16174 1.05115 1.08961 1.13441 1.11361 1.11041 1.13543 1.12101 1.11815 1.16789 1.147
20211215 0.996843 1.0007 1.01582 1.02681 1.03167 1.03687 1.0599 1.06469 1.06414 1.10705 1.13083 1.1526 1.03815 1.09084 1.10746 1.10371 1.12689 1.14576 1.12785 1.18284 1.13135 1.13663 1.04881 1.11722 1.11048 1.08937 1.11334 1.08696 1.09388 1.15203 1.13682 1.1318
20211216 1.01487 1.01816 1.00652 1.05047 1.04985 1.05139 1.0814 1.07087 1.09381 1.11537 1.1422 1.15194 1.03332 1.08321 1.11644 1.14711 1.13529 1.14204 1.19046 1.14904 1.19153 1.16184 1.10089 1.13447 1.11838 1.14059 1.10629 1.1041 1.1457 1.13464 1.12523 1.13317
20211217 1.07321 1.07295 1.06531 1.07088 1.10089 1.09989 1.12958 1.12622 1.12699 1.13562 1.15427 1.21213 1.09987 1.14892 1.18738 1.20323 1.20573 1.22186 1.21012 1.23633 1.20796 1.22156 1.14911 1.17283 1.19405 1.14668 1.13511 1.15289 1.13939 1.1514 1.17094 1.19463
20211218 1.09668 1.09838 1.07777 1.08909 1.10048 1.1426 1.12084 1.13932 1.16479 1.16324 1.13394 1.18249 1.11908 1.19089 1.19923 1.23747 1.23585 1.2011 1.23046 1.22206 1.24587 1.20898 1.15626 1.1974 1.15267 1.14722 1.15391 1.13659 1.14793 1.16544 1.1856 1.20136
20211219 1.12962 1.11981 1.10071 1.11485 1.11258 1.12051 1.14929 1.13644 1.14338 1.1694 1.16647 1.15816 1.10431 1.17701 1.20496 1.19921 1.23368 1.2147 1.19943 1.22095 1.21069 1.24479 1.1818 1.15618 1.16015 1.16287 1.14707 1.1688 1.16691 1.18271 1.20702 1.19287
20211220 1.11552 1.11028 1.0867 1.09553 1.09646 1.1087 1.13515 1.1535 1.14591 1.16284 1.18869 1.16848 1.09199 1.16718 1.21994 1.22782 1.2053 1.2425 1.21938 1.22956 1.23082 1.20027 1.10191 1.10942 1.13874 1.14615 1.15825 1.15629 1.15983 1.14655 1.17683 1.16885
20211221 1.06719 1.0927 1.06874 1.08275 1.08368 1.09479 1.09499 1.12079 1.17361 1.2064 1.18669 1.19672 1.12503 1.12697 1.16461 1.21016 1.21214 1.20931 1.23599 1.22547 1.23396 1.23744 1.07686 1.13014 1.14571 1.15014 1.14476 1.16172 1.13122 1.14219 1.17243 1.16422
20211222 1.05363 1.05895 1.08859 1.0885 1.10041 1.11537 1.13506 1.14365 1.176 1.19767 1.24071 1.22248 1.13309 1.17612 1.17121 1.19266 1.20629 1.21421 1.21613 1.23496 1.23241 1.23814 1.14791 1.16267 1.17074 1.18734 1.1927 1.15441 1.14145 1.18003 1.16487 1.18688
20211223 1.07382 1.08011 1.06765 1.1247 1.13481 1.12735 1.14732 1.14884 1.17604 1.18982 1.21185 1.20316 1.0708 1.13723 1.15257 1.17224 1.19056 1.20458 1.20242 1.20739 1.22618 1.19119 1.1268 1.14876 1.15339 1.18166 1.14396 1.1426 1.15556 1.15735 1.16591 1.19131
20211224 1.07227 1.07158 1.0638 1.06995 1.13017 1.14341 1.13474 1.15684 1.14174 1.17587 1.17008 1.19595 1.07541 1.11082 1.13918 1.16355 1.14958 1.20381 1.22626 1.22158 1.22658 1.22851 1.11864 1.14162 1.17366 1.14732 1.12691 1.14917 1.16612 1.15566 1.17277 1.19587
20211225 1.07924 1.07449 1.06055 1.07186 1.07051 1.12758 1.13962 1.13197 1.14211 1.15142 1.16407 1.17749 1.09682 1.12308 1.12821 1.13749 1.17283 1.13831 1.19874 1.22414 1.23722 1.20983 1.11717 1.14986 1.1383 1.1384 1.14305 1.16267 1.15256 1.16131 1.16424 1.18551
20211226 1.05827 1.05737 1.04667 1.05313 1.05847 1.04665 1.09976 1.10135 1.09125 1.14038 1.13111 1.11887 1.07653 1.12243 1.1159 1.11859 1.13939 1.17653 1.14624 1.18715 1.19516 1.20485 1.10236 1.10559 1.09818 1.11541 1.13755 1.13237 1.15853 1.13533 1.17585 1.16778
20211227 1.10427 1.11234 1.09776 1.104 1.11092 1.10725 1.12084 1.14457 1.17623 1.18673 1.18151 1.17103 1.0821 1.11727 1.14951 1.13814 1.13899 1.16109 1.17938 1.16212 1.1924 1.19815 1.10661 1.11457 1.12809 1.13073 1.13563 1.18702 1.16649 1.20121 1.17418 1.18663
20211228 1.09514 1.11014 1.08628 1.10194 1.11929 1.12382 1.12468 1.13775 1.18562 1.21161 1.16709 1.22137 1.13598 1.13631 1.14799 1.17492 1.1699 1.14384 1.1574 1.1826 1.18089 1.21423 1.11124 1.13878 1.13528 1.14121 1.19361 1.202 1.21244 1.19124 1.22021 1.23331
20211229 1.06506 1.07057 1.09128 1.1065 1.12101 1.12693 1.13853 1.11829 1.1282 1.19381 1.20849 1.1683 1.0904 1.13684 1.14995 1.15778 1.17694 1.15403 1.13623 1.14331 1.16693 1.16705 1.10644 1.12407 1.12857 1.17132 1.19204 1.1914 1.17746 1.21493 1.22165 1.21311
20211230 1.08483 1.08516 1.07312 1.11488 1.14405 1.15841 1.16599 1.16646 1.15591 1.16691 1.20379 1.22704 1.1009 1.1315 1.16008 1.16781 1.16661 1.18825 1.17079 1.15407 1.16709 1.18351 1.10246 1.14383 1.18607 1.18243 1.16641 1.16702 1.19328 1.19711 1.1995 1.18643
20211231 1.08328 1.08012 1.07186 1.09342 1.12475 1.13675 1.14855 1.17328 1.14348 1.17328 1.19145 1.20182 1.10803 1.1374 1.15738 1.18081 1.16526 1.16288 1.19053 1.17479 1.17804 1.182 1.13317 1.2062 1.19765 1.16786 1.17022 1.1881 1.19591 1.1927 1.1998 1.21358
