20201112 0.0565357 0.0522565 -0.059585 -0.0511838 -0.0572593 -0.0417838 -0.0346726 -0.0388162 -0.0469908 -0.0273706 -0.0346451 -0.105633 -0.0786551 0.00430741 0.00120033 -0.0161685 -0.0432048 -0.0277224 -0.0743449 -0.00934138 0.0255751 0.00148487 -0.0512089 0.00378646 -0.0184886 0.0322797 0.00602662 0.0301479 0.00514164 -0.00638576 -0.0185879 -0.00227154
20201113 0.0354415 0.0521216 -0.0483624 -0.0251658 -0.0739864 -0.0215143 -0.0220625 -0.0585711 -0.0505858 -0.0354473 -0.0168034 0.0452758 -0.0617136 -0.109347 -0.0383305 -0.00877656 -0.00881096 -0.0606268 -0.0387481 -0.0566787 0.0416849 0.0227011 0.0107451 0.00113744 0.065833 0.0331405 0.0242884 0.000269633 -0.0279751 0.00942455 -0.0200417 0.00258231
20201114 -0.0215158 -0.0179681 -0.00606096 -0.0265493 0.00877514 -0.0208143 -0.0260922 0.0129185 0.0400241 -0.0214883 0.0331425 0.0222958 -0.0307438 -0.0341238 -0.0343568 0.0191987 0.00805566 0.018794 -0.00140903 0.0240013 0.0456283 0.0266462 0.0366356 0.0696596 0.0361552 -0.00282978 0.0297562 0.0255249 0.0396071 0.0200931 0.00290729 0.0559501
20201115 -0.0331032 -0.0208486 0.0264484 0.0130863 0.00490717 0.00583798 0.00858818 -0.0219081 0.000916785 0.0346196 0.0261132 0.0471028 0.0102569 -0.0147133 -0.0206371 -0.0172444 0.0424455 0.00484476 0.0192241 0.0310292 0.0436433 0.0171998 0.0475471 0.0584159 0.0293865 0.00950117 0.0422433 0.00653082 0.0534435 0.0455784 0.0336133 0.0399914
20201116 -0.00644318 -0.00930313 0.0169318 -0.00220939 -0.0085065 -0.0106688 0.0139289 0.0146313 0.0370527 0.0326636 0.0422807 -0.00884288 0.0396136 0.029055 -0.00059349 -0.0408309 -0.00988367 0.0434923 0.0230463 0.0580602 0.0418186 0.0473619 0.0610904 0.00145429 -0.0371657 0.011795 -0.00493185 0.0123424 0.0347524 0.0405209 0.0374126 0.074517
20201117 -0.0208988 0.000214036 -0.0058945 -0.017846 -0.0123747 -0.0194204 0.0137947 0.0171518 -0.0364294 -0.0285972 -0.00737899 0.0396139 0.0276461 0.0589848 0.0516813 0.00616172 -0.0399964 0.020362 0.025453 0.0621291 0.0619054 0.0362288 0.0232231 -0.00217513 0.0161652 0.00434128 0.0212212 0.0129852 0.039786 0.0465534 0.0785431 0.0110666
20201118 -0.0157755 -0.0179293 0.0335944 0.0433454 0.0293914 0.0369964 0.0239426 0.0298067 0.0350406 -0.00557505 0.0540393 0.0721327 0.00882243 0.0223909 0.0066711 0.0255465 -0.0339215 -0.0352006 0.0161898 0.0403573 0.052967 0.0559707 0.036735 0.0231276 -0.0167171 -0.0278032 0.0110206 -0.0107654 -0.00634614 -0.00527128 -0.010411 0.0297567
20201119 -0.0296721 -0.0340717 0.036208 0.0193226 0.0320885 0.0296847 0.0574418 0.00335275 0.0213342 0.0537895 -0.00352786 0.059739 0.00154543 0.0719015 0.00127884 -0.00773263 0.0144465 -0.0410536 0.0436073 0.0273779 0.0442029 0.0450349 0.012759 0.052665 0.00199891 -0.00420947 0.0124795 -0.0586776 0.0113942 0.0112709 0.0255152 0.0350094
20201120 0.0162207 -0.000500262 -0.00944 -0.00521568 0.0112619 0.032691 0.0263287 0.0251378 0.0139598 0.0367418 0.0418437 0.0131483 -0.0240697 0.0186819 0.0386682 -0.00432854 -0.0198062 0.00485901 -0.0367768 0.00571502 0.0134639 -0.00768779 0.0270759 0.00496005 0.0292438 0.0152611 -0.0547161 0.0343316 0.00779855 0.0306932 0.0644235 -0.00805011
20201121 -0.00589865 0.00495002 0.00655281 0.0121053 0.00901605 0.061026 0.0269543 0.0521032 0.0285432 0.0437174 0.0365638 0.059851 -0.0249208 -0.00280169 0.0135284 0.0156774 0.0157335 -0.0227954 -0.0129859 -0.0318516 -0.0215457 0.0418766 0.0377325 0.0806401 0.0650999 -0.0153387 0.0610657 -0.0196394 0.0431765 0.0432447 0.00226163 0.0295338
20201122 -0.0092173 -0.0123639 -0.00414447 0.00555043 0.00951132 -0.00476279 -0.0102136 -0.0110713 -0.0283348 -0.0360057 0.0781068 0.0503306 0.0524707 -0.0137658 -0.0107305 0.00358035 0.0236688 0.00318312 0.0121236 0.00184227 -0.0235773 -0.0239686 0.0396521 0.0648533 -0.0368055 0.0455311 0.0440774 0.0424388 0.0172266 0.00360632 0.0480989 0.0180197
20201123 -0.0355374 -0.0422366 0.0344561 0.020586 0.0250111 -0.00511563 0.0299859 0.0160299 0.0409498 0.0192203 0.0174369 -0.013699 0.0242666 0.0101812 0.0153603 0.0125987 0.0137049 0.0565378 0.0331224 0.00886234 -0.00929577 -0.018873 0.0525467 -0.0153474 0.0522762 0.0233419 0.0567399 0.037436 0.0109494 0.0194435 0.0437096 0.102255
20201124 -0.0405073 -0.022682 0.0148616 0.0289195 0.0262029 0.0308767 0.0148527 -0.00932441 -0.0134287 0.0149124 -0.00925106 -0.0360928 0.0348137 -0.0353089 -0.0409081 -0.0331487 -0.0464935 -0.00407065 0.0341453 0.0423866 0.0176302 -0.0201056 -0.0161226 0.0334451 0.0140988 0.0504723 0.034591 0.018576 0.0591055 0.0249462 0.0657859 0.0427814
20201125 0.05741 0.0583678 -0.0411499 -0.0583837 -0.0237898 -0.0230048 0.00956162 -0.0218284 -0.00634225 0.0186364 0.0128557 0.0479414 0.0439272 -0.0347471 -0.0673976 -0.0123427 -0.0997207 -0.0508097 -0.0015754 -0.0131847 0.026028 -0.0289616 0.0167039 0.0172654 0.0325421 0.0536038 0.00726195 0.0279889 0.0236936 0.0586464 0.0896791 -0.0403652
20201126 0.0356759 0.0401997 -0.0112594 -0.033224 -0.0338743 -0.0213885 -0.011534 -0.00817946 -0.038133 -0.0311801 -0.00114036 -0.000776273 -0.0246867 0.0312716 -0.0261697 -0.0298067 0.0241217 -0.0257338 -0.0139129 -0.0184867 0.0225033 -0.0278025 0.0120581 -0.00960883 0.0465847 0.0204642 -0.00858762 0.0325149 0.0590331 0.0808311 0.0293481 0.0328836
20201127 -0.00489677 0.0248864 -0.02575 -0.0185944 0.00978946 0.00318614 -0.0260551 0.0533006 0.052624 0.0596168 0.0526606 0.081757 0.015327 0.0130876 0.0489515 -0.00406446 0.03215 0.0871525 0.00884116 -0.00872821 -0.00318936 0.00566099 0.0329726 0.0415277 0.0716762 0.039676 0.0400333 0.081076 0.039909 0.00236205 0.0521342 0.0622085
20201128 -0.0291634 -0.00567999 0.0058984 0.014589 0.00287158 -0.0226427 -0.0481175 -0.0421129 -0.00423703 0.0363965 0.0551149 0.0287661 -0.00427516 0.0349907 -0.0172472 0.0191202 -0.015557 0.0309151 0.0501282 0.0260958 0.024858 0.0126375 0.0337194 0.0870278 0.0219088 0.00854065 0.077499 0.046686 -0.00490262 0.03722 0.0643452 0.0421336
20201129 -0.0440903 -0.0341341 0.0424935 0.0467921 0.024805 0.0278224 0.0380166 -0.0152237 0.0233895 0.0193089 0.0840772 0.0216554 0.0432016 0.0572869 0.0196434 -0.0129675 0.0151354 0.00612844 0.0154452 0.00804473 -0.00127497 0.011942 0.0125533 0.0282541 -0.00346907 0.0639351 0.0592541 0.00514763 0.0436372 0.0564726 0.0579511 0.0321831
20201130 0.0222038 0.0408228 -0.0464058 -0.0426595 -0.0462539 -0.009397 -0.00998819 -0.0124528 -0.00761585 0.0138268 -0.0140099 0.0607485 -0.0141717 0.00379988 0.0237718 -0.0213889 -0.00498487 0.0133373 -0.0141433 -0.0137068 0.0162097 -6.86915e-06 -0.011407 -0.0172834 0.0379874 0.015586 -0.0325689 0.0164175 0.0155182 0.0605663 0.0596161 0.00435773
20201201 0.0386611 0.0379012 -0.0520774 -0.0383501 -0.0420473 -0.0311024 -0.0158396 -0.0181137 -0.0327461 -0.0160761 -0.00575322 -0.00401793 -0.0195791 -0.015873 -0.0141314 -0.000192446 -0.0114772 0.0487399 0.00923585 -0.0169284 0.00402046 -0.000398207 -0.0025737 0.00635709 0.00727606 -0.0278219 -0.0216737 0.0229207 0.037042 0.0618061 0.0136968 -0.00123991
20201202 0.0144886 0.0155056 -0.0283466 -0.018878 -0.0457497 -0.0363977 -0.0213549 -0.026964 -0.0734881 -0.0316063 -0.0350556 0.00532628 -0.0188973 -0.00551087 -0.0308115 0.0259252 0.0111517 0.0173751 0.00613652 -0.00889351 -0.0127213 0.00447438 -0.0288074 0.0172487 -0.0119474 0.00624285 0.0468519 0.0127805 0.0494761 0.00854719 0.033266 0.0438484
20201203 0.00987087 0.0111956 -0.0138708 -0.0458486 -0.0251091 0.00408113 -0.033023 -0.0463068 -0.0603089 -0.0618953 -0.0304502 -0.0523692 -0.0158526 0.00244136 0.00869348 -0.00781073 0.025838 0.0294427 0.0574475 0.0220302 -0.00600873 0.0398251 0.0191539 -0.0120747 0.00221051 0.0180367 0.0233925 0.0333277 -0.0424773 -0.0354836 -0.00705021 0.00282125
20201204 -0.0313203 -0.0110535 0.00559375 0.0234805 0.00396723 0.0309166 0.0588558 0.0395456 0.0616702 0.0635783 0.00775879 -0.00638065 0.00495547 -0.00549015 0.0123841 0.00512658 -0.0103465 0.0215514 0.00635542 -0.00253046 -0.00937782 0.000854545 0.0113143 0.00630865 -0.0211672 0.0236607 0.0569307 -0.00441444 0.0160725 -0.0278137 0.0278206 -0.00525704
20201205 -0.012219 -0.0103819 0.00691762 0.000268044 9.03113e-05 0.0346078 0.0562733 0.0357302 -0.0211021 0.0181925 0.0045501 -0.0132036 -0.0113438 -0.0188615 -0.0305902 -0.00559759 -0.0130226 -0.0223036 -0.0135005 -0.0152171 -0.0296555 -0.0397016 0.00224374 -0.0574975 0.0319207 0.0613699 0.0281884 0.0443604 0.00958387 0.0454973 -0.0074709 0.049019
20201206 0.0203345 0.00347294 -0.0162331 -0.0232658 -0.0083079 0.0102842 -0.00220014 0.0110177 0.000113678 0.0139802 0.0284515 0.015915 1.13951e-05 -0.0674663 -0.0269101 -0.0228235 -0.04576 -0.0227122 -0.0225731 0.00645502 -0.0251833 -0.0281467 -0.0933338 0.020963 0.0596652 0.0325418 0.0071816 0.042892 -0.000440823 -0.0616594 -0.0420657 -0.0209782
20201207 0.0208316 0.00763347 -0.0103408 -0.0414287 -0.0407503 -0.0404255 -0.0201656 -0.0507364 -0.019522 0.00299183 0.00671932 -0.0129405 -0.00485356 0.0421087 0.00175235 0.0138113 -0.0170249 -0.0232079 0.0179777 0.00523999 0.0232218 -0.0276821 0.00825393 0.0675369 0.0194819 0.0498536 0.0180982 0.00605402 -0.039069 -0.0673573 -0.0590974 -0.0125831
20201208 0.03856 0.0113208 -0.00636056 0.00153278 -0.0226629 -0.0259378 -0.0200003 -0.0167789 -0.0438399 -0.00718484 0.00641694 -0.00202211 -0.0978491 -0.0352955 -0.0100748 -0.0228728 -0.0339692 -0.0573806 -0.045931 -0.0505174 -0.101605 -0.0866713 -0.0211504 -0.0805232 -0.00147449 -0.0727174 -0.0521911 -0.0662779 -0.0702642 -0.0932982 -0.0735161 -0.0356784
20201209 -0.00187609 0.00585672 0.0309371 0.0317843 0.00459787 -0.010521 -0.0356441 -0.0162075 -0.012371 0.0524564 0.0345704 -0.00356225 -0.0361544 -0.0920499 -0.0448353 -0.0365116 -0.0391979 -0.0412167 -0.0765666 -0.0823779 -0.0968951 -0.0802785 -0.128392 -0.0321939 -0.0578496 -0.0980549 -0.0512799 -0.0317051 -0.0569452 -0.112981 -0.0566683 -0.0260244
20201210 0.0850202 0.0787871 -0.0546592 -0.0364657 -0.0575177 -0.0562146 -0.060801 -0.0202202 0.00880834 -0.0144106 -0.0211709 0.00657585 0.0186282 -0.0263232 -0.0833583 -0.063783 -0.0878356 -0.0934822 -0.0745537 -0.102891 -0.0971128 -0.0997399 -0.0515858 -0.0676914 -0.0863203 -0.12556 -0.0703668 -0.0407425 -0.0873218 -0.0401838 -0.0345195 -0.0220648
20201211 0.0800536 0.049657 -0.0528866 -0.0516359 -0.0723295 -0.0761748 -0.0549265 -0.0404158 -0.059749 -0.035719 -0.0370891 0.00948012 -0.0201002 0.0263054 -0.0575158 -0.104049 -0.0983015 -0.128196 -0.097932 -0.099336 -0.0987282 -0.0964292 -0.0826879 -0.0455242 -0.0799714 -0.0299294 0.011466 -0.0370346 -0.0151481 -0.0433714 -0.0115189 0.00903565
20201212 0.035562 0.0196159 -0.0309953 -0.0475166 -0.0436959 -0.0509457 -0.0140875 -0.04538 -0.0301386 -0.00596591 -0.0183576 -0.0152609 -0.0310245 -0.03513 0.0211926 -0.0815538 -0.0633041 -0.0790115 -0.0879125 -0.0440823 -0.0959926 -0.0761348 -0.0195597 -0.0532665 -0.0451558 -0.0235503 -0.024677 -0.0531019 -0.0508623 0.00416366 -0.00197518 0.028235
20201213 -0.00441541 -0.00366718 -0.00656453 -0.00901541 -0.00380346 -0.0207499 0.00893005 -0.011354 -0.0419757 -0.0501541 0.0479079 0.0026239 0.0108999 0.0324651 -0.0166908 0.00902353 -0.00914476 -0.00606747 -0.0157538 -0.0188044 0.0176852 0.000715201 0.0344632 0.00742364 0.0308184 -0.0215884 0.00891805 -0.00370027 0.0388416 0.0590085 0.0239128 0.0601203
20201214 0.0111258 0.0122529 0.00140577 -0.0018944 -0.0324428 -0.0105096 -0.00349911 -0.00666498 -0.00254072 -0.0064827 -0.0301565 0.0226583 -0.00860533 -0.0352426 -0.0728242 -0.0713386 -0.0751322 -0.04288 -0.0942353 -0.104193 -0.0383863 -0.017977 -0.0188213 -0.00221166 -0.0230255 -0.022967 -0.0522595 0.0139067 0.039435 -0.0212149 0.00898946 -0.03768
20201215 -0.00772804 -0.0194576 0.0130009 0.0254812 0.0202889 0.000236175 0.0157645 0.00862411 0.00200751 -0.0103101 0.0240791 0.00468432 -0.00601925 -0.0262086 -0.0221984 -0.0614393 -0.0547824 -0.0300607 -0.0600131 -0.0796659 -0.0721086 -0.0574151 -0.0301201 -0.0549003 -0.0261394 -0.0238903 -0.0030172 -0.00298234 -0.013323 -0.0167792 -0.0075582 0.0122843
20201216 0.0573081 0.0542309 -0.0548332 -0.0487758 -0.0709778 -0.0730778 -0.0642956 -0.0478331 -0.0233348 -0.0742084 -0.00774363 0.000631515 -0.0202359 -0.00660385 -0.0360797 0.0017649 -0.0449983 -0.079873 -0.096605 -0.0970228 -0.10432 -0.0568571 -0.0662963 -0.0454855 -0.0612686 -0.0479277 -0.106788 -0.0304545 -0.040466 -0.0269143 -0.00462289 0.00423236
20201217 0.0462267 0.0624214 -0.0682685 -0.0694486 -0.0706138 -0.0500865 -0.0639467 -0.0595827 -0.0345693 -0.0438135 -0.0749964 -0.010389 -0.0154298 0.0174358 -0.000474742 -0.0108856 0.00943637 -0.0327459 -0.039027 -0.0684143 -0.0607275 -0.071393 -0.016256 0.013847 0.00501714 0.00841666 0.00425121 0.0333255 0.0528722 0.0737488 0.0113173 0.0890082
20201218 -0.0205787 -0.00919034 0.00802205 0.0143139 -0.0302071 -0.0473039 -0.0308898 -0.0240716 -0.0420825 -0.0363792 -0.0380286 -0.0659874 -0.0144363 0.00816662 -0.0159901 -0.0392454 -0.0541662 0.0106086 0.00140663 -0.0399634 -0.0556364 -0.0658449 0.0226092 0.0190452 0.0314675 0.0164315 -0.00406888 0.0493148 0.0902658 -0.0058616 0.0877681 0.0447295
20201219 -0.00139827 -0.00354139 0.00122857 -0.00226131 -0.00107931 0.00282863 -0.00432377 0.00751228 -0.0306998 -0.00759025 -0.00990173 -0.00175593 -0.0258317 -0.0345786 -0.0151174 -0.0324408 -0.0713889 -0.067238 -0.0252858 -0.0538235 -0.078154 -0.048753 -0.0086592 0.0157839 -0.00606063 -0.0228141 0.00571645 0.0512318 0.000477012 0.0563002 0.0203242 0.00288471
20201220 0.0421579 0.0145095 -0.0232534 -0.00987651 0.00377276 -0.0131617 0.000578534 0.00715799 0.00625583 -0.0455234 0.0173783 -0.025827 -0.0134283 -0.0277402 -0.0312237 -0.0488512 -0.0442826 -0.082139 -0.0735117 -0.0925305 -0.0630218 -0.0767803 -0.0339386 0.000647061 -0.0117791 -0.0185042 0.0470323 -0.00712833 0.0115888 -0.0155926 -0.0223349 -0.0257287
20201221 0.0337922 0.0264657 -0.0322856 -0.0171322 -0.0386842 -0.0473037 -0.00307531 -0.0234184 -0.025249 -0.023673 -0.0575594 0.0166764 0.0367529 0.0160533 0.00944557 0.0126964 -0.00706537 0.00856201 -0.0285663 -0.0666738 -0.0398125 -0.0372474 -0.029496 0.0161109 -0.0140635 0.0318474 -0.00918456 -0.0112687 -0.0573445 -0.0282728 -0.00656325 0.00306342
20201222 0.015918 -0.00121537 0.00164505 -0.0245424 -0.0131967 -0.000913121 -0.0113227 0.0146848 -0.0402646 -0.0358149 0.00316393 0.0350093 0.0286418 0.0668724 -0.0109358 0.0201547 -0.0120509 -0.0113535 0.00898881 -0.0333673 -0.0870855 -0.0235529 -0.00812334 0.0228735 0.0493019 0.0118832 0.0308183 -0.00847806 0.0114596 0.0455319 0.0156649 0.0437941
20201223 0.021424 0.0176327 -0.00949774 -0.0170177 -0.0152928 -0.0215208 -0.0247631 0.0128431 -0.00513612 0.0802628 0.037877 0.0641123 0.0336086 0.0733053 0.0890731 -0.0115298 -0.0218755 0.00469721 0.0165904 0.0122826 -0.00421805 -0.0280101 -0.031966 0.0433727 0.0339143 0.057427 0.0119245 0.0216348 0.0551523 0.00408479 0.0409351 0.00323257
20201224 0.0137293 0.0124215 -0.0105488 -0.0369809 -0.022877 -0.0146673 -0.0197527 -0.00214983 -0.0395303 0.0222571 0.0309284 0.0228235 0.0159764 0.0346068 0.0393913 0.0639631 0.038155 0.0180179 0.0345168 0.0548905 0.0619441 0.0195887 0.0133347 0.00626129 0.0851645 0.0345849 0.0527441 0.0598707 0.0538219 0.0394268 0.00978954 0.0108943
20201225 -0.00977827 -0.00255468 0.00598287 0.00673461 0.0131543 -0.013779 -0.000922468 0.00837671 0.0322171 0.0193753 0.0219346 -0.016755 0.0589004 0.0845613 0.0624751 0.0599728 0.0790522 0.0614722 0.0997506 0.0859816 0.0458845 0.0632277 0.0556413 0.0856143 0.0426565 0.0349933 0.0492872 0.0777659 0.0718031 0.043642 0.0363616 0.0242263
20201226 -0.0390425 -0.00397657 0.0148132 0.0180011 0.0393424 0.0078707 0.0226198 0.0149182 -0.00731104 0.00147236 0.0189482 0.0021426 -0.00972636 0.0715046 0.0536893 0.0244317 0.0432482 0.0643783 0.0294425 0.0469253 0.073891 0.0284215 0.0131575 0.0249451 0.0288697 -0.00729636 0.0440786 0.0263153 0.0354156 0.0362917 0.00102979 0.0220431
20201227 0.0243752 0.0430183 -0.0512789 -0.0286366 -0.0294566 -0.0385863 -0.0249109 -0.0413387 -0.0404301 -0.0281422 -0.00093588 0.0223463 0.0148886 -0.0138662 0.0187561 -0.0210523 -0.0193412 -9.69251e-05 0.0110359 -0.0234277 0.00232158 0.0220972 -0.0216271 0.00335365 -0.0405466 -0.0401512 -0.0292353 0.00567564 -0.0125998 -0.0321651 -0.0458774 -0.0487108
20201228 0.0441139 0.0503466 -0.0449794 -0.0224252 -0.0215858 -0.0231165 -0.0148831 -0.000996052 -0.0110088 0.0249704 0.0406841 0.0198049 -0.0137967 0.012437 -0.0109034 -0.0252286 -0.00786084 -0.00731646 -0.0162888 0.0206113 -0.0372531 0.0130749 -0.00334659 0.0121058 -0.0208053 -0.0423063 -0.0402911 -0.0339269 -0.0416129 -0.089144 -0.0555626 -0.035143
20201229 0.0210052 0.0119532 -0.00434833 -0.00512373 -0.0177457 -0.00586244 0.0149469 0.00440944 0.0103016 0.0316305 0.00366366 0.0342047 -0.0592304 -0.0282964 -0.0710444 -0.0503305 0.0245963 -0.0367321 -0.022529 -0.0114097 0.00872938 -0.0173659 -0.00809847 -0.0274318 -0.034507 -0.0535867 -0.0229309 -0.0195277 -0.0712858 -0.0148818 -0.0375973 -0.0104787
20201230 -0.00913006 -0.00946144 0.0352681 0.0336876 0.0531226 0.0372319 0.0406627 0.0498032 0.0449649 0.0662892 0.0279468 0.0201737 -0.0106027 -0.0643631 0.00209973 -0.102169 -0.0625946 0.00555329 -0.0623466 -0.00978341 0.0266148 -0.0084024 -0.0200499 -0.0241686 -0.0572048 -0.0241893 -0.0435572 -0.0627323 -0.0526468 -0.0638168 -0.0327281 -0.0593661
20201231 0.0417011 0.031858 -0.00616676 0.00436353 0.0508756 0.0513367 0.0317821 0.0342108 0.0662472 0.0759606 0.0306963 0.0522649 0.0451581 -0.00925289 -0.0271352 -0.0168655 -0.0289754 0.00537343 -0.0100147 -0.0756002 0.00352262 0.00594877 -0.0430648 -0.00487967 -0.0130055 0.00132701 -0.0322052 -0.0136454 -0.0481815 0.0105645 -0.0483701 -0.0288808
20211116 0.0147551 0.0142733 -0.0134677 -0.00602334 -0.00443525 0.0541637 0.0471506 0.0317221 0.0363374 0.0166772 0.0361864 0.0901265 -0.0152586 0.00311908 0.00484954 -0.056598 -0.0126205 -0.0158814 -0.0496959 0.0330914 -0.0243422 -0.0321102 0.0331622 -0.0159479 0.0231344 -0.00286882 0.0274648 0.0192291 0.042016 0.053209 0.0302038 0.0263712
20211117 -0.0324341 -0.0359954 0.0129899 0.00393198 0.0132296 0.0199559 0.0283546 -0.014887 -0.00821716 0.0584389 0.0440925 0.0567775 -0.0235194 -0.0309454 -0.0423604 -0.0158385 -0.06274 -0.039483 -0.0184894 -0.0380232 -0.0197413 -0.000500534 0.0336887 0.0646082 0.0275037 0.0159379 0.0227591 0.0392251 0.031238 -0.0239554 0.00767933 -0.0192052
20211118 0.0225828 0.0372304 -0.023999 -0.0159171 -0.0311182 0.0229069 0.0149587 0.05594 -0.00538878 -0.0457327 0.0254945 -0.0580146 -0.00849402 -0.0273709 -0.0425053 -0.0298657 0.015112 -0.0310929 -0.0379194 -0.0338189 -0.0659894 0.00427689 -0.00579777 0.0221629 0.0102207 -0.0824171 -0.0445261 -0.0258034 -0.0227293 0.00353471 0.00877888 0.00224969
20211119 0.0176714 0.0349771 -0.0310867 -0.0397651 -0.0444519 -0.0606381 -0.0712577 -0.023893 -0.013771 -0.000902602 -0.00362554 0.0520737 0.00592191 0.026876 -0.0223893 -0.0400811 -0.00816586 -0.0225662 -0.0606458 -0.0619798 -0.0474259 -0.0551493 -0.0289813 0.017844 -0.0107526 -0.101707 -0.120427 -0.0692085 -0.0580364 -0.0313827 -0.0306413 -0.0320414
20211120 0.0708696 0.0574273 -0.0504214 -0.0341236 -0.0443361 -0.0768939 -0.0552783 -0.0225917 -0.0362409 -0.0490211 -0.0493345 -0.00205086 0.0324325 0.0407054 -0.0120508 0.00198598 -0.0426164 -0.0762699 -0.0407828 -0.0300001 -0.0610453 -0.0898273 0.0222055 -0.00939128 -0.0926502 -0.0929046 -0.0971481 -0.0683072 -0.083589 -0.0722282 -0.0519482 -0.0426093
20211121 -0.0133209 -0.00590311 0.00674267 0.011356 0.0218609 0.00956459 0.0230946 0.0211651 0.000244717 -0.0136397 0.0158747 -0.0235754 -0.0023319 0.0414401 0.0284319 -0.0270045 4.04057e-05 -0.0193181 -0.0243237 0.0329144 -0.0358175 -0.0529376 0.036701 0.0334045 -0.0220923 -0.0401933 -0.0173684 -0.0306766 -0.0396383 -0.0410369 0.0225121 -0.00449768
20211122 -0.0678508 -0.0665948 0.0686938 0.0475408 0.0495802 0.057464 0.0236779 0.0418954 0.0294201 0.0506926 -0.0132608 -0.00432973 0.0674394 0.0234957 0.0295176 0.0699058 0.0203808 0.03444 0.00613758 0.0444091 0.0517554 0.00397633 0.0314175 0.00640159 -0.0089062 0.0292995 0.0360153 0.057538 0.014189 0.0274064 0.0523328 0.115286
20211123 -0.00550475 0.0112316 -0.0145213 -0.0261227 -0.0336409 -0.0126334 -0.0245775 -0.0115913 -0.0251927 -0.0395973 -0.0481112 -0.0811288 0.00924272 0.0516632 -0.0288725 -0.0198017 0.0635971 0.0229508 0.0393284 0.0449441 0.0366993 0.0230662 -0.0213811 -0.032485 -0.0327598 0.0174634 0.039198 0.00191954 -0.0193155 0.0138113 0.0415885 0.0831999
20211124 0.0149708 0.0474275 -0.0345481 -0.0470497 -0.0415402 -0.00739076 -0.0659642 -0.0303396 -0.0822792 -0.101454 -0.0662515 -0.0198589 -0.0302138 0.0122167 0.00989091 -0.0105421 0.0426135 0.0814603 0.00560454 0.0452998 0.0511347 0.0500892 -0.0245425 -0.0177139 0.00888401 0.00951177 -0.0213005 -0.0462367 -0.0374848 -0.0134854 0.0389736 -0.0211588
20211125 0.0442577 0.0137424 -0.0192352 -0.0247706 -0.00770347 -0.021484 0.00781732 -0.0279857 -0.00442505 -0.00980187 0.019228 -0.00848639 -0.0308792 -0.00216513 0.0274817 0.0497504 0.0445858 0.089816 0.0924329 0.0237939 0.0758241 0.0464661 0.00282841 0.0179451 -0.0135915 -0.0367473 -0.029125 0.000151808 0.00723304 0.0232656 0.0354421 0.0396261
20211126 -0.00477309 0.0194727 -0.0326739 -0.0262754 -0.00904288 -0.012096 -0.0287719 -0.0182283 -0.0387271 -0.00387203 -0.0674432 0.0119199 -0.0498877 -0.0520474 -0.057917 -0.000296431 0.0405755 0.0259998 0.0871248 0.0356787 0.0137735 0.0425461 -0.0497274 -0.0331671 -0.0484211 -0.0286417 -0.0228834 -0.0202511 0.0131042 -0.0398234 0.00132006 0.0280475
20211127 0.0710399 0.0931345 -0.0833842 -0.0823562 -0.100935 -0.077632 -0.0813514 -0.0787629 -0.0784094 -0.0815197 -0.0376799 -0.0808975 -0.0629164 -0.0580171 -0.0655309 -0.0428418 -0.0590978 -0.065063 -0.0166499 -0.00566706 -0.00960587 -0.0533235 -0.0552232 -0.0755154 -0.020867 -0.0220473 -0.0216622 -0.0262796 -0.0494056 -0.0698026 -0.0221709 -0.0470381
20211128 0.0410096 0.033806 -0.0385355 -0.0290584 -0.026057 -0.0430355 -0.0199447 -0.0256946 0.0110422 -0.0429792 -0.0782705 -0.0264634 -0.0359044 -0.0448648 -0.035942 0.00453936 0.0205036 0.028362 -0.0138114 0.0216708 0.026886 0.0331041 -0.0580686 -0.0231915 -0.0291309 -0.0124933 -0.00644142 0.0145552 -0.0386676 -0.0209797 -0.0250606 -0.00923315
20211129 0.0594372 0.0417914 -0.0464285 -0.0495261 -0.060537 -0.0496072 -0.0354993 -0.0287554 -0.0183703 -0.00529238 -0.00597811 -0.0396486 -0.0298825 -0.00396532 0.00688142 -0.00663959 -0.0181868 0.0565789 0.0394282 0.00830464 0.0318667 0.0413857 -0.00593993 -0.00329988 0.0189978 0.0588432 0.0530367 0.0128718 0.0155918 -0.00919112 0.00803713 0.064577
20211130 0.0529428 0.0301743 -0.0382935 -0.044765 -0.0606569 -0.0530864 -0.0338028 -0.0599652 -0.0764547 -0.0379103 -0.0919159 -0.0408027 -0.0317667 -0.0279681 -0.0527958 -0.0176475 -0.0489713 -0.015667 0.0705664 -0.011772 0.00801958 -0.012437 -0.0362674 -0.00722332 0.0109734 -0.00230079 -0.0573217 0.0367373 -0.0526475 -0.00510768 0.0198472 -0.000840468
20211201 0.0813275 0.084689 -0.0945299 -0.0960965 -0.1091 -0.087944 -0.0689059 -0.0621889 -0.106883 -0.0735615 -0.0544062 -0.0702081 -0.037788 -0.00643786 -0.0227348 -0.0438206 -0.00875125 -0.0424568 -0.0321149 0.0503258 0.0196456 -0.0125395 -0.0550511 -0.0104777 -0.0389767 -0.0537839 -0.0513738 -0.0733828 -0.0673118 -0.0555189 -0.0683764 -0.0231739
20211202 0.0798978 0.0794227 -0.0859902 -0.0615435 -0.0620571 -0.0762903 -0.070603 -0.0563207 -0.075809 -0.0311777 -0.0287458 -0.0371331 -0.0860443 -0.0580534 -0.00501979 -0.0315998 -0.0274111 0.0271852 -0.0619768 -0.0268916 0.0609242 0.020393 -0.0393715 -0.107192 -0.0878071 -0.0915378 -0.10235 -0.1042 -0.12888 -0.0922545 -0.0377173 -0.0151914
20211203 0.0457191 0.0513282 -0.0737595 -0.0813775 -0.0659934 -0.0601614 -0.0526178 -0.0683158 -0.0778694 -0.0622382 -0.0916491 -0.108717 -0.0696465 -0.0850984 -0.0720216 -0.000454988 -0.0337496 -0.0079977 0.0185522 -0.0763981 -0.0394784 0.0311559 -0.119431 -0.109567 -0.0435219 -0.0979755 -0.102431 -0.0702772 -0.0632606 0.0067945 0.045862 0.0378357
20211204 0.0427606 0.0590638 -0.0584316 -0.0417162 -0.0452308 -0.0657786 0.00312351 -0.0779433 -0.0732298 -0.0443359 -0.119796 0.0199765 -0.0175163 -0.0309292 -0.078622 -0.0404181 0.0331542 -0.0174326 -0.0159587 -0.017227 -0.0747082 -0.0860685 -0.018889 -0.0307741 -0.0723576 -0.100775 -0.0450042 -0.0399064 0.0103981 0.0608911 0.0751603 0.0199457
20211205 0.0273267 0.0285254 -0.0548019 -0.0509087 -0.0424023 -0.0531997 -0.0633969 -0.0316672 -0.0822748 -0.0762651 -0.00220875 -0.0601757 -0.0297057 0.0198952 -0.0023537 -0.0332913 -0.0104489 0.0295265 0.0145867 0.0138684 0.0225485 -0.0116049 -0.0288483 -0.0749498 -0.0577126 -0.041077 -0.0412347 -0.0269788 0.0220096 0.053641 -0.00174439 0.000380856
20211206 0.0217236 0.0556311 -0.0479223 -0.0211113 -0.0229162 -0.0405701 -0.0184684 -0.0157609 0.0237608 -0.0079332 -0.00766171 0.0323312 -0.0215375 -0.011512 -0.00595906 0.00561693 -0.00508704 -0.00749509 0.0418834 0.0319123 0.0112061 0.0195834 -0.0594312 -0.0598603 -0.0258402 -0.0411556 -0.0175147 -0.025161 0.00679154 -0.0121759 -0.0332363 0.000925611
20211207 0.0168475 0.0436417 -0.055654 -0.0293095 -0.0391896 -0.0675544 -0.064028 -0.0661858 -0.0395332 -0.0214527 -0.0115371 0.0424889 0.0116071 0.00894152 -0.0243819 -0.00113582 -0.0286058 -0.00495218 -0.0126315 0.0331784 0.0522832 0.0192135 -0.00262212 0.038128 0.0245814 0.0295116 0.0378428 0.0115877 0.00791194 0.0722622 0.075768 0.127025
20211208 0.0185906 0.0148998 -0.0477413 -0.0390485 -0.0119999 -0.031023 -0.0586004 -0.0647623 -0.064095 -0.019937 0.000662104 0.0656698 -0.0591778 -0.0395971 -0.0452478 -0.0128099 -0.0444869 -0.026573 -0.00923826 -0.0343976 -0.00150295 0.0235128 0.0175182 0.00485738 -0.0112021 0.0578797 0.0329513 -0.0157431 0.0397348 0.0229721 0.0599456 0.0703169
20211209 0.0222212 0.0258719 -0.00977123 -0.0243555 -0.0443063 -0.0124344 -0.0361556 -0.0599726 -0.0543818 -0.039232 -0.0249914 0.0162585 -0.0249958 -0.034692 -0.0351762 -0.0265965 -0.0114489 -0.0540979 -0.0299542 -0.0526442 -0.0552506 -0.01189 -0.0161342 -0.0291169 0.0395346 0.00919906 -0.0252867 -0.000867201 0.0192676 0.0499907 0.050485 0.00956601
20211210 0.0551234 0.0485037 -0.0450238 -0.0348676 -0.0327564 -0.062604 -0.0549837 -0.0025414 -0.0138964 -0.041378 -0.0479709 -0.0428137 -0.0427717 -0.0323376 -0.0695198 -0.054147 -0.0437479 0.0147803 -0.0563133 -0.0300045 -0.0528463 -0.0480609 -0.0700152 -0.0304424 -0.0237818 -0.0337506 -0.0514693 -0.0280294 0.0299738 0.0233226 -0.0101195 0.0331654
20211211 -0.00069131 0.018554 -0.0398817 -0.0483205 -0.0179074 -0.0375749 -0.0641537 -0.0291088 -0.00843324 -0.010039 0.0338497 -0.00728656 -0.0274142 -0.013135 0.000804381 -0.0570794 0.00550736 0.0295968 0.046713 -0.00272079 0.0318919 0.0148407 0.0410755 -0.04625 0.0086671 -0.00209765 -0.00705614 0.0587709 0.0619228 0.0295943 0.0274092 -0.0421609
20211212 -0.0339735 -0.0141983 -0.0137968 -0.00502608 0.0140291 0.00343192 -0.0502739 -0.0169678 -0.0518982 -0.0183702 0.000372508 -0.0215186 0.0131559 -0.0210412 -0.0484822 0.00700668 -0.0971664 -0.0163315 0.0149862 0.0289976 0.00408181 0.0217855 -0.0603103 0.00643985 0.0308412 0.0128818 0.109459 0.0159283 0.00795674 0.00103045 -0.0288836 -0.0460839
20211213 0.0398281 0.0474746 -0.0532506 -0.0736619 -0.0632476 -0.0682071 -0.0413941 0.0078021 -0.00138328 0.00552233 -0.0104084 -0.065987 0.0798761 0.0581792 0.0375311 -0.0105212 0.0255388 0.035694 0.0273713 0.109953 0.113356 0.0689043 -0.0263228 -0.0165431 0.0427317 0.0302943 0.0307993 0.00167397 0.0495038 0.0257979 0.0183355 0.00528852
20211214 0.034625 0.0372689 -0.0447995 -0.044969 -0.0311403 -0.0328514 0.008579 0.0222456 -0.00714531 0.0351649 0.0278428 0.0380957 -0.0332825 0.0992997 0.0520942 0.00476629 -0.0248278 0.005398 0.00753944 0.00842578 0.118145 0.126177 -0.02968 -0.00372958 0.025921 0.0492276 0.0510056 0.103445 0.0554798 0.0593049 0.0878995 0.0211756
20211215 0.049294 0.0414122 -0.0555105 -0.0752855 -0.0420576 -0.0602327 -0.0414866 0.00421521 -0.0156772 -0.0109316 0.0445707 0.0101345 -0.0575859 -0.0461658 0.0679939 -0.0226843 -0.00959174 -0.0802835 -0.0331179 -0.0525223 -0.036092 0.0481431 -0.0373105 0.0114934 0.0576688 0.0263519 0.0858164 0.0427226 0.0494678 0.0899782 0.0653239 0.0558641
20211216 0.0679589 0.0768218 -0.0872426 -0.0413726 -0.0428662 -0.0734805 -0.0463846 -0.0723996 -0.0874662 -0.0769881 -0.0330284 -0.0327752 -0.0303487 -0.0163507 -0.0552761 0.00225109 -0.0340571 -0.0147716 -0.0269125 -0.0323671 -0.0461894 -0.0480158 -0.0420369 -0.0260522 -0.0117235 0.0512385 0.00180983 0.0469964 0.102446 0.0662157 0.0695675 0.0513812
20211217 0.0885262 0.0719563 -0.0728094 -0.0817449 -0.0811886 -0.0685225 -0.0444456 -0.0802439 -0.0889261 -0.0892273 -0.034681 -0.0378879 -0.0605634 -0.0362964 0.0164759 -0.0286217 -0.013436 -0.0567839 -0.0207882 0.00164189 0.0155365 0.0102783 -0.075328 -0.0108588 -0.000222557 -0.0765692 -0.0764937 0.00846155 0.0268355 -0.00785251 -0.0300258 -0.0265711
20211218 0.0398839 0.0591477 -0.0371202 -0.0164254 -0.0237199 -0.0608388 -0.00230901 0.00614519 -0.0238518 -0.0149596 0.0411161 0.00103604 -0.0436288 -0.0217742 -0.061209 -0.0552029 -0.0442237 -0.0546572 -0.0477543 0.00586334 -0.0110395 -0.0444514 -0.0204285 -0.0232243 -0.0862492 -0.103123 -0.0363356 -0.00540567 -0.0795573 -0.0648629 -0.068084 -0.0738667
20211219 0.0440757 0.0466792 -0.0263142 -0.0436584 -0.0427468 0.0125374 -0.0287232 -0.0299798 -0.00742397 0.012593 -0.00973392 0.0307088 -0.0197604 -0.0394951 -0.0153671 -0.0425959 -0.0598063 -0.0709997 -0.0469033 0.00930021 0.0306983 -0.0125829 -0.0577702 -0.0810088 -0.084849 -0.0695006 -0.0105277 -0.0630466 -0.0444082 -0.0476542 -0.0840649 -0.0771732
20211220 0.0380235 0.0459613 -0.0458111 -0.0528061 -0.0687498 -0.0318367 -0.0734735 -0.0719133 -0.0620249 -0.0878253 -0.000762911 -0.0834063 -0.00536559 0.0157101 0.0261497 0.0288482 -0.010051 -0.0473125 -0.0839541 -0.026167 -0.0335255 0.00354855 -0.067033 -0.0304924 -0.0906193 -0.0383888 -0.0321983 0.0203341 -0.0298192 -0.0695501 -0.0499971 -0.00556132
20211221 0.0892172 0.062041 -0.105442 -0.103442 -0.11263 -0.115048 -0.070578 -0.0538453 -0.0797907 -0.0978493 -0.0279682 0.023407 -0.0441983 0.0126208 -0.00246973 0.049182 0.0649987 0.0513302 -0.00440963 -0.00807591 0.0134269 0.0492709 -0.0399784 -0.0670026 -0.0685691 -0.0397155 0.0135229 -0.0429644 -0.0486365 -0.0112594 0.0319642 0.00806158
20211222 0.0428226 0.04 -0.0182674 -0.0470952 -0.0359731 -0.0364431 -0.0125668 -0.0364406 -0.0280141 0.0158579 -0.0443993 -0.00302276 -0.0439698 -0.0427674 -0.02097 -0.0178245 0.0817497 0.0568382 0.0363324 0.030701 -0.0164394 0.0112335 -0.0770423 -0.0647244 -0.0597486 -0.0287093 -0.0256152 -0.0555064 -0.0502335 0.00746411 -0.00189287 0.0158575
20211223 0.00132493 -0.0093687 -0.000156598 -0.0095436 0.000529512 0.0151611 -0.0026732 -0.00635883 -0.0251554 0.0185466 0.0155275 0.00752226 0.0376034 0.0260221 -0.0192986 0.0524026 0.033941 0.0868867 0.0380709 0.0190137 -0.00825818 0.000248645 0.00897254 -0.0181463 -0.0411284 -0.0541587 -0.00230451 -0.0541827 -0.00689633 -0.0131646 0.0118964 -0.00481898
20211224 -0.0373913 -0.0340269 0.026205 0.0210924 0.0506037 0.0150852 0.042262 0.0473209 0.00242484 0.00204932 0.059976 0.0366324 0.0124127 0.0743913 0.0761176 0.0479433 0.0952284 0.0964189 0.0876757 0.0509615 0.0640949 0.0518192 0.0134372 0.0334529 0.0269649 0.0538523 -0.0287284 0.0526826 0.0272233 -0.0155802 0.0408298 0.0665807
20211225 0.0205109 0.0281605 -0.0205651 -0.0196552 -0.0317159 -0.0322947 0.0121545 0.0209964 0.0101358 -0.0268648 -0.00450701 0.00808734 -0.014487 -0.026222 0.042907 -0.019433 0.000191313 0.0148301 0.0351115 0.0402467 -0.00433928 -0.0060162 -0.00272593 0.00178625 0.00513554 -0.0161888 0.0129778 -0.003062 -0.0148583 0.0271759 0.00745821 0.0357024
20211226 -0.00602294 0.00649021 -0.0103391 -0.0239022 -0.00695849 -0.024424 -0.000644796 0.0164194 -0.00331508 0.0208648 -0.0291716 -0.024249 -0.0374688 -0.0123606 -0.00993349 0.0392717 -0.0213666 -0.0197367 -0.0193801 -0.00210224 0.0397047 0.00354567 0.0230989 0.00725538 0.0039528 -0.0159736 -0.0140429 -0.0105428 0.0234869 -0.000242687 0.0163984 0.0342213
20211227 -0.0215052 -0.0384685 0.0340227 0.00801926 0.0106378 0.0141813 0.0291012 0.0402669 -0.0167155 -0.00459288 -0.00875194 0.013071 -0.00361128 -0.0365555 -0.0442506 -0.0296243 0.0434346 0.0445101 0.0165852 0.0133284 0.0336919 0.0518147 -0.0268984 -0.00936956 -0.0107932 0.00411913 0.0041628 0.0179083 0.0279129 0.0405601 0.105918 0.0652089
20211228 -0.0150892 -0.00305039 0.00525557 0.0298248 0.0193284 0.0118414 0.0166101 0.0222514 0.0215203 -0.0223648 0.0607982 0.0208741 -0.00508588 0.00591074 -0.026673 -0.0586536 -0.0726535 -0.0062101 -0.000568977 -0.043075 0.0101597 0.0259062 0.0135134 -0.0031313 -0.00683272 0.0255495 0.0140952 0.0335789 0.02378 0.0672712 0.0672601 0.113154
20211229 -0.0119749 -0.00557447 0.0196967 0.0333783 0.0363383 0.0192342 0.0157281 0.0016546 0.00319364 0.0263718 0.000493645 0.012171 0.00067621 -0.0713388 -0.0691849 -0.0416025 -0.114925 -0.0667588 -0.0551118 -0.023884 -0.0594726 -0.0182019 0.00313072 0.0461326 0.00418242 0.0417026 0.0456647 0.0341232 0.0217856 0.0166529 0.0456038 0.0240853
20211230 -0.0116314 0.00802144 -0.00992186 0.0209465 0.0248987 0.00673038 0.0146459 -0.0115271 0.0235805 -0.0374049 -0.0172179 -0.0318851 0.030879 0.0124633 -0.0404026 -0.0136643 0.011496 -0.00531104 0.00256381 -0.0056834 0.0374275 0.0039354 0.0460066 0.0226811 0.0679394 0.0565242 0.0420804 0.065282 0.0198183 0.00453288 0.0269812 0.0496708
20211231 -0.0180667 -0.0196032 0.0123985 0.0113932 -0.00230878 -0.00526453 -0.0231184 0.00419587 -0.0523387 -0.0362855 -0.030594 0.00857103 -0.0334017 0.00407822 -0.0168892 -0.0455466 -0.0107961 -0.00139819 -0.0107031 -0.011932 0.0114836 0.0361645 0.00341793 -0.000876018 0.0178647 0.021356 0.0248304 0.0295883 0.0205701 0.0267494 0.0449558 -0.00569821
