20201112 0.0766179 0.0770247 -0.0773248 -0.0766112 -0.0761418 -0.0763917 -0.0756502 -0.0759179 -0.0733866 -0.0738116 -0.0749271 -0.071192 -0.0749782 -0.0760634 -0.0749825 -0.0725148 -0.0727167 -0.070783 -0.0684251 -0.0672346 -0.0666343 -0.0682131 -0.0744204 -0.0764369 -0.0754535 -0.0763793 -0.0793061 -0.076034 -0.0759381 -0.0769355 -0.0775145 -0.0760477
20201113 0.0745153 0.0759396 -0.0751927 -0.0737054 -0.074841 -0.0745324 -0.0744064 -0.0741337 -0.0730643 -0.0738493 -0.0760999 -0.0703398 -0.0769591 -0.075425 -0.0772057 -0.075711 -0.0736871 -0.0742604 -0.0731073 -0.0697635 -0.0689686 -0.0686709 -0.0768152 -0.0756527 -0.0765011 -0.0803081 -0.0778321 -0.0781689 -0.0781561 -0.0793665 -0.0787478 -0.0787706
20201114 0.0745069 0.075469 -0.074404 -0.0738099 -0.0721659 -0.0731104 -0.0741895 -0.0738474 -0.0711363 -0.0697838 -0.0727066 -0.0750361 -0.0719279 -0.0750481 -0.0731679 -0.0758074 -0.0744829 -0.0718482 -0.0730503 -0.0725566 -0.0689085 -0.0683362 -0.0731013 -0.0733225 -0.07829 -0.0762599 -0.0763704 -0.077162 -0.0783928 -0.0773732 -0.0774018 -0.0787589
20201115 0.0750959 0.0764504 -0.0758488 -0.0740272 -0.0738553 -0.0736553 -0.0745974 -0.0733875 -0.0734905 -0.0702077 -0.0706883 -0.0733659 -0.0755739 -0.0735163 -0.0764745 -0.0748354 -0.0776203 -0.0758875 -0.0740643 -0.0751665 -0.0740916 -0.0694823 -0.0742035 -0.0785527 -0.0771189 -0.0773561 -0.0787562 -0.0798953 -0.078512 -0.0789167 -0.0790411 -0.0752901
20201116 0.0778839 0.080493 -0.079447 -0.0781166 -0.0774321 -0.0763392 -0.0753892 -0.0760835 -0.0793762 -0.0775714 -0.0741966 -0.0766484 -0.0791635 -0.0803133 -0.0785839 -0.0814097 -0.0797924 -0.0823272 -0.0796181 -0.0775659 -0.0784502 -0.0785766 -0.0807591 -0.078737 -0.0782135 -0.0798979 -0.081642 -0.0803436 -0.0813422 -0.0812247 -0.0775263 -0.080734
20201117 0.0830906 0.0844256 -0.0830369 -0.0827431 -0.0815559 -0.0804865 -0.0813074 -0.0760548 -0.0781984 -0.073317 -0.0780903 -0.0751698 -0.0803558 -0.0813962 -0.0814254 -0.0799904 -0.0831006 -0.0817513 -0.0848787 -0.082447 -0.0795061 -0.0799016 -0.0811542 -0.080015 -0.0818462 -0.0825133 -0.0820071 -0.0827489 -0.0809466 -0.0769197 -0.0797234 -0.0813621
20201118 0.0783095 0.0785081 -0.07705 -0.075841 -0.0753617 -0.0743306 -0.0742809 -0.0746083 -0.0722523 -0.0747653 -0.0722024 -0.0761842 -0.0796756 -0.0768805 -0.0768496 -0.0763981 -0.0758818 -0.0786687 -0.0775152 -0.081074 -0.080207 -0.0768679 -0.0772318 -0.0796095 -0.0802125 -0.0802065 -0.0816822 -0.0793279 -0.0749898 -0.0778346 -0.0799484 -0.0799247
20201119 0.0744265 0.075842 -0.0737772 -0.072831 -0.0725867 -0.0730286 -0.0716612 -0.0714205 -0.072565 -0.0701716 -0.0721035 -0.0694945 -0.0763376 -0.0767631 -0.0742114 -0.073711 -0.0728753 -0.0728088 -0.0764465 -0.0751106 -0.0787541 -0.0775867 -0.0768579 -0.0771217 -0.0771634 -0.0780294 -0.0757072 -0.073393 -0.0751388 -0.0777066 -0.0776797 -0.0765869
20201120 0.0761517 0.0784011 -0.0770123 -0.0760223 -0.0757148 -0.0735286 -0.0743703 -0.0744002 -0.0731624 -0.0717891 -0.0703751 -0.0708135 -0.0742508 -0.0765175 -0.0767961 -0.0748475 -0.0745576 -0.0737638 -0.0742292 -0.0778813 -0.0765887 -0.0798986 -0.0757175 -0.0769532 -0.0772491 -0.0741155 -0.0730839 -0.0748933 -0.0769349 -0.0764914 -0.0760425 -0.0734303
20201121 0.0769508 0.0791111 -0.0778611 -0.0774255 -0.0764994 -0.0761703 -0.0731407 -0.0742862 -0.0747497 -0.0758589 -0.0721011 -0.0720356 -0.0783015 -0.0758565 -0.0780482 -0.0787356 -0.0776889 -0.0775411 -0.0770759 -0.0769057 -0.080408 -0.078931 -0.0782691 -0.0785507 -0.074191 -0.0733054 -0.0750966 -0.0772926 -0.0754955 -0.0738751 -0.0714135 -0.0764789
20201122 0.0749262 0.0776843 -0.0767183 -0.0759122 -0.0745085 -0.0732429 -0.0729347 -0.0721952 -0.0726265 -0.0707852 -0.0708899 -0.0691594 -0.0741661 -0.0753933 -0.0721569 -0.0743544 -0.0749673 -0.0747171 -0.0742459 -0.0735704 -0.0727903 -0.0746137 -0.0755379 -0.0708615 -0.0697747 -0.0711691 -0.0740646 -0.0718329 -0.0699343 -0.0680707 -0.0719957 -0.0710183
20201123 0.0754528 0.0776917 -0.0754266 -0.075343 -0.0735973 -0.0734391 -0.0721839 -0.0733327 -0.0729539 -0.071994 -0.0720569 -0.0718718 -0.0743186 -0.0733832 -0.0741583 -0.0705456 -0.0724495 -0.0726825 -0.0710386 -0.0694088 -0.0693772 -0.0694291 -0.071585 -0.0711668 -0.0731645 -0.0767403 -0.0746682 -0.073225 -0.0704275 -0.0730495 -0.0710903 -0.0712304
20201124 0.075979 0.0753422 -0.0732831 -0.0739331 -0.0735359 -0.073155 -0.0744498 -0.0720565 -0.0732375 -0.0760459 -0.0759106 -0.073194 -0.0799014 -0.0789952 -0.0777329 -0.0773406 -0.0744657 -0.0770382 -0.0768339 -0.0740404 -0.0727943 -0.0730413 -0.0750558 -0.0779613 -0.0812698 -0.0794299 -0.0784753 -0.0756284 -0.0779315 -0.0754797 -0.0758406 -0.0725765
20201125 0.0779034 0.0785203 -0.0765831 -0.0757091 -0.0762869 -0.0764136 -0.0769359 -0.076673 -0.0743741 -0.077967 -0.0806876 -0.0805303 -0.0799046 -0.0823766 -0.0810709 -0.0800217 -0.079818 -0.0778661 -0.0802374 -0.0799726 -0.0770865 -0.0758627 -0.0813932 -0.0831514 -0.0818887 -0.080614 -0.0777604 -0.0800136 -0.0782355 -0.0791618 -0.0758565 -0.0764279
20201126 0.0795902 0.0799386 -0.0772853 -0.0766727 -0.0754534 -0.0769294 -0.0761736 -0.0761765 -0.0747338 -0.0749983 -0.073172 -0.0758024 -0.0760939 -0.0776504 -0.0792463 -0.0782305 -0.0780266 -0.0775238 -0.0768882 -0.0790932 -0.0798106 -0.0763871 -0.0808364 -0.0800941 -0.0787533 -0.0758464 -0.0778309 -0.0761591 -0.0764572 -0.0736341 -0.0741239 -0.0751756
20201127 0.0803932 0.0804247 -0.0779344 -0.077879 -0.0777022 -0.0771219 -0.0773134 -0.0778952 -0.0766933 -0.0755927 -0.075357 -0.0745031 -0.0786161 -0.0746848 -0.076327 -0.0775561 -0.0768995 -0.0766997 -0.0764351 -0.0757349 -0.0778861 -0.0790448 -0.079858 -0.0787301 -0.0768044 -0.0785522 -0.0774133 -0.0764445 -0.0738307 -0.0738756 -0.0748066 -0.0775303
20201128 0.0833654 0.0841928 -0.0821593 -0.0814676 -0.0814909 -0.0802454 -0.0814606 -0.0812598 -0.0815004 -0.0811284 -0.0815686 -0.0782099 -0.0833424 -0.0814571 -0.0776197 -0.0805754 -0.0810379 -0.0799604 -0.0803684 -0.0815431 -0.0806004 -0.0833742 -0.0828588 -0.0813238 -0.0825351 -0.0811569 -0.0800781 -0.0776585 -0.0781139 -0.0786274 -0.0815699 -0.0832634
20201129 0.0820931 0.0823945 -0.0801966 -0.0805863 -0.0796246 -0.0791043 -0.0801803 -0.0801502 -0.0800895 -0.079299 -0.0777968 -0.0792976 -0.0826798 -0.0827124 -0.0807851 -0.076757 -0.0801973 -0.0807548 -0.0792192 -0.0802838 -0.0802715 -0.0788316 -0.0794738 -0.0815378 -0.080202 -0.0798573 -0.077439 -0.0772517 -0.0783035 -0.0811272 -0.0822394 -0.0786762
20201130 0.0797483 0.0810798 -0.0780768 -0.0766602 -0.0782963 -0.0779577 -0.0783091 -0.0808056 -0.0811479 -0.0843039 -0.0787913 -0.0814692 -0.0830007 -0.0837178 -0.0846722 -0.0828729 -0.0787425 -0.0831853 -0.0842799 -0.0827338 -0.0839946 -0.0835237 -0.0829927 -0.0823941 -0.0821983 -0.0796169 -0.079647 -0.08067 -0.0836579 -0.0844989 -0.0810538 -0.0832461
20201201 0.0850872 0.0861719 -0.0847653 -0.0837093 -0.0832314 -0.0832639 -0.0829469 -0.0818205 -0.0862746 -0.0831499 -0.0869027 -0.0804031 -0.0814476 -0.0848132 -0.0845154 -0.0856116 -0.084588 -0.0794087 -0.0842375 -0.0847932 -0.0828449 -0.0843607 -0.0844607 -0.0850864 -0.0827827 -0.0823037 -0.0823754 -0.0856753 -0.0871564 -0.0836968 -0.0848942 -0.0812482
20201202 0.0826418 0.0827349 -0.0833576 -0.0833284 -0.0844375 -0.083699 -0.0823264 -0.0808806 -0.0810449 -0.0812685 -0.0835685 -0.0843388 -0.0833502 -0.0788437 -0.0814059 -0.0808497 -0.0814353 -0.0801716 -0.074805 -0.0789605 -0.0794857 -0.0772253 -0.0828084 -0.0809705 -0.0806009 -0.0814231 -0.085023 -0.0862446 -0.0819051 -0.0824772 -0.0794062 -0.0800771
20201203 0.0808066 0.081919 -0.0811048 -0.0805519 -0.0819497 -0.0809132 -0.0799472 -0.0813881 -0.0797598 -0.0820244 -0.0825051 -0.0807834 -0.0811377 -0.0810179 -0.0759439 -0.0800474 -0.0792783 -0.0794387 -0.078452 -0.0736255 -0.0784182 -0.0797104 -0.0788482 -0.0785722 -0.0805851 -0.0850921 -0.0863822 -0.0816539 -0.0834334 -0.0813031 -0.081618 -0.0816756
20201204 0.0803421 0.0820161 -0.0802203 -0.078205 -0.0786866 -0.0785396 -0.0800234 -0.0775164 -0.0800535 -0.0792637 -0.0779359 -0.0801274 -0.0822498 -0.0824407 -0.082903 -0.0777389 -0.0814845 -0.080899 -0.0814731 -0.0815302 -0.077191 -0.0821587 -0.0800596 -0.0813483 -0.0864668 -0.0880468 -0.0842667 -0.0864028 -0.0855397 -0.0856725 -0.0858941 -0.0869667
20201205 0.0860705 0.0869593 -0.0844763 -0.0832811 -0.0819253 -0.0821546 -0.0830507 -0.082674 -0.0831348 -0.0832619 -0.0847179 -0.0823028 -0.0865207 -0.0877719 -0.0880274 -0.08875 -0.0839905 -0.0881855 -0.0871289 -0.0878726 -0.0876015 -0.0828189 -0.0871193 -0.0924484 -0.0931291 -0.0893412 -0.0915914 -0.0910068 -0.0910091 -0.0911342 -0.0922051 -0.0899979
20201206 0.0814789 0.0816759 -0.0800274 -0.0782675 -0.07657 -0.074497 -0.0759538 -0.0766102 -0.0753764 -0.0792742 -0.0747174 -0.0788831 -0.0803421 -0.0814658 -0.0830237 -0.0823271 -0.0827766 -0.0776979 -0.0824032 -0.0820948 -0.0829866 -0.0822961 -0.087126 -0.0873401 -0.0825893 -0.0845431 -0.0845608 -0.0836661 -0.0838318 -0.085455 -0.0836914 -0.0776661
20201207 0.0807858 0.0804656 -0.0814141 -0.0799049 -0.0785015 -0.0798432 -0.0779769 -0.0787276 -0.077774 -0.0761266 -0.0764582 -0.0761005 -0.0764034 -0.0749062 -0.0760407 -0.0773932 -0.0763054 -0.0783221 -0.0743795 -0.0803762 -0.0795249 -0.0813743 -0.0810605 -0.0764618 -0.078238 -0.0776216 -0.0770397 -0.0784874 -0.0803304 -0.0780196 -0.0728549 -0.0762825
20201208 0.076406 0.0753783 -0.0758798 -0.0755284 -0.0751781 -0.073686 -0.0742313 -0.0722393 -0.0724142 -0.0689022 -0.0704197 -0.0700693 -0.0758068 -0.0710248 -0.0689415 -0.0708186 -0.0727812 -0.0728664 -0.0739682 -0.0695827 -0.0745482 -0.0743995 -0.0723143 -0.0744133 -0.0734049 -0.0734694 -0.0750487 -0.0758665 -0.0721508 -0.066619 -0.0691685 -0.0711728
20201209 0.0818417 0.081842 -0.0786209 -0.0797325 -0.0790756 -0.0792694 -0.0804828 -0.080333 -0.0799829 -0.0804747 -0.075489 -0.0788118 -0.0862506 -0.0848863 -0.0799392 -0.0778347 -0.0799719 -0.0822427 -0.0821165 -0.0815789 -0.0773275 -0.0811943 -0.0836154 -0.0822832 -0.0817544 -0.0842395 -0.085798 -0.0819699 -0.0770194 -0.0787519 -0.0800457 -0.0794599
20201210 0.0861482 0.0864239 -0.0849817 -0.0845066 -0.0827731 -0.0826667 -0.0824615 -0.0830773 -0.0829009 -0.0835449 -0.0810957 -0.0835883 -0.0851352 -0.0892961 -0.0879833 -0.0830553 -0.0811678 -0.083768 -0.0861746 -0.0867965 -0.0861629 -0.08151 -0.0833711 -0.084067 -0.0865292 -0.0883471 -0.0850363 -0.0820075 -0.0825747 -0.0837391 -0.0837933 -0.0840348
20201211 0.0792501 0.0789487 -0.0780927 -0.0772643 -0.0782498 -0.078763 -0.0785251 -0.0781938 -0.0782664 -0.0785241 -0.0773236 -0.0771004 -0.0809974 -0.0801368 -0.0842492 -0.0831126 -0.0781791 -0.076427 -0.0782709 -0.081448 -0.0818002 -0.0805771 -0.0792576 -0.0816157 -0.0843752 -0.0810952 -0.076049 -0.0776381 -0.07812 -0.0783168 -0.0784132 -0.0811177
20201212 0.0731034 0.0730436 -0.0719657 -0.0713325 -0.0711215 -0.0730681 -0.0732352 -0.0729179 -0.0739578 -0.0742401 -0.0737925 -0.0716309 -0.073345 -0.0748225 -0.0744649 -0.0791289 -0.0777434 -0.0732295 -0.0715967 -0.0723363 -0.0749309 -0.0751995 -0.0754402 -0.0781266 -0.0751298 -0.0701849 -0.0725297 -0.0732804 -0.0733704 -0.0742223 -0.0768631 -0.0751186
20201213 0.0756294 0.0756439 -0.0746859 -0.0740087 -0.073539 -0.0741475 -0.0735869 -0.0709621 -0.0738669 -0.073016 -0.0802221 -0.0751477 -0.0731169 -0.0731521 -0.0747785 -0.074955 -0.0779591 -0.0767967 -0.0717532 -0.0700625 -0.0706946 -0.0734135 -0.0773734 -0.0740337 -0.0691838 -0.0714239 -0.072544 -0.0724202 -0.0738368 -0.076078 -0.075189 -0.0688432
20201214 0.0794373 0.0792027 -0.0775533 -0.0774896 -0.0759258 -0.0748444 -0.076512 -0.0746226 -0.072893 -0.076247 -0.0767317 -0.0759637 -0.07806 -0.0747211 -0.0752377 -0.076243 -0.0757737 -0.0772613 -0.0763093 -0.071327 -0.0695531 -0.0708605 -0.0763467 -0.0714398 -0.0737625 -0.0744591 -0.0743025 -0.0760159 -0.0779124 -0.0776297 -0.0720113 -0.0772148
20201215 0.0800482 0.0802562 -0.0782168 -0.0775917 -0.0765936 -0.076906 -0.0776592 -0.0767535 -0.077174 -0.0768633 -0.0744482 -0.0807739 -0.0829304 -0.0818786 -0.078892 -0.0793802 -0.0806898 -0.0795524 -0.0812933 -0.0809302 -0.0763971 -0.0744084 -0.0753274 -0.0783293 -0.0789792 -0.078062 -0.0801315 -0.0829364 -0.0829646 -0.0777863 -0.0826974 -0.0834016
20201216 0.0781956 0.0782891 -0.0762788 -0.0742337 -0.0744141 -0.0734683 -0.0740976 -0.0760615 -0.0779021 -0.0737013 -0.0762227 -0.0702634 -0.0829845 -0.086651 -0.0861638 -0.083128 -0.0844496 -0.0853164 -0.0835502 -0.0857647 -0.0855039 -0.0810591 -0.080963 -0.0822844 -0.0809635 -0.0831202 -0.0863251 -0.0871868 -0.0820235 -0.0866363 -0.0880397 -0.0881923
20201217 0.0776036 0.0788874 -0.0775752 -0.0787053 -0.0775268 -0.0772709 -0.0754719 -0.0736666 -0.0772939 -0.0765079 -0.0730555 -0.0744926 -0.076523 -0.0814469 -0.0852737 -0.085212 -0.0823937 -0.0827038 -0.0836338 -0.081173 -0.0852407 -0.0851308 -0.0793424 -0.077676 -0.079623 -0.0831266 -0.0836043 -0.0780642 -0.0832434 -0.0845714 -0.0851277 -0.0840861
20201221 0.0757144 0.0754738 -0.0752134 -0.0750487 -0.0746838 -0.0737307 -0.0744156 -0.0738569 -0.0749697 -0.0755684 -0.074501 -0.0749056 -0.072794 -0.0722378 -0.0730151 -0.0722387 -0.0716092 -0.075633 -0.0767318 -0.0753515 -0.0715733 -0.0733078 -0.077965 -0.0730744 -0.0767331 -0.0770105 -0.0782775 -0.0764314 -0.0772061 -0.08015 -0.0770992 -0.0763308
20201222 0.0773792 0.0748707 -0.0737579 -0.073615 -0.0735156 -0.0730664 -0.0754448 -0.0761909 -0.0730496 -0.0732576 -0.0731363 -0.0736167 -0.0751338 -0.0723527 -0.0719664 -0.0732592 -0.0717074 -0.0715511 -0.0762996 -0.0777265 -0.0768962 -0.072586 -0.0735417 -0.0777177 -0.0778973 -0.0784399 -0.0771382 -0.0788417 -0.0813763 -0.0779424 -0.0773566 -0.0772924
20201223 0.0738831 0.0742785 -0.0718515 -0.0721969 -0.0715736 -0.0708779 -0.0711125 -0.0733366 -0.0729067 -0.0724413 -0.0723568 -0.0713788 -0.0773316 -0.0765212 -0.0731783 -0.0734599 -0.0746623 -0.0724648 -0.0720648 -0.0763646 -0.0782991 -0.0780206 -0.0779754 -0.0776167 -0.0783224 -0.0772404 -0.07878 -0.0811979 -0.0776866 -0.0775588 -0.0774372 -0.0781262
20201224 0.0772956 0.0775858 -0.0772102 -0.0760538 -0.0761705 -0.0746931 -0.0762555 -0.0748534 -0.0759373 -0.0737988 -0.0685207 -0.0723408 -0.0733466 -0.0770814 -0.0773628 -0.0732332 -0.0743659 -0.0741681 -0.0726794 -0.0717787 -0.0765732 -0.078865 -0.0771834 -0.0779473 -0.0770361 -0.0777673 -0.0798817 -0.07648 -0.0759086 -0.0756896 -0.0763947 -0.0787165
20201225 0.0767346 0.0761322 -0.0759601 -0.0766084 -0.0771409 -0.07665 -0.0761046 -0.0760511 -0.0766195 -0.0751337 -0.0735389 -0.0675026 -0.0765289 -0.0732214 -0.0769304 -0.0781197 -0.0739392 -0.0749152 -0.074173 -0.0725376 -0.0709207 -0.0759692 -0.0779118 -0.077561 -0.0784118 -0.0796957 -0.0759159 -0.0753875 -0.0749594 -0.076054 -0.078921 -0.0781025
20201226 0.0812551 0.0799186 -0.0803174 -0.0805875 -0.0800794 -0.0809964 -0.0807049 -0.0770257 -0.0761514 -0.077576 -0.0775178 -0.0807902 -0.0801316 -0.0800642 -0.0771844 -0.0805838 -0.0817009 -0.0769704 -0.0779618 -0.0770353 -0.0751883 -0.0731219 -0.0813899 -0.0823828 -0.083849 -0.0796432 -0.079091 -0.0783819 -0.0794789 -0.0825482 -0.0812623 -0.0844894
20201227 0.0844303 0.0827793 -0.0818132 -0.0817048 -0.082449 -0.0824982 -0.0822488 -0.0817206 -0.0814357 -0.0819966 -0.0793436 -0.0827139 -0.0847353 -0.0838293 -0.0830895 -0.0802191 -0.0836086 -0.0852563 -0.0806702 -0.0819828 -0.0814587 -0.0799036 -0.0851957 -0.0863994 -0.0824986 -0.0819887 -0.0816085 -0.0826414 -0.0856109 -0.083363 -0.0857781 -0.0845529
20201228 0.085283 0.0828214 -0.0807829 -0.0804737 -0.0806722 -0.0806079 -0.0816151 -0.0788202 -0.078697 -0.0800687 -0.0816956 -0.077899 -0.0841322 -0.0836393 -0.0821276 -0.08107 -0.0775808 -0.0813827 -0.0820926 -0.0783762 -0.0799621 -0.0800109 -0.0857087 -0.0820056 -0.0807146 -0.0805412 -0.0816238 -0.0844272 -0.0826784 -0.0849472 -0.0828295 -0.0828339
20201229 0.0797238 0.0794342 -0.0786146 -0.0773635 -0.0769283 -0.0767012 -0.0764194 -0.0761885 -0.0757077 -0.0750955 -0.0737346 -0.0771933 -0.0792239 -0.0781775 -0.0772353 -0.0755798 -0.0743553 -0.0722142 -0.0760156 -0.0770847 -0.0737584 -0.0751167 -0.0769976 -0.0756555 -0.075631 -0.0755961 -0.077513 -0.0757312 -0.0787016 -0.0778031 -0.0785412 -0.0783908
20201230 0.0780671 0.0781141 -0.0771288 -0.0771735 -0.0768888 -0.0744934 -0.076058 -0.0753753 -0.0766218 -0.0763941 -0.0750576 -0.0741373 -0.0801852 -0.0791836 -0.0780214 -0.0768962 -0.0761567 -0.0750835 -0.0738027 -0.0778678 -0.078674 -0.0753502 -0.0775393 -0.0774749 -0.0776777 -0.079307 -0.0773831 -0.0797432 -0.0782601 -0.0792404 -0.0791123 -0.0773524
20201231 0.0834928 0.0836009 -0.0814617 -0.08111 -0.080365 -0.0797046 -0.0788003 -0.0773045 -0.0773024 -0.0819195 -0.0814296 -0.081754 -0.0844022 -0.0872082 -0.0867273 -0.0860006 -0.0849465 -0.0839944 -0.0828816 -0.081155 -0.0847058 -0.0845969 -0.0839424 -0.0848134 -0.0864274 -0.0858934 -0.0885306 -0.0870946 -0.0874116 -0.0869297 -0.0851489 -0.0833896
20211116 0.0893953 0.0884005 -0.0866983 -0.0867463 -0.0857634 -0.0870608 -0.0870353 -0.0849184 -0.08401 -0.0873277 -0.0827205 -0.0804964 -0.0895762 -0.0871881 -0.0846847 -0.0855039 -0.0865369 -0.0863871 -0.0872813 -0.0879606 -0.0893273 -0.0894491 -0.0865319 -0.0891183 -0.0906412 -0.0897193 -0.0886916 -0.0911051 -0.0900653 -0.0918227 -0.0931952 -0.090564
20211117 0.0852818 0.0854883 -0.0833757 -0.0822583 -0.0818039 -0.0810157 -0.080773 -0.0832991 -0.0834555 -0.084825 -0.0847213 -0.0777196 -0.0870474 -0.0868847 -0.0848971 -0.0824557 -0.0840551 -0.0850624 -0.0847457 -0.0859965 -0.0870003 -0.0888114 -0.0880171 -0.0894878 -0.0874902 -0.0865556 -0.089251 -0.088989 -0.0916152 -0.0933184 -0.091268 -0.0923676
20211118 0.081542 0.0816385 -0.0797874 -0.0786994 -0.0785794 -0.0783906 -0.0786298 -0.0768088 -0.0779243 -0.0779289 -0.0781502 -0.0797388 -0.0790732 -0.0808056 -0.0808747 -0.0786405 -0.076313 -0.0789037 -0.0788492 -0.0787769 -0.0798778 -0.081498 -0.0830731 -0.081509 -0.0813953 -0.0837573 -0.0829635 -0.0840847 -0.0864563 -0.0861541 -0.0867712 -0.0855941
20211119 0.079801 0.0811255 -0.0801108 -0.079076 -0.0787677 -0.0781539 -0.0758537 -0.0768801 -0.0731695 -0.0747527 -0.0778754 -0.0742103 -0.0783479 -0.074963 -0.076927 -0.0778276 -0.0763626 -0.0736271 -0.0767866 -0.0766846 -0.0771252 -0.0775771 -0.078147 -0.079053 -0.0813151 -0.0808225 -0.0809039 -0.0834356 -0.0827643 -0.0828103 -0.0813464 -0.0812742
20211120 0.0806069 0.0828555 -0.0813814 -0.0808446 -0.079581 -0.0779893 -0.0793178 -0.0786839 -0.076608 -0.0736731 -0.0762374 -0.0763752 -0.0817429 -0.0797161 -0.076693 -0.0789901 -0.0793563 -0.078094 -0.0753378 -0.0789083 -0.0792751 -0.0802674 -0.080832 -0.0824156 -0.0821606 -0.0818374 -0.0849876 -0.0849688 -0.0839745 -0.0821758 -0.0818497 -0.0838093
20211121 0.0841025 0.0861058 -0.0848559 -0.0835076 -0.0827428 -0.0825858 -0.0830397 -0.0816807 -0.077871 -0.0771897 -0.0799394 -0.0778244 -0.0845628 -0.0853304 -0.0827313 -0.0798473 -0.082249 -0.0831882 -0.0821291 -0.0795867 -0.0812534 -0.0820516 -0.084469 -0.0834019 -0.0833627 -0.0863457 -0.087451 -0.0862709 -0.0847304 -0.0840926 -0.0863249 -0.0816918
20211122 0.0854724 0.0879998 -0.0860409 -0.0852976 -0.0847245 -0.0835546 -0.0829571 -0.082245 -0.0803966 -0.0783391 -0.0785349 -0.0805785 -0.0851172 -0.0869492 -0.0879695 -0.0849597 -0.0814834 -0.0836456 -0.0837492 -0.0816867 -0.0792684 -0.0810553 -0.0841052 -0.0820086 -0.0856003 -0.0865364 -0.0855457 -0.0849559 -0.083248 -0.0860676 -0.0817775 -0.0823206
20211123 0.0863215 0.0884818 -0.084627 -0.0830962 -0.0831865 -0.0819701 -0.0831123 -0.0808165 -0.0789633 -0.0814734 -0.0802021 -0.0823078 -0.0867376 -0.0863397 -0.0882557 -0.0886467 -0.0848056 -0.0817332 -0.0841409 -0.0847032 -0.0824086 -0.0806784 -0.0835156 -0.0869792 -0.0875485 -0.0867979 -0.0870911 -0.085042 -0.0880341 -0.0836276 -0.084357 -0.0848137
20211124 0.0845931 0.0840987 -0.0848804 -0.0836776 -0.082924 -0.0825651 -0.0823368 -0.0810039 -0.080604 -0.0811022 -0.0858475 -0.0838598 -0.0856019 -0.086059 -0.0862537 -0.0874524 -0.0879433 -0.0851957 -0.0825307 -0.0843841 -0.0859938 -0.0835899 -0.087561 -0.0878568 -0.0867972 -0.0874536 -0.0848815 -0.088212 -0.0844351 -0.0849741 -0.0855724 -0.0793031
20211125 0.0866786 0.085893 -0.0836408 -0.0844656 -0.0844753 -0.0835829 -0.0846387 -0.0825957 -0.0820151 -0.0812063 -0.0816734 -0.0851134 -0.084445 -0.0857433 -0.0841488 -0.0839183 -0.0848518 -0.0852364 -0.0828475 -0.0807014 -0.08325 -0.0848104 -0.0876614 -0.0864711 -0.0873874 -0.0848372 -0.0877254 -0.0839971 -0.084567 -0.085084 -0.0794358 -0.0785422
20211126 0.0862676 0.0868086 -0.0851893 -0.0835615 -0.0824287 -0.0836795 -0.0828385 -0.0831468 -0.0825934 -0.079948 -0.0841814 -0.0826457 -0.0848861 -0.082768 -0.0835788 -0.0826425 -0.0827521 -0.0840148 -0.084344 -0.0815475 -0.0807646 -0.0830116 -0.0853946 -0.0861666 -0.0842102 -0.08651 -0.0823675 -0.0826711 -0.0837806 -0.079196 -0.0785471 -0.0805346
20211127 0.0871434 0.0870441 -0.0849357 -0.0838997 -0.0828939 -0.0806424 -0.081666 -0.0814377 -0.083488 -0.0805558 -0.081562 -0.0812051 -0.0883855 -0.0864713 -0.0850522 -0.08475 -0.0841922 -0.0846001 -0.0864386 -0.0863026 -0.0839935 -0.08315 -0.0879127 -0.0853987 -0.0888998 -0.0854551 -0.0854724 -0.0865149 -0.0820254 -0.0809858 -0.0834851 -0.0872731
20211128 0.0874976 0.0876427 -0.0841642 -0.0829729 -0.0809908 -0.0819516 -0.0818785 -0.0829048 -0.0803933 -0.0810588 -0.0778241 -0.0772958 -0.0856408 -0.0870354 -0.0854405 -0.0837008 -0.0837408 -0.083225 -0.085464 -0.0868805 -0.0862824 -0.0842034 -0.0854452 -0.0889109 -0.0849677 -0.0858706 -0.087956 -0.082516 -0.0809756 -0.0832213 -0.0873909 -0.083544
20211129 0.0865883 0.0852388 -0.0812189 -0.0808874 -0.0794125 -0.0803846 -0.0793689 -0.075325 -0.0777924 -0.0789262 -0.0784225 -0.0804163 -0.0877317 -0.0865021 -0.0882297 -0.0867228 -0.085239 -0.0832763 -0.081925 -0.0851097 -0.0860868 -0.0863383 -0.0915135 -0.0868392 -0.0875206 -0.08943 -0.083065 -0.080944 -0.0830903 -0.087379 -0.0834501 -0.0866068
20211130 0.0877883 0.0850795 -0.0831817 -0.0823016 -0.0820959 -0.0815882 -0.0798163 -0.0765657 -0.0752024 -0.0791271 -0.0766884 -0.0797976 -0.0824139 -0.0834972 -0.0826073 -0.0843723 -0.082998 -0.0813363 -0.0810232 -0.0793661 -0.081648 -0.0821816 -0.0844284 -0.0846992 -0.0860288 -0.0802663 -0.0781018 -0.0798591 -0.0835724 -0.0800404 -0.0830961 -0.0811777
20211201 0.0839136 0.0839721 -0.0790227 -0.0783674 -0.0776196 -0.0770933 -0.0781859 -0.0776118 -0.0773187 -0.0792805 -0.0795276 -0.0812834 -0.0871453 -0.0824135 -0.0837179 -0.0834625 -0.0850588 -0.0836699 -0.0814847 -0.0825485 -0.080669 -0.0828754 -0.0845485 -0.0845774 -0.0797484 -0.0778267 -0.0801179 -0.0838896 -0.0815941 -0.0843865 -0.0815282 -0.0842434
20211202 0.0842134 0.0844061 -0.0819907 -0.0810243 -0.0796965 -0.0798505 -0.0786036 -0.0785571 -0.0788715 -0.0810659 -0.0809429 -0.0829303 -0.0833034 -0.0864269 -0.0822613 -0.0839709 -0.0839503 -0.0842269 -0.0830271 -0.0801498 -0.0828471 -0.0815014 -0.0840886 -0.0795526 -0.0780359 -0.0808652 -0.0850387 -0.0830704 -0.0859723 -0.0831086 -0.0850292 -0.0842976
20211203 0.0835157 0.0842521 -0.0833954 -0.0835096 -0.0851505 -0.0847737 -0.0843054 -0.0837877 -0.0825112 -0.0812668 -0.0851164 -0.0842252 -0.0834231 -0.0826764 -0.0862367 -0.0824263 -0.0846191 -0.0848091 -0.084834 -0.08363 -0.0813728 -0.0841551 -0.0781971 -0.0771882 -0.080888 -0.0853929 -0.0845482 -0.0873809 -0.0850243 -0.0870609 -0.0870357 -0.0836301
20211204 0.0841188 0.0856952 -0.0824221 -0.0824605 -0.0800796 -0.0808976 -0.0845057 -0.0847159 -0.0828377 -0.0856143 -0.0863962 -0.0889095 -0.0896397 -0.0890763 -0.0880155 -0.0909466 -0.0870304 -0.0892658 -0.0893454 -0.0885522 -0.0876064 -0.0858192 -0.0830944 -0.0868808 -0.0913787 -0.0918073 -0.094202 -0.0921263 -0.0947449 -0.0942522 -0.0915885 -0.0913831
20211205 0.0878013 0.0888639 -0.0838708 -0.084064 -0.0850146 -0.0860644 -0.0817969 -0.083568 -0.086302 -0.088204 -0.0926023 -0.0910194 -0.0891461 -0.0950853 -0.0945737 -0.0932243 -0.0941091 -0.0911856 -0.0941911 -0.0939242 -0.0930895 -0.0926282 -0.0918965 -0.0956093 -0.096485 -0.0978639 -0.0958698 -0.0977501 -0.0973382 -0.0955823 -0.0952582 -0.0919635
20211206 0.0881117 0.0893512 -0.0853997 -0.084752 -0.0840161 -0.0850235 -0.0826599 -0.0840467 -0.0853397 -0.0835825 -0.0823397 -0.0838792 -0.0832008 -0.0859211 -0.0914796 -0.0916695 -0.0901913 -0.0914494 -0.0888599 -0.091104 -0.0908077 -0.0901975 -0.0925122 -0.0925514 -0.0934964 -0.0915647 -0.0934774 -0.0934051 -0.0919763 -0.092001 -0.0887628 -0.086794
20211207 0.088485 0.0888968 -0.0842219 -0.0849545 -0.0842149 -0.0839165 -0.0815453 -0.0798969 -0.0828434 -0.0844829 -0.0863221 -0.0860621 -0.0842037 -0.0794732 -0.0819855 -0.0874568 -0.0877531 -0.0859169 -0.0880933 -0.0867193 -0.0882763 -0.0883854 -0.0877511 -0.0895128 -0.0875302 -0.0900353 -0.0894641 -0.0884871 -0.0895064 -0.0875296 -0.0857343 -0.0871091
20211208 0.0867853 0.0865838 -0.0832672 -0.0831351 -0.0824981 -0.0825144 -0.0818467 -0.0796408 -0.0799905 -0.0846836 -0.088737 -0.0878824 -0.0875607 -0.0835349 -0.0781757 -0.0808034 -0.086874 -0.087301 -0.0847105 -0.0878155 -0.0860061 -0.0871797 -0.0888351 -0.087048 -0.0894791 -0.0884754 -0.0876037 -0.0886708 -0.0857878 -0.0846965 -0.0859349 -0.0861236
20211209 0.0853845 0.0863123 -0.0837595 -0.084699 -0.0848034 -0.0836546 -0.0821328 -0.0824732 -0.0794823 -0.0786227 -0.0823986 -0.0850908 -0.0838949 -0.085081 -0.0814196 -0.0758049 -0.0779192 -0.0844904 -0.0843053 -0.0815904 -0.0855636 -0.0823998 -0.0841496 -0.0871043 -0.0861947 -0.0855377 -0.08637 -0.0829224 -0.081707 -0.0819936 -0.0825864 -0.0778562
20211210 0.0780065 0.0786696 -0.0760034 -0.076044 -0.0782009 -0.0803091 -0.0791689 -0.078856 -0.0790033 -0.0758704 -0.0771327 -0.076641 -0.0794521 -0.0790272 -0.0807861 -0.0764566 -0.0704876 -0.0724617 -0.0795744 -0.0800586 -0.077124 -0.0804805 -0.0820743 -0.0813356 -0.080787 -0.0818669 -0.0783286 -0.0772756 -0.0773232 -0.0783346 -0.073288 -0.0755017
20211211 0.0848594 0.0856976 -0.0836856 -0.0831839 -0.0822797 -0.0835058 -0.0837981 -0.0844995 -0.0841245 -0.0846279 -0.0846813 -0.0849612 -0.0807796 -0.0838569 -0.0841546 -0.0861918 -0.081955 -0.0768538 -0.0785759 -0.0852614 -0.0853942 -0.0822533 -0.08435 -0.0836193 -0.0849055 -0.0814479 -0.081034 -0.0817812 -0.0817917 -0.0770208 -0.0797088 -0.0834535
20211212 0.0947841 0.0955804 -0.0939469 -0.0938567 -0.0939307 -0.0940532 -0.0947693 -0.0960468 -0.0958211 -0.0935344 -0.0951238 -0.0976089 -0.0950848 -0.0913174 -0.0946325 -0.0954184 -0.0967417 -0.0925348 -0.0873355 -0.0890348 -0.0958958 -0.0954419 -0.0936905 -0.094708 -0.0914471 -0.0913334 -0.0923785 -0.0919622 -0.0872326 -0.0896157 -0.0931992 -0.0915034
20211213 0.0883294 0.0889506 -0.0867409 -0.0867792 -0.0860261 -0.0850829 -0.0837462 -0.086984 -0.0864747 -0.0871527 -0.0825906 -0.0874171 -0.0899297 -0.0893658 -0.0846699 -0.0880358 -0.0883381 -0.0892245 -0.0856201 -0.081485 -0.0821088 -0.0885108 -0.0894454 -0.0868668 -0.0876448 -0.0884481 -0.0869584 -0.0834891 -0.0860608 -0.0890492 -0.0883644 -0.0853353
20211214 0.0887061 0.0894592 -0.0883711 -0.0892248 -0.0888191 -0.0876409 -0.0880267 -0.0857215 -0.0866869 -0.0875469 -0.0892614 -0.0864178 -0.0870377 -0.0887745 -0.0877884 -0.0826261 -0.0861208 -0.085329 -0.0866871 -0.0826881 -0.078735 -0.0800018 -0.0863716 -0.0866 -0.087561 -0.0856774 -0.0818527 -0.0837057 -0.0866326 -0.0858495 -0.0834724 -0.0833734
20211215 0.087843 0.0878614 -0.0881616 -0.0877878 -0.0878253 -0.0874491 -0.0878869 -0.0883332 -0.0871431 -0.0876781 -0.0892348 -0.0886393 -0.0902267 -0.088538 -0.090349 -0.0884472 -0.0839543 -0.0877956 -0.0865258 -0.0873258 -0.0826125 -0.0787412 -0.0879703 -0.0882576 -0.0864937 -0.0823865 -0.0840637 -0.0869254 -0.0858018 -0.0834063 -0.0838042 -0.0880084
20211216 0.083894 0.0851576 -0.0832353 -0.0842398 -0.0830114 -0.0833656 -0.0834437 -0.0830141 -0.0839477 -0.0810423 -0.0852297 -0.0835446 -0.0834015 -0.0856536 -0.0834301 -0.0853599 -0.0830991 -0.0793237 -0.0831539 -0.0819119 -0.0822512 -0.0775281 -0.0841015 -0.083079 -0.0788064 -0.0812422 -0.0840411 -0.082184 -0.0800199 -0.0803383 -0.0842012 -0.0826616
20211217 0.0771621 0.0779144 -0.0765485 -0.07663 -0.0776322 -0.0782177 -0.0781148 -0.0765321 -0.0751176 -0.0774205 -0.0770909 -0.0784654 -0.0771625 -0.0762074 -0.0787738 -0.0758657 -0.0779371 -0.0757658 -0.0723754 -0.0767784 -0.0746622 -0.0757777 -0.0759933 -0.0718231 -0.0736857 -0.0777291 -0.0756207 -0.0741982 -0.0740089 -0.0770043 -0.0766032 -0.0759604
20211218 0.0815046 0.0815992 -0.0794258 -0.0805324 -0.0811551 -0.0825498 -0.0829623 -0.0824036 -0.0799732 -0.0769015 -0.0793651 -0.0790935 -0.0818732 -0.0815548 -0.0798989 -0.0825171 -0.0792586 -0.0820302 -0.0798611 -0.0769393 -0.0812034 -0.0794664 -0.0780507 -0.079093 -0.0833035 -0.0809252 -0.0792629 -0.07895 -0.0815606 -0.0808869 -0.0802166 -0.0808486
20211219 0.0928249 0.0931485 -0.0905723 -0.0900315 -0.0902175 -0.0917981 -0.093158 -0.0910399 -0.0931232 -0.0917563 -0.0911589 -0.0922629 -0.0955604 -0.0959649 -0.0961954 -0.0948686 -0.096709 -0.093497 -0.0965543 -0.0938989 -0.0903398 -0.0947637 -0.0942097 -0.098016 -0.0955773 -0.0936803 -0.0941321 -0.0976342 -0.0968029 -0.0957072 -0.0964176 -0.0972957
20211220 0.0848607 0.0860072 -0.0834565 -0.082827 -0.081377 -0.0808034 -0.0810827 -0.0854313 -0.0799353 -0.0855722 -0.0850325 -0.0846376 -0.0827873 -0.0859121 -0.0874293 -0.0878449 -0.085943 -0.0882586 -0.0858531 -0.0893155 -0.0876846 -0.0841011 -0.0884449 -0.0880918 -0.0850187 -0.0870455 -0.0898782 -0.0897042 -0.0889557 -0.089743 -0.0904607 -0.0910149
20211221 0.0810176 0.0812195 -0.0794842 -0.0797319 -0.0782419 -0.0767874 -0.0767301 -0.0754803 -0.0769655 -0.0739166 -0.0802854 -0.0795916 -0.0784516 -0.0762663 -0.0801203 -0.0814883 -0.0813968 -0.080109 -0.0822106 -0.0799001 -0.083746 -0.0824919 -0.0806121 -0.0777237 -0.0803791 -0.0823449 -0.0826323 -0.0822133 -0.0834163 -0.0836102 -0.0844839 -0.0827543
20211222 0.0818606 0.0818415 -0.0809185 -0.0804657 -0.0805348 -0.0809554 -0.0790703 -0.0787589 -0.0777813 -0.0801305 -0.0777936 -0.0843124 -0.0824701 -0.0800423 -0.0780526 -0.0817469 -0.0820419 -0.08246 -0.0817256 -0.0833195 -0.0815786 -0.0853238 -0.0789471 -0.0816797 -0.0831769 -0.0837882 -0.083972 -0.0849743 -0.0846089 -0.0858503 -0.0839663 -0.0828319
20211223 0.081507 0.0817164 -0.0795638 -0.079624 -0.0797096 -0.0806093 -0.081204 -0.078819 -0.0789199 -0.0797301 -0.0775299 -0.0785743 -0.0839905 -0.0849002 -0.0818278 -0.0805445 -0.0844386 -0.0830542 -0.0836617 -0.0818454 -0.0830966 -0.0815276 -0.0837143 -0.0848891 -0.0855549 -0.085641 -0.0862719 -0.0850077 -0.0855379 -0.0838411 -0.0828047 -0.0813767
20211224 0.0844672 0.0847851 -0.0823421 -0.0824997 -0.0819672 -0.0807209 -0.0822923 -0.0814442 -0.0790742 -0.0808002 -0.0804135 -0.0763884 -0.0830005 -0.0844179 -0.0848947 -0.0818587 -0.080535 -0.0851907 -0.0828139 -0.0832463 -0.0817243 -0.0829854 -0.0863737 -0.0868875 -0.0867495 -0.0871599 -0.0859657 -0.0856567 -0.0839233 -0.0826299 -0.0814011 -0.0806941
20211225 0.0871019 0.0877967 -0.0862157 -0.0858661 -0.08586 -0.085064 -0.0829128 -0.0832812 -0.0806676 -0.0826301 -0.0823811 -0.0797097 -0.085274 -0.0840468 -0.0853162 -0.0849707 -0.0821751 -0.0805632 -0.0860081 -0.0837081 -0.0844784 -0.0829679 -0.0878484 -0.087906 -0.0887444 -0.0876293 -0.0885229 -0.0870131 -0.0857097 -0.0841218 -0.0833669 -0.0843646
20211226 0.0832786 0.0841463 -0.082493 -0.0821553 -0.0821486 -0.0818729 -0.082461 -0.0814883 -0.0822466 -0.0814581 -0.0808347 -0.0798657 -0.0827161 -0.0815544 -0.0805872 -0.0801212 -0.0808643 -0.0782705 -0.0763892 -0.0817468 -0.0791953 -0.0793418 -0.0834127 -0.0847612 -0.0839975 -0.0857354 -0.0839384 -0.0831443 -0.0819833 -0.0813771 -0.0825183 -0.0799276
20211227 0.0795199 0.0801431 -0.0791333 -0.0782828 -0.0783765 -0.0780549 -0.0787679 -0.0778394 -0.0761028 -0.07759 -0.0784942 -0.0775794 -0.079174 -0.079422 -0.078601 -0.0778162 -0.0769857 -0.0771969 -0.0746253 -0.0727808 -0.0787131 -0.0754959 -0.0807739 -0.0801854 -0.0821311 -0.0797216 -0.0791136 -0.078741 -0.0779043 -0.0784644 -0.0758582 -0.0759192
20211228 0.0833057 0.0831855 -0.081759 -0.0808164 -0.0805185 -0.0804943 -0.0807923 -0.0807088 -0.0797802 -0.079963 -0.0804177 -0.0839356 -0.0820495 -0.0817574 -0.0821224 -0.0812822 -0.0808777 -0.0792657 -0.0793474 -0.0779946 -0.0759272 -0.0811855 -0.0828132 -0.0846974 -0.0818938 -0.081298 -0.0807284 -0.0796064 -0.0802742 -0.0771387 -0.0774294 -0.0781218
20211229 0.0829896 0.0832619 -0.0834168 -0.0823128 -0.0816397 -0.0816021 -0.0815363 -0.0815033 -0.0818006 -0.0828725 -0.0808218 -0.0819554 -0.0835798 -0.0832491 -0.0827993 -0.0833619 -0.0823584 -0.0811495 -0.0802157 -0.0801657 -0.0790842 -0.0769257 -0.0849289 -0.0830457 -0.0824256 -0.0813813 -0.0801147 -0.081138 -0.0783143 -0.0790768 -0.0797021 -0.078766
20211230 0.0827585 0.0837351 -0.0825861 -0.0816697 -0.081162 -0.0810063 -0.0810479 -0.0831784 -0.0822038 -0.0787963 -0.0795191 -0.0761135 -0.0808604 -0.0812144 -0.0806473 -0.0802039 -0.0807914 -0.0791842 -0.0782376 -0.0771473 -0.0775247 -0.0762306 -0.0799982 -0.0796059 -0.0784392 -0.0774918 -0.077854 -0.0753014 -0.0766433 -0.0764616 -0.0764824 -0.0763955
20211231 0.0788967 0.0793524 -0.0774003 -0.0772371 -0.0759013 -0.0751429 -0.0751247 -0.077136 -0.0765058 -0.0774956 -0.0739132 -0.0761158 -0.0818392 -0.0793702 -0.0790249 -0.0785414 -0.0783084 -0.078582 -0.0771626 -0.0764237 -0.074833 -0.0768209 -0.0782248 -0.0770059 -0.0757915 -0.0770332 -0.0744899 -0.0761707 -0.0745009 -0.0746124 -0.0740198 -0.0786582
