20191229 0.12258 0.120778 0.1185 0.11986 0.121481 0.120274 0.126875 0.127582 0.12884 0.128739 0.128052 0.128201 0.124284 0.126311 0.128563 0.130064 0.130907 0.132947 0.132888 0.135191 0.135196 0.133436 0.124567 0.126172 0.127681 0.128388 0.126931 0.125344 0.128541 0.129511 0.128942 0.128787
20191230 0.118038 0.116932 0.115009 0.116116 0.11713 0.11718 0.115811 0.122758 0.120658 0.126624 0.125619 0.122886 0.118981 0.122279 0.123723 0.124628 0.124293 0.128022 0.129235 0.129689 0.13046 0.131502 0.119066 0.121399 0.125067 0.124178 0.123214 0.125594 0.126407 0.12542 0.125778 0.127804
20191231 0.11267 0.113713 0.11258 0.112891 0.114064 0.115935 0.115347 0.116405 0.121332 0.122267 0.12495 0.124319 0.116714 0.118824 0.119916 0.120251 0.12126 0.12184 0.125247 0.126274 0.125571 0.127936 0.113592 0.120379 0.119543 0.118129 0.120472 0.122229 0.119246 0.120758 0.1226 0.124853
20200724 0.113958 0.113178 0.111174 0.112728 0.115447 0.116444 0.116915 0.11826 0.119019 0.119387 0.120893 0.123236 0.115763 0.116766 0.120136 0.124467 0.125552 0.124079 0.126591 0.127538 0.127494 0.127301 0.117543 0.120105 0.118986 0.116902 0.119752 0.117298 0.1219 0.121824 0.123018 0.123433
20200725 0.116056 0.115343 0.113639 0.115004 0.115516 0.117945 0.118595 0.120521 0.119713 0.122929 0.122063 0.122611 0.117542 0.118601 0.119262 0.122706 0.125343 0.126174 0.1258 0.128351 0.129613 0.128702 0.117806 0.118503 0.116104 0.118111 0.119335 0.121553 0.122157 0.122445 0.122982 0.122844
20200726 0.116858 0.115694 0.113607 0.114886 0.115256 0.116549 0.117456 0.119262 0.119848 0.121553 0.121103 0.12245 0.119299 0.120129 0.123009 0.123692 0.125964 0.126261 0.127454 0.127993 0.130546 0.131556 0.118302 0.11622 0.11811 0.118456 0.120805 0.121243 0.121643 0.120856 0.122194 0.120846
20200727 0.120376 0.118935 0.116401 0.117378 0.117794 0.118947 0.118295 0.120423 0.121498 0.125456 0.124977 0.126697 0.122971 0.124611 0.122485 0.126617 0.127795 0.128072 0.128763 0.130377 0.13013 0.133301 0.118643 0.122688 0.119908 0.123814 0.123166 0.124459 0.121897 0.124985 0.123305 0.125426
20200728 0.11663 0.118078 0.115978 0.115896 0.116715 0.117493 0.119458 0.120287 0.121635 0.124139 0.125866 0.125326 0.120504 0.123453 0.123133 0.122558 0.125685 0.128016 0.128437 0.129345 0.130136 0.128471 0.120111 0.12081 0.121962 0.123207 0.123465 0.122506 0.123889 0.121925 0.123528 0.124948
20200729 0.112729 0.112919 0.113843 0.115363 0.116147 0.115549 0.117144 0.11566 0.117202 0.120588 0.121295 0.122356 0.115016 0.119645 0.120215 0.119745 0.119938 0.122757 0.123656 0.123732 0.124666 0.126724 0.11494 0.118382 0.119117 0.118728 0.11922 0.118798 0.118103 0.119487 0.120809 0.120517
20200730 0.109876 0.109176 0.107377 0.110724 0.113075 0.114705 0.114151 0.116671 0.114541 0.115697 0.118547 0.120816 0.113301 0.114835 0.11878 0.119342 0.117973 0.117548 0.12091 0.121673 0.121912 0.124221 0.115176 0.115948 0.116102 0.115431 0.115966 0.115431 0.11707 0.120121 0.120288 0.122843
20200731 0.113098 0.112007 0.110062 0.111664 0.115068 0.116497 0.117169 0.115887 0.117659 0.11638 0.11679 0.119597 0.113902 0.115924 0.115295 0.117025 0.119475 0.118001 0.118876 0.120984 0.121837 0.12258 0.114818 0.116825 0.11668 0.115884 0.115028 0.116378 0.119293 0.12006 0.123181 0.126693
20200801 0.111821 0.109929 0.108081 0.109138 0.109038 0.113075 0.112925 0.115368 0.116021 0.117848 0.115976 0.11758 0.115584 0.116472 0.116347 0.116084 0.119122 0.119984 0.119651 0.120095 0.121421 0.122009 0.113988 0.117394 0.114799 0.113843 0.115183 0.118587 0.119355 0.122126 0.126067 0.122923
20200802 0.112483 0.110505 0.108984 0.109257 0.109812 0.111541 0.114647 0.115418 0.11644 0.116167 0.116944 0.118579 0.114722 0.117632 0.116685 0.11765 0.117806 0.120231 0.12009 0.119316 0.119114 0.12138 0.116361 0.11524 0.113408 0.114954 0.117817 0.118727 0.12018 0.123307 0.120244 0.121232
20200803 0.112942 0.111795 0.110431 0.110974 0.111715 0.112316 0.113309 0.115762 0.1162 0.116991 0.11667 0.117151 0.114395 0.116934 0.117857 0.115914 0.117737 0.116191 0.118595 0.119332 0.120374 0.119073 0.112218 0.112493 0.113424 0.116019 0.116914 0.117474 0.120181 0.117208 0.117124 0.120463
20200804 0.109602 0.110264 0.108693 0.109869 0.109586 0.111777 0.111808 0.112425 0.114742 0.115677 0.116384 0.117244 0.114946 0.116887 0.117008 0.119039 0.117921 0.1184 0.117572 0.120646 0.121417 0.123363 0.11033 0.111916 0.113638 0.116415 0.116093 0.118746 0.117494 0.1156 0.117018 0.119622
20200805 0.108272 0.108894 0.110242 0.110911 0.110928 0.112275 0.11322 0.113515 0.115054 0.116573 0.118474 0.117264 0.112041 0.116217 0.117083 0.11684 0.119953 0.119067 0.1188 0.118232 0.119989 0.121996 0.10996 0.112519 0.113599 0.115376 0.118116 0.116706 0.114779 0.115513 0.11707 0.117497
20200806 0.107793 0.107867 0.106335 0.109098 0.10954 0.11065 0.112129 0.112401 0.113842 0.112731 0.115435 0.116486 0.107697 0.11237 0.113976 0.115643 0.115285 0.117253 0.11602 0.11713 0.116521 0.117934 0.109502 0.112052 0.112876 0.114649 0.112597 0.110039 0.11219 0.114284 0.114149 0.115343
20200807 0.108119 0.106939 0.105799 0.106815 0.110847 0.110841 0.110613 0.112704 0.111912 0.112484 0.111907 0.113937 0.109308 0.108133 0.112853 0.114122 0.115756 0.115045 0.116313 0.114567 0.116091 0.1149 0.11124 0.112582 0.112877 0.110514 0.107211 0.108656 0.112063 0.112524 0.112743 0.113937
20200808 0.112138 0.110721 0.109178 0.10991 0.110684 0.114332 0.114196 0.113992 0.115213 0.115772 0.1167 0.11544 0.113386 0.114128 0.113186 0.11775 0.117961 0.120002 0.118507 0.118753 0.117489 0.119018 0.115352 0.116834 0.114959 0.112092 0.114367 0.11567 0.117908 0.119005 0.117562 0.117191
20200809 0.115727 0.11438 0.11223 0.112586 0.113226 0.114367 0.116497 0.117438 0.118364 0.119029 0.119592 0.120712 0.117881 0.118146 0.117574 0.119164 0.121236 0.121826 0.123121 0.121793 0.122999 0.121277 0.117767 0.11716 0.115343 0.117853 0.118766 0.122494 0.123119 0.121873 0.121458 0.121793
20200810 0.119873 0.118494 0.116345 0.116193 0.116615 0.117186 0.118179 0.121006 0.121979 0.121148 0.122662 0.123873 0.122371 0.125337 0.122611 0.124112 0.125946 0.127603 0.129348 0.129838 0.129732 0.131838 0.119597 0.120221 0.120833 0.122263 0.125547 0.126619 0.12627 0.126023 0.124058 0.126486
20200811 0.115843 0.115632 0.113758 0.114427 0.115316 0.116354 0.117757 0.118345 0.118818 0.119749 0.121295 0.124792 0.120496 0.122532 0.123189 0.121657 0.12121 0.123138 0.125532 0.12619 0.127091 0.127798 0.117616 0.119207 0.120298 0.124025 0.124333 0.124247 0.12334 0.12136 0.123616 0.122857
20200812 0.112856 0.113126 0.112478 0.113122 0.113558 0.114687 0.114132 0.114922 0.116496 0.118537 0.12007 0.120853 0.11679 0.121164 0.121463 0.123385 0.121867 0.120617 0.121983 0.12363 0.124685 0.125036 0.116362 0.119637 0.122055 0.121969 0.122071 0.121172 0.120568 0.123191 0.122282 0.122596
20200813 0.116662 0.116246 0.114328 0.117846 0.118219 0.119065 0.11921 0.119161 0.120156 0.120366 0.123495 0.123592 0.116942 0.12035 0.123584 0.124146 0.127162 0.123983 0.123455 0.122916 0.125748 0.127541 0.119097 0.123061 0.122155 0.122424 0.121462 0.120671 0.123156 0.121939 0.123889 0.125905
20200814 0.116861 0.116015 0.113957 0.114718 0.117524 0.118235 0.118132 0.120385 0.119732 0.120663 0.120658 0.122631 0.119639 0.12012 0.120225 0.124076 0.125013 0.126725 0.124154 0.123393 0.123944 0.127111 0.121469 0.122434 0.122887 0.121289 0.120674 0.122619 0.121724 0.124083 0.126679 0.127065
20200815 0.117394 0.116862 0.11414 0.115421 0.115281 0.118511 0.118103 0.118744 0.12038 0.120464 0.120239 0.122388 0.117227 0.120848 0.119381 0.120142 0.123152 0.124137 0.124747 0.12349 0.122864 0.124457 0.119423 0.120962 0.119095 0.118537 0.120703 0.121699 0.123024 0.125509 0.12588 0.125756
20200816 0.115677 0.115245 0.113042 0.114018 0.114663 0.114647 0.116936 0.118108 0.118043 0.119187 0.118719 0.119142 0.118495 0.118191 0.118088 0.118449 0.119551 0.121116 0.122798 0.122873 0.122261 0.123093 0.117033 0.11494 0.115673 0.116557 0.117277 0.118497 0.120563 0.121207 0.120697 0.120659
20200817 0.116121 0.114211 0.111728 0.112798 0.113585 0.11362 0.114969 0.117474 0.117507 0.117985 0.118641 0.118446 0.118707 0.120491 0.119365 0.118774 0.119642 0.121435 0.122952 0.124369 0.124268 0.124698 0.115319 0.117321 0.117814 0.118072 0.119619 0.121499 0.122814 0.121367 0.121317 0.124123
20200818 0.114062 0.115225 0.112926 0.113813 0.114563 0.115085 0.11633 0.115742 0.11927 0.119785 0.119797 0.119238 0.118432 0.120741 0.121239 0.12051 0.121297 0.121166 0.122445 0.124042 0.124503 0.12568 0.11585 0.117377 0.118967 0.119651 0.121118 0.122072 0.120834 0.118933 0.122294 0.122485
20200819 0.11254 0.112721 0.113464 0.114506 0.114712 0.115609 0.116217 0.11553 0.118134 0.119552 0.119078 0.120873 0.116519 0.121102 0.121012 0.122531 0.12139 0.122805 0.122584 0.123581 0.127675 0.127496 0.115927 0.120202 0.120053 0.121506 0.121412 0.122781 0.120831 0.123504 0.124995 0.127925
20200820 0.113209 0.112618 0.109896 0.113328 0.114226 0.11449 0.114697 0.114586 0.116458 0.118713 0.120039 0.118984 0.114945 0.118329 0.12161 0.121509 0.124428 0.124177 0.124583 0.126039 0.126047 0.129678 0.117348 0.120519 0.120802 0.120925 0.121299 0.117881 0.121569 0.123675 0.125462 0.130694
20200821 0.115037 0.114966 0.112293 0.113446 0.116932 0.116835 0.117533 0.118422 0.118788 0.119638 0.120756 0.121568 0.116081 0.118366 0.120096 0.123922 0.123239 0.127072 0.127076 0.126338 0.127527 0.127244 0.118665 0.121713 0.121402 0.119417 0.1154 0.118337 0.120906 0.1221 0.126349 0.123488
20200822 0.115686 0.115352 0.112049 0.112171 0.113451 0.118626 0.119262 0.120734 0.119554 0.12094 0.121226 0.120276 0.117764 0.118548 0.11796 0.119047 0.12373 0.122368 0.12437 0.125532 0.124202 0.123451 0.120535 0.119706 0.117416 0.114576 0.117789 0.118221 0.120456 0.123699 0.121818 0.124291
20200823 0.113669 0.11357 0.111132 0.111845 0.112276 0.112825 0.117851 0.117511 0.119276 0.119568 0.119447 0.118193 0.113339 0.116804 0.116329 0.114893 0.11572 0.119428 0.117976 0.120275 0.121466 0.118495 0.112914 0.113741 0.111281 0.114484 0.114272 0.11742 0.119856 0.117151 0.120686 0.118925
20200824 0.111663 0.110742 0.109183 0.109981 0.110734 0.111642 0.112384 0.119384 0.119403 0.121173 0.119422 0.121706 0.112977 0.114022 0.116424 0.116468 0.11647 0.116293 0.118885 0.117547 0.119223 0.120323 0.112475 0.111479 0.113899 0.114152 0.117271 0.119158 0.114976 0.118064 0.115396 0.118284
20200825 0.110618 0.112113 0.110436 0.111411 0.11273 0.113253 0.113288 0.114245 0.118109 0.118012 0.120559 0.120264 0.113954 0.11629 0.115583 0.117363 0.116863 0.117592 0.118222 0.121631 0.120153 0.121853 0.109822 0.112454 0.114176 0.115503 0.117972 0.114596 0.116003 0.112587 0.116617 0.117576
20200826 0.111142 0.111084 0.112185 0.113603 0.11416 0.11513 0.11674 0.116264 0.11621 0.11912 0.120968 0.121839 0.115366 0.120132 0.121098 0.119786 0.121607 0.121671 0.121891 0.121926 0.125178 0.123702 0.114091 0.116179 0.117434 0.119266 0.116017 0.117936 0.115019 0.11835 0.118359 0.119682
20200827 0.113988 0.113834 0.111414 0.116787 0.117332 0.118007 0.118689 0.119222 0.118698 0.119686 0.124323 0.122698 0.113955 0.117881 0.122396 0.123082 0.121389 0.124027 0.123464 0.123439 0.123986 0.125928 0.114279 0.116473 0.118891 0.117945 0.119385 0.117352 0.119538 0.11957 0.119849 0.119116
20200828 0.115165 0.115224 0.112121 0.113219 0.119016 0.120376 0.121144 0.120498 0.119975 0.120502 0.120713 0.124623 0.117812 0.118128 0.12302 0.124616 0.124899 0.123644 0.126534 0.1257 0.126477 0.127343 0.115806 0.121043 0.120016 0.119789 0.119801 0.120181 0.119377 0.121972 0.120309 0.122645
20200829 0.120184 0.118739 0.114841 0.115568 0.116966 0.120638 0.122187 0.122514 0.122902 0.123724 0.126744 0.128365 0.124471 0.126986 0.125304 0.130499 0.131589 0.132573 0.13118 0.132974 0.133049 0.133918 0.124355 0.127368 0.12616 0.126284 0.127109 0.124094 0.128001 0.127555 0.128248 0.127641
20200830 0.122158 0.121133 0.118211 0.120286 0.12131 0.12219 0.12568 0.125677 0.124491 0.12494 0.126387 0.128562 0.125244 0.128336 0.129229 0.127491 0.130554 0.131971 0.133277 0.131311 0.132901 0.133926 0.126657 0.126375 0.125158 0.128805 0.125976 0.128095 0.127722 0.12901 0.127422 0.126978
20200831 0.122631 0.122515 0.11985 0.120735 0.122096 0.121855 0.122024 0.126296 0.124007 0.125821 0.127392 0.126961 0.125547 0.12718 0.127709 0.128182 0.127007 0.130471 0.131682 0.133292 0.132401 0.133097 0.121588 0.121983 0.128226 0.12471 0.127364 0.12619 0.126935 0.127282 0.125245 0.126292
20200901 0.120756 0.121223 0.118322 0.119052 0.119708 0.121527 0.121284 0.122408 0.125335 0.126338 0.126916 0.130109 0.125824 0.12982 0.128933 0.128649 0.129047 0.12738 0.130791 0.132911 0.134087 0.132546 0.121628 0.129616 0.12771 0.129689 0.128287 0.126344 0.127391 0.126022 0.126134 0.126516
20200902 0.118279 0.118698 0.117588 0.118479 0.119805 0.120982 0.121157 0.122734 0.124057 0.127963 0.127966 0.126822 0.123501 0.127637 0.128901 0.128596 0.128299 0.127083 0.125656 0.127535 0.131546 0.133243 0.126544 0.129094 0.129536 0.128408 0.124589 0.123643 0.12347 0.123872 0.123939 0.125775
20200903 0.119576 0.119069 0.117511 0.12068 0.12167 0.121881 0.121287 0.12302 0.123122 0.123327 0.12681 0.126771 0.119651 0.124244 0.126147 0.128578 0.125361 0.126759 0.12506 0.124709 0.127507 0.130253 0.123487 0.125731 0.126039 0.123879 0.120661 0.120585 0.122526 0.121257 0.123255 0.124852
20200904 0.118611 0.117037 0.115007 0.115775 0.121485 0.122379 0.123321 0.123686 0.124666 0.125606 0.12582 0.129633 0.124232 0.125456 0.127647 0.129257 0.132521 0.128831 0.129595 0.127719 0.127599 0.131577 0.121586 0.124735 0.126441 0.121995 0.119588 0.122358 0.123606 0.123932 0.124163 0.124411
20200905 0.120338 0.118346 0.11587 0.11697 0.118503 0.123182 0.124273 0.126221 0.127582 0.128932 0.1285 0.128956 0.1249 0.129446 0.127128 0.129683 0.130807 0.13265 0.130061 0.131658 0.131038 0.131227 0.124738 0.129346 0.124196 0.122873 0.124873 0.126711 0.127825 0.127565 0.128618 0.130585
20200906 0.123804 0.122007 0.11901 0.119621 0.120545 0.121143 0.125914 0.126573 0.127317 0.128806 0.127734 0.130312 0.126379 0.132039 0.13194 0.128162 0.130072 0.133054 0.134356 0.132675 0.134157 0.134125 0.127713 0.125053 0.122852 0.123845 0.124703 0.128074 0.126425 0.128068 0.130444 0.128007
20200907 0.123912 0.122275 0.119386 0.119997 0.120648 0.122242 0.121965 0.12548 0.125591 0.126834 0.129185 0.129164 0.127269 0.130736 0.130109 0.130681 0.127056 0.129567 0.132077 0.134556 0.133333 0.1337 0.123475 0.12304 0.122402 0.122816 0.127199 0.12563 0.127804 0.128467 0.125508 0.126491
20200908 0.119024 0.120474 0.118032 0.118396 0.11898 0.119163 0.119776 0.120578 0.126048 0.125387 0.126179 0.1282 0.124777 0.128294 0.128631 0.126665 0.126861 0.127359 0.12977 0.131527 0.133383 0.131769 0.120761 0.122206 0.121635 0.125706 0.125219 0.125973 0.126121 0.124599 0.123057 0.127339
20200909 0.118188 0.118487 0.11964 0.119723 0.121458 0.121797 0.121737 0.121624 0.123399 0.127078 0.125597 0.128476 0.121144 0.128037 0.125835 0.126945 0.125191 0.127007 0.128239 0.12864 0.129779 0.130679 0.121414 0.122408 0.125858 0.126019 0.127201 0.125878 0.126348 0.123785 0.127604 0.12865
20200910 0.119461 0.119424 0.116812 0.120091 0.121303 0.121653 0.122484 0.122655 0.123251 0.122296 0.127013 0.127551 0.120423 0.124577 0.128666 0.125843 0.128271 0.127363 0.128636 0.127782 0.128955 0.130254 0.122332 0.126483 0.125823 0.128342 0.127741 0.127444 0.125637 0.128022 0.127648 0.129793
20200911 0.121222 0.120688 0.117241 0.117509 0.120989 0.121022 0.122571 0.125709 0.125904 0.125224 0.124489 0.129681 0.122093 0.124859 0.125994 0.1309 0.128746 0.130697 0.129877 0.129394 0.129085 0.132558 0.125132 0.125578 0.128492 0.127923 0.12671 0.124645 0.127139 0.12736 0.129075 0.131248
20200912 0.121344 0.120361 0.118225 0.118876 0.119206 0.123343 0.124074 0.125193 0.129834 0.128243 0.128645 0.12708 0.121894 0.123936 0.125431 0.127436 0.132577 0.130414 0.132453 0.129481 0.130349 0.13065 0.124514 0.128926 0.12687 0.126621 0.12717 0.127446 0.128516 0.12984 0.129102 0.129389
20200913 0.122143 0.120984 0.117761 0.118721 0.119138 0.120417 0.124074 0.124986 0.125407 0.126895 0.125468 0.128691 0.12408 0.124178 0.126509 0.126754 0.128045 0.132871 0.131547 0.13236 0.128743 0.130822 0.124015 0.125079 0.12441 0.12374 0.125266 0.126831 0.127378 0.126778 0.12596 0.129171
20200914 0.119579 0.118734 0.116426 0.116402 0.116595 0.117907 0.119341 0.120831 0.124271 0.125086 0.124496 0.126783 0.123702 0.127378 0.12524 0.126623 0.125307 0.126425 0.131815 0.129582 0.130271 0.127851 0.122314 0.123765 0.121063 0.123673 0.124933 0.124239 0.126155 0.123591 0.125494 0.124865
20200915 0.115322 0.116609 0.11506 0.115992 0.116181 0.117302 0.118612 0.120448 0.119967 0.124407 0.121893 0.125375 0.120809 0.123129 0.124378 0.123491 0.123741 0.121519 0.124459 0.127258 0.126097 0.127715 0.117115 0.120268 0.120628 0.121778 0.120552 0.12209 0.120097 0.123039 0.120942 0.120612
20200916 0.117636 0.117963 0.11949 0.120473 0.120535 0.120897 0.122537 0.122387 0.12283 0.124711 0.127545 0.127883 0.121436 0.129418 0.129171 0.12994 0.127032 0.129025 0.127849 0.130585 0.131952 0.131415 0.123344 0.124931 0.126194 0.125776 0.12591 0.123998 0.127653 0.125894 0.124597 0.127993
20200917 0.116703 0.116842 0.11517 0.120198 0.120871 0.120726 0.121697 0.123886 0.124728 0.124448 0.128733 0.130923 0.120648 0.125584 0.128588 0.129352 0.128005 0.124988 0.128275 0.125552 0.127556 0.13051 0.121886 0.125782 0.126676 0.126968 0.123994 0.12391 0.123343 0.12351 0.125368 0.127516
20200918 0.113257 0.113312 0.111411 0.112221 0.117122 0.117119 0.116851 0.117028 0.119217 0.118268 0.118658 0.122214 0.114163 0.118963 0.121233 0.122321 0.122002 0.121954 0.120064 0.123475 0.11908 0.121697 0.116541 0.120597 0.121337 0.118336 0.118098 0.11654 0.119194 0.121024 0.122071 0.122616
20200919 0.114772 0.113763 0.112946 0.113824 0.114658 0.11803 0.118766 0.119389 0.119182 0.121309 0.122164 0.11989 0.117343 0.119477 0.11984 0.120839 0.122372 0.120784 0.121011 0.119415 0.121746 0.119327 0.118371 0.120642 0.116378 0.119109 0.1166 0.117861 0.121467 0.121222 0.123036 0.122033
20200920 0.118251 0.116883 0.115183 0.115225 0.116529 0.115862 0.120903 0.121575 0.121752 0.124714 0.124729 0.125308 0.121924 0.12609 0.124566 0.124347 0.125876 0.128137 0.127647 0.127143 0.125489 0.127086 0.12139 0.119815 0.121783 0.121643 0.120921 0.124603 0.124171 0.12597 0.123883 0.124044
20200921 0.118093 0.116012 0.11452 0.11532 0.115019 0.115582 0.116778 0.119374 0.121691 0.123059 0.123134 0.124111 0.119374 0.124665 0.12636 0.123484 0.124565 0.128234 0.12899 0.129482 0.129418 0.127857 0.117715 0.119009 0.121015 0.120406 0.123931 0.12218 0.123674 0.120167 0.120832 0.12209
20200922 0.112968 0.114226 0.112973 0.113389 0.114027 0.114625 0.115736 0.117486 0.118535 0.122793 0.122474 0.12147 0.118781 0.118825 0.121937 0.123461 0.12218 0.124483 0.126374 0.126234 0.126072 0.127133 0.114366 0.117128 0.116407 0.120763 0.119198 0.120574 0.117366 0.116898 0.119453 0.117894
20200923 0.11219 0.112457 0.113006 0.113523 0.113992 0.114958 0.114859 0.115108 0.117014 0.123134 0.12632 0.120024 0.115442 0.12232 0.120404 0.122413 0.125277 0.12465 0.12723 0.127825 0.128386 0.12771 0.115729 0.117352 0.121323 0.12127 0.123825 0.11971 0.119172 0.120773 0.120506 0.12135
20200924 0.113453 0.113224 0.11198 0.115697 0.11603 0.116563 0.118374 0.117312 0.119345 0.120572 0.12788 0.131789 0.115526 0.119461 0.125472 0.123877 0.1249 0.12675 0.125415 0.127243 0.127767 0.129617 0.11525 0.120166 0.121481 0.124698 0.120044 0.119536 0.120623 0.121028 0.121897 0.12544
20200925 0.115691 0.115078 0.112963 0.114927 0.120389 0.120962 0.12052 0.121529 0.121299 0.12299 0.122286 0.126793 0.119318 0.121213 0.123325 0.128373 0.126877 0.127784 0.128969 0.128941 0.129706 0.13021 0.12026 0.12338 0.126263 0.122052 0.119353 0.119402 0.12074 0.121051 0.123578 0.124879
20200926 0.114133 0.112844 0.111187 0.111983 0.11304 0.116577 0.117486 0.117446 0.118354 0.117049 0.118068 0.120593 0.113435 0.11718 0.117733 0.120736 0.125619 0.123096 0.125125 0.127398 0.127212 0.127241 0.117174 0.120998 0.118552 0.115914 0.117685 0.118272 0.117481 0.1196 0.12164 0.124716
20200927 0.114005 0.113392 0.111977 0.112587 0.113025 0.113345 0.118221 0.11822 0.119417 0.119126 0.12075 0.118294 0.115428 0.115554 0.117709 0.11915 0.122231 0.126566 0.124274 0.125205 0.126874 0.12643 0.116703 0.117465 0.114489 0.117947 0.117248 0.117637 0.11817 0.119884 0.122591 0.123086
20200928 0.115826 0.114043 0.11268 0.113507 0.113863 0.114769 0.116027 0.118966 0.119484 0.121323 0.120839 0.123638 0.117258 0.119164 0.117991 0.119585 0.120396 0.122143 0.12535 0.125138 0.126077 0.126526 0.11634 0.116228 0.117887 0.116578 0.118394 0.117987 0.118923 0.120733 0.120796 0.121491
20200929 0.11325 0.113868 0.113103 0.11417 0.114628 0.115365 0.115698 0.116552 0.119627 0.118703 0.120796 0.120865 0.11692 0.118884 0.120328 0.118771 0.11995 0.121073 0.122311 0.124911 0.124351 0.125775 0.113272 0.115335 0.114626 0.116123 0.116105 0.116594 0.116749 0.116632 0.118078 0.119514
20200930 0.113031 0.113345 0.115523 0.116401 0.116902 0.117892 0.11763 0.118318 0.119667 0.122947 0.123738 0.125345 0.118436 0.122852 0.122498 0.123865 0.12323 0.123842 0.124179 0.12391 0.127776 0.126507 0.115706 0.118891 0.120539 0.121799 0.122678 0.1221 0.1216 0.121659 0.123792 0.124398
20201001 0.118786 0.118228 0.115566 0.12081 0.12108 0.121098 0.123078 0.123863 0.126194 0.127314 0.129867 0.12927 0.120153 0.125868 0.129144 0.129391 0.129932 0.129481 0.129002 0.130879 0.131147 0.136077 0.121805 0.126105 0.126833 0.128141 0.127149 0.126084 0.12715 0.126594 0.127772 0.129069
20201002 0.119269 0.118369 0.116027 0.117591 0.120682 0.120993 0.122283 0.123331 0.124096 0.126714 0.127806 0.129158 0.12152 0.123619 0.125267 0.12795 0.128938 0.128741 0.128004 0.130037 0.13203 0.13155 0.12376 0.124814 0.125205 0.124741 0.123616 0.124746 0.124983 0.124599 0.127461 0.129289
20201003 0.115812 0.114757 0.112865 0.113814 0.114719 0.116709 0.116048 0.117799 0.118775 0.120213 0.121886 0.123614 0.11792 0.121191 0.120924 0.121612 0.123707 0.125125 0.124792 0.124287 0.127093 0.127378 0.117903 0.120213 0.119763 0.119344 0.119308 0.119347 0.119475 0.122528 0.1243 0.123534
20201004 0.112998 0.111191 0.109839 0.110567 0.111865 0.112544 0.115987 0.116938 0.117454 0.118287 0.120937 0.121696 0.115894 0.118145 0.12061 0.119412 0.119213 0.122819 0.124395 0.124804 0.124718 0.126999 0.116331 0.11766 0.116728 0.116389 0.117087 0.117119 0.119745 0.121401 0.11964 0.118792
20201005 0.115668 0.11376 0.111913 0.112305 0.113132 0.114483 0.116148 0.120713 0.122175 0.120731 0.124401 0.124822 0.11783 0.12259 0.121956 0.124769 0.123633 0.124098 0.126979 0.129041 0.129376 0.129578 0.117215 0.119424 0.119506 0.121715 0.121428 0.123444 0.125342 0.122925 0.121239 0.123786
20201006 0.113947 0.114249 0.11277 0.114077 0.115188 0.115528 0.116577 0.116327 0.120865 0.122777 0.123709 0.126757 0.117716 0.120614 0.123726 0.12303 0.124131 0.124892 0.124865 0.12807 0.129259 0.130581 0.116551 0.119994 0.121479 0.121331 0.122242 0.125307 0.123593 0.12219 0.12287 0.12417
20201007 0.113026 0.113362 0.113451 0.114343 0.114692 0.115274 0.115804 0.11537 0.115458 0.119081 0.119612 0.120561 0.115539 0.120174 0.12136 0.123247 0.122705 0.124476 0.125576 0.124704 0.127694 0.127644 0.115884 0.118767 0.118401 0.117816 0.121969 0.11947 0.118877 0.118344 0.120584 0.120653
20201008 0.112929 0.113443 0.112069 0.115455 0.116521 0.115341 0.116367 0.115397 0.11622 0.118277 0.121402 0.120868 0.115302 0.119799 0.122282 0.122645 0.123771 0.122998 0.125348 0.126292 0.124637 0.127037 0.116173 0.11741 0.116576 0.120797 0.118517 0.119279 0.119486 0.122977 0.121099 0.122895
20201009 0.11492 0.115663 0.113737 0.114797 0.118939 0.120014 0.120503 0.11991 0.11882 0.122231 0.12052 0.125836 0.115707 0.119142 0.123286 0.124442 0.125223 0.125871 0.124528 0.125831 0.126411 0.125887 0.117656 0.117804 0.121209 0.119067 0.11907 0.119797 0.12467 0.121541 0.12362 0.125801
20201010 0.116235 0.116661 0.114566 0.115048 0.114713 0.118764 0.119775 0.121333 0.121867 0.121495 0.123271 0.121279 0.117953 0.120156 0.121709 0.12509 0.126196 0.127009 0.126857 0.124841 0.124946 0.127055 0.116287 0.120703 0.117326 0.118124 0.118063 0.121821 0.120517 0.121796 0.124518 0.124069
20201011 0.117335 0.117646 0.115608 0.116093 0.116029 0.117063 0.123106 0.124407 0.122839 0.123842 0.124941 0.123737 0.119643 0.121269 0.123037 0.123103 0.126277 0.127759 0.127425 0.128278 0.125728 0.125397 0.120289 0.120497 0.11936 0.119377 0.122423 0.121557 0.12319 0.124697 0.124641 0.123324
20201012 0.117127 0.116297 0.115186 0.11539 0.115545 0.116684 0.117306 0.121453 0.123732 0.125091 0.125991 0.124626 0.119127 0.122261 0.122243 0.122494 0.12388 0.126422 0.127643 0.126262 0.12841 0.126401 0.11902 0.117424 0.120443 0.121046 0.120131 0.122777 0.122743 0.122569 0.121177 0.122553
20201013 0.116386 0.117942 0.116831 0.117932 0.11795 0.118574 0.119694 0.121847 0.126256 0.128126 0.126848 0.128954 0.119565 0.122352 0.12364 0.124788 0.12433 0.126292 0.128089 0.128048 0.127049 0.128506 0.116001 0.122971 0.122463 0.122339 0.122203 0.122987 0.121977 0.119482 0.121717 0.12496
20201014 0.112662 0.113005 0.115056 0.115989 0.11628 0.115639 0.117517 0.119982 0.122362 0.124961 0.128212 0.126026 0.119196 0.122372 0.123696 0.124779 0.12581 0.125451 0.126557 0.127964 0.127194 0.127321 0.118328 0.120919 0.122414 0.120998 0.122096 0.120975 0.121195 0.123266 0.125473 0.123801
20201015 0.113603 0.113363 0.111741 0.117708 0.118383 0.118904 0.119323 0.11987 0.120454 0.122027 0.124018 0.125933 0.115177 0.123484 0.124613 0.123906 0.125132 0.125178 0.12457 0.1262 0.126972 0.126981 0.117893 0.120373 0.120591 0.120803 0.118911 0.119941 0.121316 0.123572 0.121897 0.124576
20201016 0.113632 0.1132 0.111861 0.112116 0.11726 0.119248 0.120401 0.121371 0.121768 0.120071 0.12152 0.12697 0.114342 0.116915 0.122753 0.123945 0.123888 0.12495 0.125294 0.124365 0.126068 0.125987 0.116441 0.119917 0.118478 0.117956 0.118571 0.119971 0.121655 0.121201 0.122492 0.123951
20201017 0.113625 0.112871 0.11177 0.113174 0.113158 0.119233 0.120306 0.121396 0.121664 0.12192 0.122727 0.124325 0.1155 0.118003 0.117573 0.12329 0.124471 0.124271 0.124045 0.123574 0.123356 0.123915 0.116796 0.117615 0.117416 0.115611 0.117907 0.119519 0.119879 0.121143 0.123015 0.123576
20201018 0.114293 0.114482 0.112954 0.113848 0.114284 0.114752 0.118983 0.119576 0.120249 0.121094 0.120866 0.121976 0.117069 0.120727 0.121884 0.119885 0.125052 0.126493 0.12489 0.124157 0.126483 0.124723 0.116337 0.117067 0.115406 0.118529 0.119967 0.119337 0.121763 0.123931 0.12307 0.122428
20201019 0.120421 0.118767 0.117255 0.118574 0.118531 0.118999 0.120062 0.12367 0.124606 0.127797 0.128575 0.126304 0.121896 0.124275 0.126028 0.125798 0.125185 0.130038 0.130889 0.128799 0.128942 0.131949 0.120332 0.121241 0.124006 0.124176 0.123206 0.126584 0.128158 0.124667 0.123751 0.123381
20201020 0.118231 0.118337 0.117063 0.118106 0.119597 0.119382 0.121349 0.122387 0.126085 0.128373 0.129374 0.131616 0.123119 0.125129 0.127073 0.127773 0.12864 0.127921 0.130156 0.131069 0.130125 0.129703 0.12012 0.124742 0.124856 0.123203 0.127258 0.129383 0.124554 0.123831 0.124203 0.125933
20201021 0.112378 0.112842 0.11513 0.115766 0.116881 0.116754 0.119171 0.118944 0.120652 0.122937 0.124875 0.123976 0.116376 0.121962 0.122017 0.122533 0.123337 0.12533 0.123325 0.124512 0.124733 0.124438 0.115553 0.11926 0.118602 0.120484 0.122851 0.119881 0.119524 0.120119 0.121743 0.124724
20201022 0.110155 0.110625 0.108546 0.112336 0.113105 0.113514 0.115425 0.115361 0.117097 0.117492 0.118578 0.122054 0.114099 0.11935 0.122376 0.121993 0.121134 0.122652 0.124294 0.119839 0.121579 0.120347 0.113736 0.117227 0.119979 0.11816 0.116403 0.116626 0.115976 0.117235 0.12161 0.122633
20201023 0.113431 0.113439 0.112 0.112379 0.116887 0.118487 0.120245 0.11962 0.119901 0.118602 0.122105 0.123463 0.116422 0.120578 0.125297 0.126966 0.125973 0.125581 0.125228 0.126786 0.123534 0.125144 0.117439 0.123623 0.120721 0.117216 0.116987 0.117939 0.117965 0.122368 0.12409 0.12691
20201024 0.117028 0.11659 0.114258 0.114723 0.115448 0.11998 0.121584 0.122366 0.124289 0.123371 0.124562 0.125723 0.118806 0.122885 0.125523 0.129046 0.130594 0.129289 0.128627 0.128707 0.130058 0.127148 0.122717 0.1251 0.121379 0.120223 0.121902 0.12159 0.126486 0.12801 0.13096 0.130553
20201025 0.116553 0.114967 0.113245 0.11416 0.114966 0.116073 0.119569 0.118909 0.120667 0.125311 0.127038 0.127186 0.117185 0.119134 0.121342 0.123522 0.126965 0.129636 0.128618 0.127177 0.128254 0.129924 0.11974 0.119002 0.117823 0.117086 0.116503 0.120721 0.122222 0.1239 0.124319 0.122938
20201026 0.118571 0.116937 0.115213 0.116371 0.118121 0.117741 0.120029 0.122672 0.123649 0.125186 0.125657 0.126466 0.121385 0.122176 0.122104 0.123493 0.124711 0.127821 0.131634 0.129891 0.128131 0.128817 0.11788 0.121059 0.119176 0.118147 0.12186 0.123004 0.124381 0.126973 0.122684 0.122226
20201027 0.113556 0.11546 0.114036 0.114589 0.115485 0.116356 0.117175 0.117869 0.120085 0.122355 0.121371 0.123078 0.118485 0.122268 0.119364 0.120427 0.121509 0.124063 0.12646 0.1299 0.128431 0.127792 0.117002 0.118384 0.11805 0.11998 0.121472 0.123671 0.125539 0.120294 0.121524 0.123586
20201028 0.110432 0.110504 0.11267 0.113308 0.113633 0.114048 0.114929 0.115636 0.11616 0.121169 0.118713 0.122606 0.114539 0.119694 0.122053 0.118277 0.119788 0.120814 0.123634 0.125197 0.128124 0.127619 0.113187 0.116512 0.118455 0.119875 0.12371 0.123798 0.11702 0.120069 0.121083 0.120847
20201029 0.113044 0.112767 0.109835 0.114706 0.115098 0.116302 0.117568 0.117764 0.118483 0.120935 0.125349 0.123517 0.115073 0.121264 0.125006 0.126401 0.122913 0.124639 0.124894 0.12774 0.130866 0.133698 0.115777 0.121339 0.122443 0.125244 0.124003 0.117838 0.120064 0.122171 0.121662 0.124374
20201030 0.119333 0.118368 0.114729 0.11576 0.120029 0.121257 0.122 0.123117 0.124339 0.125358 0.129285 0.13033 0.121351 0.123784 0.127854 0.131022 0.131798 0.128553 0.130282 0.130474 0.132768 0.135562 0.126168 0.127923 0.130464 0.129421 0.124206 0.125566 0.127919 0.127825 0.128741 0.128997
20201031 0.124766 0.122764 0.120487 0.121746 0.12193 0.125379 0.125306 0.126262 0.128026 0.129363 0.130418 0.131628 0.125405 0.128844 0.128209 0.1306 0.134363 0.132766 0.132567 0.134347 0.134718 0.134657 0.128368 0.13286 0.132752 0.127746 0.129828 0.130815 0.130384 0.130478 0.131497 0.131635
20201101 0.124074 0.1224 0.120723 0.121824 0.123062 0.123127 0.126536 0.127533 0.130332 0.130252 0.128562 0.128315 0.12521 0.12769 0.12811 0.128928 0.130368 0.134753 0.134277 0.133704 0.136041 0.134149 0.129 0.129024 0.124521 0.127337 0.127478 0.126232 0.129127 0.129694 0.129496 0.129286
20201102 0.118986 0.11835 0.115815 0.11764 0.117247 0.118092 0.118705 0.123571 0.126248 0.125041 0.127165 0.12671 0.122202 0.124647 0.122792 0.123755 0.124756 0.124912 0.130527 0.129502 0.130581 0.132008 0.119503 0.118827 0.122647 0.121746 0.122423 0.12571 0.124599 0.122613 0.122753 0.122749
20201103 0.115765 0.117636 0.116317 0.11693 0.117838 0.11935 0.12006 0.122296 0.1263 0.127252 0.124016 0.125636 0.119861 0.123419 0.124002 0.122114 0.124738 0.126542 0.126097 0.131127 0.129387 0.130412 0.116787 0.122744 0.121188 0.122438 0.126151 0.124591 0.12091 0.122243 0.122425 0.123801
20201104 0.114782 0.114946 0.116772 0.117962 0.118616 0.119354 0.120514 0.12032 0.122363 0.12606 0.126163 0.126628 0.12207 0.12663 0.12676 0.127046 0.126024 0.12912 0.13093 0.130097 0.133257 0.132971 0.120025 0.123064 0.123819 0.126824 0.126003 0.12318 0.122804 0.122739 0.122982 0.123636
20201105 0.119688 0.119639 0.117675 0.122574 0.124346 0.122745 0.125266 0.126034 0.127378 0.129775 0.132498 0.133878 0.120626 0.128641 0.132975 0.132946 0.133626 0.131534 0.133807 0.133285 0.133345 0.136106 0.12397 0.127069 0.129878 0.127917 0.12669 0.125322 0.125228 0.125674 0.127267 0.127601
20201106 0.116801 0.115924 0.114537 0.116052 0.119651 0.120186 0.121641 0.121129 0.122663 0.129226 0.12925 0.130062 0.120074 0.120798 0.124035 0.128778 0.130448 0.131609 0.128046 0.129218 0.128884 0.128632 0.12172 0.12723 0.126008 0.122707 0.121057 0.122222 0.122049 0.123698 0.12397 0.124902
20201107 0.114359 0.113452 0.112231 0.113433 0.114159 0.119268 0.119723 0.119489 0.122276 0.121489 0.125157 0.124436 0.114747 0.120687 0.118202 0.121118 0.125503 0.128281 0.129178 0.125659 0.126708 0.126422 0.119439 0.123331 0.119414 0.116499 0.119464 0.118069 0.119966 0.121276 0.12165 0.11679
20201108 0.115178 0.114648 0.112822 0.113603 0.113893 0.114422 0.117649 0.118234 0.118716 0.122238 0.119931 0.122941 0.116278 0.120855 0.121415 0.119991 0.126081 0.127155 0.127581 0.126941 0.125179 0.127609 0.119893 0.119637 0.115901 0.118511 0.118841 0.11963 0.121642 0.123293 0.11971 0.120092
20201109 0.115397 0.115303 0.114056 0.114087 0.114231 0.115124 0.115708 0.120989 0.123122 0.121601 0.122441 0.1219 0.118778 0.121802 0.123527 0.122508 0.12156 0.127179 0.128891 0.128569 0.127567 0.127048 0.114863 0.115204 0.116396 0.117088 0.118146 0.120762 0.122541 0.11865 0.118731 0.118481
20201110 0.116477 0.118952 0.116276 0.116313 0.116735 0.117556 0.118602 0.119164 0.12206 0.123519 0.123071 0.125603 0.121456 0.125387 0.125785 0.124965 0.125215 0.124104 0.128484 0.131367 0.132332 0.131571 0.118243 0.120852 0.121357 0.121669 0.12443 0.126004 0.121903 0.121773 0.121258 0.122664
20201111 0.115157 0.115445 0.116497 0.117597 0.117665 0.118928 0.118335 0.11994 0.119455 0.123413 0.124818 0.12347 0.1177 0.122192 0.124416 0.124059 0.124278 0.124046 0.123787 0.129397 0.131411 0.131795 0.116659 0.119653 0.12007 0.120664 0.122444 0.118482 0.119532 0.119697 0.121917 0.12198
20201112 0.116041 0.116021 0.113495 0.11834 0.119001 0.119518 0.119599 0.119326 0.120805 0.120487 0.12336 0.123277 0.118753 0.122679 0.124396 0.126469 0.1257 0.125624 0.125337 0.1248 0.130462 0.130642 0.121282 0.12289 0.122269 0.123856 0.118969 0.120316 0.120212 0.122272 0.123519 0.124822
20201113 0.116716 0.11621 0.115003 0.115138 0.120241 0.121532 0.120338 0.121932 0.122183 0.122846 0.122963 0.123437 0.116309 0.117511 0.120891 0.123708 0.125188 0.124408 0.122307 0.124153 0.123034 0.128908 0.119421 0.121051 0.12074 0.116196 0.118322 0.119244 0.119726 0.121489 0.122892 0.123259
20201114 0.11947 0.117634 0.116029 0.116834 0.116924 0.120347 0.12162 0.121722 0.123267 0.123778 0.125988 0.125062 0.121099 0.120631 0.118825 0.123941 0.126186 0.126712 0.127636 0.126375 0.127941 0.128014 0.121663 0.122632 0.118718 0.120149 0.12102 0.122676 0.124051 0.125796 0.125802 0.128295
20201115 0.117913 0.115935 0.114904 0.115247 0.1161 0.116607 0.121085 0.121885 0.122695 0.12358 0.126392 0.125949 0.120348 0.123585 0.122247 0.120901 0.125142 0.127777 0.128787 0.129976 0.129556 0.129587 0.120622 0.119019 0.118354 0.120713 0.122652 0.123695 0.124561 0.125376 0.127942 0.127174
20201116 0.123328 0.120291 0.118963 0.119962 0.121662 0.123498 0.124012 0.127898 0.128988 0.128059 0.130167 0.132061 0.124883 0.1262 0.127515 0.127667 0.127156 0.130595 0.132433 0.13505 0.134445 0.134302 0.121979 0.123294 0.126176 0.125862 0.128839 0.128879 0.129719 0.130168 0.1291 0.128963
20201117 0.119164 0.120192 0.118529 0.11914 0.119635 0.121452 0.121397 0.124711 0.126194 0.130407 0.128255 0.129363 0.12519 0.126771 0.126204 0.126484 0.126071 0.127055 0.130133 0.132418 0.134142 0.133709 0.11972 0.122932 0.124195 0.125852 0.125167 0.125937 0.125334 0.124994 0.126847 0.126906
20201118 0.114911 0.115347 0.115754 0.117031 0.11687 0.117804 0.118731 0.118639 0.120831 0.123527 0.1283 0.127854 0.117842 0.124586 0.12499 0.124352 0.125225 0.125247 0.124955 0.128866 0.132445 0.132857 0.117405 0.122015 0.122434 0.122447 0.122527 0.122737 0.121976 0.123101 0.123443 0.124426
20201119 0.115472 0.115359 0.112921 0.118549 0.119375 0.119968 0.120381 0.122763 0.123145 0.123551 0.128462 0.130557 0.118365 0.12163 0.126149 0.129036 0.129753 0.129786 0.129876 0.128784 0.13192 0.134439 0.120329 0.123497 0.122852 0.123726 0.122674 0.1225 0.1232 0.122668 0.123872 0.126373
20201120 0.119601 0.119516 0.116843 0.118097 0.122751 0.124194 0.124277 0.125211 0.125029 0.128098 0.127599 0.131476 0.121435 0.123762 0.124778 0.129987 0.131751 0.131913 0.130771 0.130658 0.131365 0.131978 0.123216 0.12457 0.125391 0.123435 0.122335 0.123583 0.122689 0.123213 0.127134 0.128915
20201121 0.119489 0.118481 0.116205 0.117969 0.118822 0.123974 0.125344 0.125373 0.126492 0.12506 0.126462 0.126895 0.120612 0.123942 0.124657 0.126481 0.131565 0.130982 0.130759 0.130109 0.129525 0.12942 0.121756 0.12461 0.121425 0.118978 0.11967 0.119473 0.121062 0.123656 0.126145 0.122838
20201122 0.11699 0.115437 0.113731 0.115278 0.114627 0.114668 0.118011 0.119239 0.12159 0.119865 0.120317 0.123624 0.118783 0.120484 0.120261 0.120341 0.120971 0.123839 0.123144 0.124619 0.124253 0.123626 0.119652 0.118336 0.112679 0.112301 0.111875 0.113398 0.115625 0.117005 0.114429 0.112228
20201123 0.119171 0.117168 0.115317 0.116171 0.117442 0.118012 0.117963 0.118831 0.119641 0.122335 0.121783 0.124565 0.120319 0.121271 0.121138 0.12183 0.121165 0.119981 0.125076 0.125272 0.125965 0.125417 0.119094 0.11567 0.113882 0.113818 0.113561 0.116383 0.118134 0.116226 0.112921 0.115619
20201124 0.119466 0.119729 0.118799 0.120314 0.121164 0.122763 0.122966 0.122544 0.126815 0.126443 0.12822 0.127602 0.12431 0.124482 0.124094 0.125158 0.124661 0.1242 0.122226 0.130386 0.129735 0.131066 0.119772 0.120555 0.118785 0.118904 0.120174 0.123976 0.123013 0.119253 0.119424 0.120605
20201125 0.116379 0.116778 0.117592 0.119581 0.119495 0.119204 0.121056 0.120877 0.122839 0.12642 0.126342 0.128403 0.120094 0.124055 0.122322 0.123245 0.123821 0.12268 0.123457 0.122405 0.130768 0.129526 0.119023 0.118139 0.11909 0.121156 0.122103 0.12162 0.118995 0.119213 0.120729 0.122405
20201126 0.114698 0.114251 0.112287 0.118581 0.119307 0.118793 0.119038 0.121209 0.120244 0.122594 0.125905 0.125771 0.117592 0.122873 0.12408 0.123211 0.124224 0.124298 0.125154 0.125825 0.125099 0.131909 0.11515 0.117949 0.120169 0.120681 0.118923 0.116902 0.119085 0.120431 0.121794 0.121999
20201127 0.111301 0.111293 0.109368 0.110093 0.11619 0.116553 0.116655 0.116195 0.117215 0.119202 0.121815 0.122573 0.115102 0.117928 0.121122 0.123673 0.122867 0.124462 0.125942 0.125842 0.127208 0.126407 0.114156 0.117421 0.120066 0.118703 0.115034 0.117898 0.118271 0.120189 0.121792 0.120855
20201128 0.117079 0.116284 0.113394 0.114886 0.115684 0.121103 0.120987 0.120936 0.12157 0.12337 0.124121 0.123218 0.117561 0.122528 0.122477 0.124892 0.12783 0.128877 0.129214 0.12997 0.129847 0.131375 0.121184 0.124403 0.122893 0.117587 0.121058 0.122534 0.123035 0.124134 0.122604 0.123851
20201129 0.118546 0.117037 0.1145 0.116002 0.116349 0.117095 0.119994 0.121102 0.120639 0.121569 0.123185 0.122497 0.119222 0.120267 0.123612 0.122508 0.124318 0.127759 0.128321 0.128422 0.129712 0.128911 0.121006 0.121613 0.115433 0.118498 0.118542 0.120112 0.123669 0.122029 0.122702 0.126061
20201130 0.119699 0.118545 0.116016 0.117091 0.117547 0.119027 0.119529 0.121363 0.121615 0.122855 0.123324 0.126459 0.121706 0.122058 0.121874 0.124215 0.122819 0.125609 0.1284 0.128287 0.128555 0.129398 0.121532 0.117712 0.121195 0.12115 0.120356 0.125269 0.123522 0.123977 0.1252 0.124446
20201201 0.11801 0.119761 0.118122 0.119269 0.12041 0.120654 0.121086 0.121194 0.122038 0.122249 0.123867 0.123325 0.121474 0.124683 0.122315 0.1221 0.122932 0.123457 0.126089 0.128669 0.128746 0.129218 0.116775 0.121151 0.121191 0.122167 0.125532 0.125057 0.126502 0.125908 0.123395 0.126123
20201202 0.114759 0.115049 0.115918 0.116992 0.117587 0.118628 0.119436 0.118698 0.120538 0.121986 0.121802 0.124696 0.11856 0.121837 0.123926 0.122667 0.122869 0.123762 0.124282 0.126358 0.12892 0.129582 0.11859 0.11908 0.121086 0.122708 0.121762 0.123789 0.122229 0.119293 0.121232 0.124366
20201203 0.118111 0.117781 0.115839 0.120412 0.121214 0.121364 0.124159 0.124199 0.122709 0.124081 0.126602 0.128019 0.117879 0.124205 0.125342 0.12741 0.126693 0.12631 0.12787 0.126838 0.127751 0.131628 0.118801 0.121924 0.123379 0.122456 0.123022 0.121001 0.119508 0.120123 0.123607 0.123441
20201204 0.120132 0.119555 0.11764 0.118743 0.122606 0.123851 0.124316 0.125391 0.127744 0.127449 0.130481 0.128866 0.122254 0.123537 0.129491 0.130632 0.131991 0.132301 0.131165 0.133105 0.133642 0.134892 0.121914 0.125969 0.12658 0.12577 0.125073 0.124035 0.126257 0.12862 0.128243 0.128999
20201205 0.12597 0.124399 0.121891 0.123336 0.124539 0.127151 0.128353 0.12864 0.130366 0.130628 0.130474 0.133966 0.127625 0.129277 0.129259 0.132944 0.133797 0.135488 0.135908 0.134562 0.136083 0.137888 0.130474 0.133139 0.131252 0.130603 0.129784 0.13207 0.133752 0.131553 0.13243 0.131342
20201206 0.1208 0.118712 0.11666 0.118273 0.118564 0.118732 0.124136 0.125514 0.124195 0.126196 0.125369 0.126838 0.12031 0.12199 0.12317 0.122827 0.125079 0.126738 0.128526 0.129322 0.128052 0.128555 0.123519 0.123223 0.120932 0.120885 0.122432 0.126369 0.124311 0.125228 0.124005 0.124208
20201207 0.119148 0.11714 0.113626 0.11538 0.116074 0.116793 0.117742 0.122284 0.122804 0.121648 0.123896 0.123418 0.119848 0.118787 0.120539 0.120286 0.119597 0.125818 0.127297 0.127095 0.128023 0.126418 0.120683 0.119015 0.118744 0.119437 0.122669 0.12129 0.122444 0.121088 0.119953 0.119721
20201208 0.113639 0.115908 0.112799 0.113617 0.114828 0.114819 0.115529 0.116275 0.119214 0.120911 0.120287 0.120487 0.117163 0.118808 0.11717 0.117759 0.117729 0.118111 0.124086 0.125762 0.124475 0.126329 0.112812 0.115758 0.117598 0.11897 0.118328 0.11857 0.115185 0.11463 0.115635 0.119007
20201209 0.113428 0.114021 0.117238 0.117764 0.117815 0.120597 0.121908 0.12087 0.123122 0.124884 0.128843 0.12772 0.121673 0.125906 0.125835 0.125902 0.125076 0.125381 0.126649 0.131552 0.132819 0.129676 0.120561 0.123651 0.125949 0.1244 0.125297 0.119647 0.118239 0.12027 0.1234 0.124019
20201210 0.121463 0.121882 0.118674 0.123045 0.122915 0.123623 0.125075 0.124458 0.12605 0.12573 0.127998 0.130292 0.122485 0.127461 0.131076 0.130568 0.130042 0.129947 0.130234 0.130647 0.135569 0.135868 0.124286 0.128915 0.128278 0.128343 0.122337 0.122481 0.124203 0.125515 0.126416 0.128287
20201211 0.119883 0.120213 0.11749 0.118583 0.121323 0.120763 0.12177 0.122186 0.121918 0.123692 0.12271 0.126675 0.120061 0.124924 0.128015 0.129471 0.127699 0.127941 0.12746 0.127427 0.128724 0.132341 0.124955 0.126509 0.125055 0.123106 0.124751 0.125251 0.125579 0.126211 0.128315 0.129943
20201212 0.115227 0.114868 0.112748 0.114055 0.114034 0.116717 0.116357 0.117112 0.116911 0.117694 0.118666 0.118038 0.115497 0.114945 0.118753 0.121417 0.122363 0.122755 0.122276 0.122314 0.12226 0.123658 0.117996 0.118248 0.117359 0.118288 0.117922 0.118782 0.119907 0.121618 0.124023 0.124724
20201213 0.114015 0.113859 0.111825 0.113102 0.113807 0.112763 0.117331 0.118121 0.118179 0.11766 0.118298 0.118502 0.113998 0.117031 0.115512 0.119027 0.11998 0.120379 0.12167 0.120697 0.122362 0.120965 0.11525 0.114239 0.114652 0.112606 0.114306 0.116018 0.117039 0.11877 0.120236 0.122045
20201214 0.114732 0.114171 0.112202 0.113512 0.114599 0.11444 0.115032 0.11846 0.118831 0.119314 0.119751 0.1193 0.116799 0.118212 0.118555 0.116998 0.120367 0.121388 0.122384 0.123221 0.122578 0.124751 0.113042 0.114859 0.111694 0.113448 0.115439 0.117011 0.118141 0.119776 0.120965 0.120211
20201215 0.116093 0.116866 0.114975 0.1168 0.117522 0.118327 0.119634 0.119537 0.123118 0.124093 0.127043 0.126233 0.121529 0.12547 0.12537 0.123701 0.122926 0.123993 0.127342 0.127287 0.128616 0.128757 0.117359 0.116939 0.118382 0.119942 0.122476 0.123918 0.123228 0.123476 0.124208 0.126917
20201216 0.115092 0.115308 0.116985 0.117392 0.118294 0.118923 0.120701 0.119335 0.122826 0.127545 0.126453 0.128526 0.11925 0.125161 0.127597 0.126576 0.127856 0.128144 0.127242 0.130914 0.131485 0.133763 0.116455 0.119286 0.121055 0.12374 0.124463 0.125141 0.124366 0.126203 0.126724 0.127451
20201217 0.112733 0.112455 0.110468 0.11627 0.116767 0.117383 0.11875 0.118218 0.119028 0.119513 0.125538 0.123745 0.115904 0.120382 0.124566 0.12678 0.125848 0.127789 0.127653 0.128425 0.129436 0.130157 0.115631 0.118006 0.119785 0.12003 0.122122 0.121804 0.122522 0.123213 0.123322 0.124347
20201218 0.116107 0.115256 0.112528 0.113522 0.119053 0.11948 0.119941 0.122263 0.12231 0.121754 0.123068 0.125588 0.11511 0.120715 0.122594 0.126403 0.128267 0.128057 0.128182 0.126907 0.13064 0.130636 0.117567 0.119849 0.121271 0.121592 0.122536 0.122469 0.123735 0.123279 0.123969 0.124536
20201219 0.119402 0.118403 0.11546 0.116517 0.117121 0.121049 0.122132 0.122728 0.12444 0.125021 0.124172 0.126399 0.121284 0.121385 0.127205 0.126974 0.129631 0.131062 0.130946 0.132529 0.130707 0.136015 0.122887 0.125415 0.124514 0.124303 0.123757 0.125153 0.12454 0.125203 0.126392 0.125945
20201220 0.121201 0.119554 0.115571 0.116583 0.118123 0.120083 0.122686 0.123417 0.122918 0.123987 0.125841 0.126388 0.121252 0.121245 0.122631 0.126885 0.126028 0.128176 0.130002 0.129542 0.132414 0.131283 0.122798 0.123687 0.12411 0.122842 0.122996 0.122696 0.124544 0.125594 0.124591 0.124632
20201221 0.120979 0.119537 0.115338 0.116441 0.117567 0.118283 0.118161 0.124232 0.124273 0.123256 0.12453 0.126211 0.123429 0.124891 0.122546 0.123804 0.124878 0.124308 0.128117 0.129697 0.130076 0.132838 0.12192 0.123664 0.123318 0.121611 0.121954 0.121997 0.124168 0.122834 0.122091 0.122406
20201222 0.120868 0.121231 0.118521 0.119735 0.120969 0.120553 0.121076 0.122645 0.126931 0.126007 0.125236 0.12878 0.122776 0.127686 0.127465 0.124875 0.124358 0.124829 0.124804 0.128834 0.129288 0.131018 0.121262 0.123258 0.121254 0.122758 0.121509 0.123216 0.122173 0.120613 0.121647 0.119608
20201223 0.114095 0.114331 0.115515 0.117015 0.117771 0.117827 0.119201 0.119708 0.119679 0.12405 0.123226 0.123297 0.117662 0.119884 0.123209 0.122003 0.120761 0.120869 0.121372 0.121287 0.125273 0.125831 0.116731 0.116771 0.118066 0.117837 0.118585 0.117432 0.116721 0.117948 0.11695 0.119629
20201224 0.112724 0.111693 0.109543 0.113367 0.11398 0.114248 0.115309 0.115613 0.116312 0.118461 0.124836 0.121418 0.113244 0.116038 0.117757 0.119806 0.119489 0.119121 0.121517 0.12098 0.122094 0.125495 0.114996 0.117471 0.117477 0.117986 0.116389 0.114174 0.116336 0.116779 0.118644 0.119672
20201225 0.113315 0.112027 0.110012 0.111553 0.11516 0.114838 0.115825 0.116047 0.117771 0.117516 0.120521 0.122462 0.113542 0.116121 0.117024 0.119637 0.121567 0.122946 0.122955 0.124698 0.124416 0.124242 0.116004 0.118984 0.118674 0.116713 0.114465 0.114823 0.116345 0.116897 0.118416 0.11867
20201226 0.116092 0.116131 0.114482 0.115372 0.115818 0.118586 0.118954 0.119179 0.12046 0.120186 0.123918 0.125113 0.116728 0.118376 0.119963 0.119736 0.122412 0.124777 0.125603 0.125613 0.125972 0.127573 0.117742 0.118061 0.116192 0.11583 0.11497 0.11702 0.118134 0.119826 0.121197 0.12131
20201227 0.115611 0.114514 0.112268 0.113352 0.113683 0.113514 0.117635 0.118712 0.120358 0.122465 0.123528 0.124748 0.118689 0.120493 0.120408 0.12181 0.121153 0.122761 0.125923 0.127073 0.126498 0.126597 0.11628 0.114198 0.115387 0.115219 0.115467 0.116786 0.117309 0.119444 0.119278 0.118185
20201228 0.116793 0.114342 0.112103 0.113458 0.114682 0.114923 0.115404 0.119698 0.120392 0.123295 0.123399 0.126567 0.119463 0.122656 0.125001 0.124719 0.126753 0.12549 0.126497 0.130108 0.129685 0.1299 0.115005 0.116797 0.117033 0.117874 0.118722 0.119224 0.120511 0.119633 0.11805 0.122741
20201229 0.115829 0.11479 0.112971 0.11451 0.116166 0.116519 0.118577 0.119438 0.122383 0.124857 0.124043 0.123801 0.120377 0.122341 0.123302 0.126246 0.125837 0.127655 0.127582 0.128526 0.132088 0.13099 0.117266 0.117098 0.118419 0.117731 0.117934 0.120862 0.118052 0.116275 0.119238 0.120572
20201230 0.11456 0.11467 0.115328 0.116195 0.117759 0.119104 0.119329 0.120743 0.121319 0.124538 0.123884 0.126018 0.117796 0.121996 0.123129 0.124474 0.126439 0.125202 0.127673 0.128351 0.129245 0.132677 0.116771 0.119945 0.118758 0.118569 0.121288 0.118219 0.116233 0.118587 0.118508 0.120899
20201231 0.116848 0.116072 0.113787 0.119407 0.120607 0.120901 0.121635 0.120993 0.12277 0.124316 0.126594 0.129628 0.118292 0.122795 0.125834 0.127918 0.128417 0.130372 0.128884 0.132003 0.13236 0.133331 0.120889 0.122373 0.122302 0.12392 0.121359 0.119378 0.123247 0.122477 0.123864 0.126409
20210721 0.122943 0.1231 0.12357 0.123932 0.125316 0.127124 0.12743 0.127858 0.128995 0.131433 0.131294 0.131193 0.126861 0.131618 0.130126 0.128059 0.1279 0.127156 0.128055 0.128259 0.133135 0.133458 0.124355 0.123598 0.124616 0.125342 0.124886 0.125267 0.124812 0.125901 0.127799 0.128457
20210722 0.120232 0.119888 0.117529 0.120481 0.121708 0.122317 0.123536 0.123705 0.124628 0.124969 0.12699 0.127288 0.121996 0.125747 0.127841 0.127664 0.126347 0.125371 0.124059 0.125241 0.12602 0.12891 0.120987 0.122049 0.122673 0.122558 0.123215 0.121784 0.12195 0.124266 0.124397 0.126013
20210723 0.119663 0.118666 0.116254 0.116966 0.121428 0.121506 0.122142 0.122587 0.123569 0.125204 0.125247 0.127225 0.122555 0.123688 0.12577 0.127902 0.127932 0.126047 0.125621 0.125819 0.126446 0.125581 0.121046 0.122322 0.122452 0.12246 0.122561 0.123982 0.125847 0.125098 0.125008 0.125818
20210724 0.122054 0.120793 0.118717 0.119799 0.120398 0.123863 0.122759 0.123993 0.126959 0.127036 0.12764 0.128591 0.121445 0.123785 0.124622 0.127695 0.130616 0.131393 0.129415 0.129448 0.128951 0.129309 0.123747 0.125483 0.123559 0.123056 0.125842 0.127853 0.125892 0.124981 0.125592 0.123576
20210725 0.121309 0.12011 0.118133 0.1182 0.118811 0.11937 0.12051 0.120991 0.120959 0.122767 0.124225 0.123434 0.122082 0.122326 0.123186 0.124442 0.127265 0.128994 0.129583 0.126992 0.127053 0.12567 0.124249 0.120997 0.120328 0.121777 0.124942 0.124314 0.124747 0.125866 0.124189 0.122671
20210726 0.120418 0.118656 0.116901 0.117076 0.118103 0.119107 0.118026 0.119746 0.121662 0.121012 0.120437 0.122462 0.119366 0.120398 0.120148 0.119368 0.120368 0.123416 0.124859 0.125298 0.122229 0.12279 0.11654 0.115444 0.116777 0.120806 0.120623 0.121718 0.123212 0.121991 0.120061 0.122193
20210727 0.114706 0.117023 0.114493 0.114765 0.115415 0.115511 0.116273 0.116432 0.122755 0.124202 0.122415 0.122839 0.120574 0.120364 0.119994 0.120557 0.119511 0.119704 0.124099 0.126155 0.126786 0.12486 0.113106 0.116151 0.11959 0.119008 0.121545 0.123882 0.121761 0.12151 0.123136 0.12147
20210728 0.113881 0.114298 0.115338 0.115655 0.115788 0.117895 0.119586 0.119636 0.118798 0.123726 0.12285 0.1237 0.117626 0.123957 0.123681 0.124157 0.124481 0.123225 0.123317 0.12758 0.128082 0.128957 0.116483 0.121362 0.119453 0.121595 0.124928 0.122575 0.123323 0.124483 0.123106 0.12285
20210729 0.115548 0.1155 0.112635 0.116591 0.116839 0.118109 0.119447 0.1191 0.120605 0.119636 0.12195 0.123759 0.116835 0.120053 0.124897 0.125681 0.126933 0.127617 0.125229 0.124749 0.126813 0.128421 0.120039 0.119841 0.121763 0.124395 0.123023 0.12204 0.123525 0.123686 0.122871 0.124633
20210730 0.117302 0.1164 0.113356 0.113565 0.118081 0.119531 0.120818 0.121119 0.120452 0.121342 0.120926 0.123639 0.114501 0.115936 0.119394 0.123571 0.124398 0.126238 0.126442 0.122987 0.123051 0.124535 0.118394 0.119908 0.122538 0.121032 0.118526 0.12076 0.120508 0.120462 0.122636 0.122822
20210731 0.116733 0.115798 0.112845 0.113347 0.114437 0.118677 0.119699 0.119286 0.120384 0.121151 0.121192 0.123667 0.118236 0.11719 0.11872 0.121499 0.125286 0.124936 0.126886 0.126554 0.124864 0.124925 0.117934 0.122138 0.121685 0.120682 0.121916 0.122134 0.123081 0.124353 0.124318 0.124629
20210801 0.117908 0.117788 0.115 0.115493 0.115761 0.117267 0.119597 0.119736 0.122229 0.122867 0.122853 0.124431 0.118873 0.122147 0.122014 0.122958 0.124115 0.126347 0.126003 0.128857 0.128942 0.128215 0.121508 0.122328 0.121362 0.122078 0.124247 0.123171 0.123715 0.123881 0.124338 0.125312
20210802 0.122003 0.120954 0.11811 0.118219 0.119317 0.119664 0.121406 0.123995 0.123792 0.127065 0.12762 0.12636 0.120745 0.122788 0.124949 0.124826 0.125833 0.126565 0.128081 0.127862 0.130374 0.130298 0.120868 0.121182 0.121504 0.123812 0.122907 0.124435 0.123322 0.123938 0.125182 0.124994
20210803 0.11724 0.118392 0.115619 0.116294 0.116982 0.119131 0.120442 0.121254 0.124718 0.125423 0.126932 0.127107 0.12244 0.122155 0.122769 0.125645 0.126342 0.126442 0.127471 0.128943 0.127862 0.129761 0.120247 0.121795 0.122449 0.12188 0.125147 0.122493 0.122419 0.123285 0.123371 0.12378
20210804 0.113692 0.114063 0.114996 0.116148 0.11709 0.117236 0.117278 0.118254 0.119461 0.120164 0.121384 0.124194 0.114785 0.119704 0.118518 0.118835 0.120304 0.121182 0.121108 0.122078 0.123618 0.122929 0.116492 0.119389 0.118166 0.121354 0.120272 0.119812 0.119614 0.119636 0.121802 0.122868
20210805 0.116527 0.115447 0.112985 0.11702 0.117785 0.117893 0.120084 0.120328 0.121835 0.122704 0.123337 0.124445 0.11569 0.118951 0.123141 0.121888 0.122581 0.122806 0.122807 0.122317 0.123264 0.125636 0.118065 0.119672 0.122426 0.121724 0.122426 0.12068 0.121296 0.123174 0.125157 0.125118
20210806 0.118021 0.116465 0.113316 0.114938 0.119485 0.121162 0.121756 0.12102 0.121675 0.123765 0.125327 0.126087 0.118626 0.119091 0.12203 0.124524 0.123455 0.124416 0.124108 0.12391 0.124253 0.124767 0.119559 0.122092 0.122323 0.122203 0.120628 0.121239 0.122251 0.122937 0.123773 0.124962
20210807 0.11559 0.114588 0.112358 0.112585 0.112342 0.118299 0.118774 0.120439 0.121476 0.121607 0.12177 0.123167 0.117581 0.118658 0.119019 0.121879 0.122555 0.122948 0.123831 0.123864 0.123571 0.123796 0.118064 0.119765 0.117676 0.116456 0.117339 0.118425 0.119671 0.119591 0.120772 0.120061
20210808 0.121453 0.120118 0.11828 0.118634 0.118762 0.119067 0.122888 0.122218 0.123663 0.123776 0.12424 0.126815 0.121301 0.12278 0.12325 0.1233 0.125842 0.127892 0.128146 0.127748 0.129308 0.128588 0.122556 0.121893 0.120083 0.119891 0.121799 0.123316 0.122999 0.12515 0.123199 0.123483
20210809 0.125281 0.123747 0.121237 0.122157 0.122546 0.122399 0.12305 0.126416 0.129151 0.129593 0.130027 0.131066 0.1268 0.126919 0.127112 0.127189 0.127951 0.129849 0.131071 0.130645 0.129894 0.131181 0.125038 0.123927 0.122365 0.123926 0.125626 0.125938 0.128008 0.125388 0.125303 0.126614
20210810 0.123497 0.125268 0.122703 0.123307 0.123419 0.124381 0.124053 0.125171 0.130052 0.128765 0.129466 0.131417 0.127738 0.129032 0.128471 0.130919 0.131079 0.130307 0.132202 0.13205 0.13241 0.133367 0.12372 0.123945 0.124784 0.126665 0.127508 0.128734 0.125441 0.125133 0.126186 0.128082
20210811 0.118287 0.118964 0.120748 0.121663 0.122666 0.123242 0.124165 0.122637 0.123384 0.126051 0.125616 0.127889 0.120295 0.124969 0.126689 0.126549 0.128778 0.128569 0.127049 0.129661 0.130222 0.130869 0.11986 0.121625 0.123489 0.124384 0.125947 0.123314 0.122328 0.123162 0.126306 0.126033
20210812 0.115697 0.115822 0.113883 0.119529 0.120303 0.120899 0.121861 0.122944 0.121737 0.122176 0.127588 0.125662 0.116312 0.119183 0.123046 0.124995 0.125827 0.126989 0.127585 0.126525 0.128699 0.129829 0.11705 0.119873 0.119678 0.121257 0.119416 0.118675 0.119268 0.121925 0.121713 0.121735
20210813 0.116975 0.116488 0.114783 0.115557 0.119474 0.120363 0.121074 0.121826 0.123052 0.121977 0.12093 0.126837 0.117567 0.119688 0.121379 0.124881 0.125793 0.127485 0.127134 0.128215 0.126682 0.1293 0.120073 0.121314 0.122971 0.120495 0.120292 0.120456 0.121772 0.122999 0.12335 0.124319
20210814 0.119898 0.119418 0.117097 0.117827 0.118039 0.121038 0.122862 0.123123 0.124099 0.123786 0.122665 0.123351 0.120589 0.121119 0.124911 0.123766 0.127478 0.127857 0.128231 0.128647 0.128714 0.127288 0.120441 0.122947 0.121788 0.120583 0.120459 0.122494 0.123715 0.125238 0.12662 0.12463
20210815 0.119442 0.117941 0.115897 0.116601 0.117168 0.116876 0.121516 0.122695 0.124487 0.123667 0.12466 0.124511 0.121041 0.122248 0.121704 0.12369 0.122859 0.127144 0.128845 0.127986 0.128544 0.129243 0.122482 0.122576 0.119622 0.119588 0.121547 0.122895 0.124447 0.125225 0.123716 0.125025
20210816 0.118262 0.117342 0.113521 0.113827 0.114555 0.114993 0.114739 0.119285 0.118803 0.120123 0.120188 0.121396 0.118793 0.119725 0.120108 0.119081 0.120682 0.12154 0.125336 0.126753 0.125984 0.127141 0.117452 0.116274 0.116241 0.118192 0.119786 0.12198 0.122758 0.120418 0.121107 0.122001
20210817 0.113822 0.116184 0.11225 0.112219 0.112865 0.114146 0.114242 0.115444 0.12004 0.119395 0.121108 0.120587 0.119374 0.119499 0.120146 0.119864 0.117258 0.119295 0.120167 0.123179 0.123823 0.124477 0.113199 0.11428 0.115429 0.116437 0.119678 0.121618 0.119746 0.118734 0.119132 0.121087
20210818 0.112255 0.112729 0.114559 0.115296 0.11579 0.116746 0.117461 0.118334 0.119042 0.121484 0.1236 0.124082 0.116796 0.122253 0.122123 0.122449 0.123013 0.120286 0.121676 0.123287 0.126677 0.126952 0.11348 0.115336 0.117912 0.119727 0.121924 0.118942 0.117528 0.11878 0.120139 0.122116
20210819 0.115893 0.11651 0.114127 0.118802 0.119497 0.120002 0.120441 0.12036 0.121259 0.122924 0.128063 0.127967 0.117312 0.122032 0.12644 0.127058 0.127511 0.128119 0.126334 0.127529 0.130133 0.133833 0.118925 0.12207 0.123365 0.125214 0.121908 0.120542 0.122937 0.123368 0.125498 0.125619
20210820 0.120205 0.119606 0.115654 0.115992 0.121733 0.120953 0.122675 0.122961 0.124463 0.123095 0.124539 0.127535 0.120258 0.121168 0.122678 0.127387 0.128943 0.129051 0.129133 0.127528 0.127841 0.133189 0.122722 0.125245 0.126469 0.123168 0.122851 0.124306 0.126052 0.128239 0.128446 0.130028
20210821 0.12141 0.12074 0.117367 0.118108 0.118435 0.123507 0.122221 0.124681 0.122149 0.124156 0.124663 0.12433 0.122121 0.12494 0.125434 0.126441 0.130803 0.131316 0.130045 0.129744 0.12785 0.128108 0.124179 0.125721 0.121996 0.121138 0.122223 0.124417 0.127019 0.12815 0.127671 0.123933
20210822 0.120241 0.121426 0.117563 0.117922 0.118923 0.117317 0.122055 0.121703 0.120528 0.12234 0.123441 0.123931 0.121996 0.122474 0.123937 0.123654 0.125902 0.129239 0.130111 0.129187 0.129329 0.128195 0.121364 0.119838 0.11913 0.120319 0.121245 0.12476 0.12633 0.126251 0.123138 0.122977
20210823 0.121666 0.122196 0.118135 0.118974 0.119918 0.120395 0.121217 0.127007 0.127089 0.126133 0.128708 0.126576 0.123716 0.127051 0.125929 0.125971 0.125976 0.128946 0.131648 0.133073 0.132671 0.13289 0.12119 0.12211 0.123908 0.124942 0.129243 0.129572 0.13026 0.125586 0.124931 0.125619
20210824 0.11802 0.120583 0.117878 0.119354 0.121097 0.119465 0.120384 0.12344 0.124562 0.12538 0.125101 0.127607 0.121161 0.123198 0.124808 0.123322 0.122406 0.123386 0.127155 0.128419 0.129721 0.129505 0.119165 0.12214 0.12434 0.127321 0.128016 0.128252 0.12326 0.122803 0.12356 0.127373
20210825 0.113946 0.114059 0.116027 0.118096 0.118958 0.118077 0.117355 0.118477 0.119186 0.121879 0.12003 0.123141 0.116824 0.120688 0.120006 0.119548 0.119188 0.119818 0.121029 0.123397 0.124804 0.125885 0.11589 0.120041 0.121035 0.121904 0.122754 0.118593 0.117498 0.117383 0.121855 0.123528
20210826 0.116102 0.116221 0.114693 0.11896 0.120182 0.121088 0.120176 0.120075 0.12221 0.12274 0.124579 0.126242 0.116803 0.121348 0.123908 0.123288 0.122029 0.120744 0.121483 0.122394 0.12441 0.126345 0.117984 0.121494 0.121156 0.123189 0.120808 0.119849 0.118162 0.121814 0.122428 0.124424
20210827 0.12053 0.120926 0.118846 0.119665 0.123583 0.124231 0.125286 0.128232 0.126045 0.128369 0.130756 0.132337 0.123615 0.12462 0.126884 0.130056 0.130382 0.130164 0.129239 0.128814 0.128084 0.129834 0.125743 0.127291 0.12897 0.126347 0.124605 0.124806 0.127236 0.127984 0.129954 0.128377
20210828 0.120903 0.121129 0.118347 0.118477 0.118814 0.124884 0.124702 0.126591 0.128507 0.123879 0.126148 0.125483 0.119558 0.124112 0.123701 0.125768 0.127958 0.128252 0.12868 0.126794 0.126249 0.12576 0.122721 0.125083 0.121995 0.120188 0.120788 0.121978 0.123914 0.127047 0.126579 0.127316
20210829 0.120772 0.119466 0.116824 0.117657 0.118539 0.119763 0.124082 0.124529 0.127457 0.128656 0.125734 0.128296 0.123007 0.123265 0.124796 0.125028 0.127116 0.129567 0.129957 0.129155 0.126354 0.127036 0.123256 0.122593 0.120733 0.121046 0.122439 0.123586 0.124981 0.125298 0.124834 0.12237
20210830 0.121616 0.118766 0.116801 0.117406 0.11849 0.119016 0.120443 0.124481 0.125637 0.128617 0.12826 0.128394 0.121912 0.124391 0.124247 0.124633 0.124841 0.126741 0.129631 0.128805 0.127646 0.12726 0.119595 0.11768 0.118433 0.120788 0.122813 0.121482 0.122265 0.121074 0.118296 0.118063
20210831 0.118468 0.118553 0.116957 0.117542 0.118735 0.119167 0.119405 0.119964 0.123741 0.125124 0.127375 0.127378 0.123388 0.12476 0.125642 0.124801 0.126058 0.125596 0.126638 0.129747 0.128392 0.128965 0.116841 0.120529 0.122801 0.124462 0.123988 0.125143 0.124732 0.120167 0.1202 0.124549
20210901 0.11725 0.117726 0.120208 0.120756 0.120842 0.122129 0.122864 0.122197 0.123765 0.130383 0.129971 0.129216 0.122718 0.128844 0.129144 0.129659 0.129179 0.12924 0.128035 0.128843 0.133737 0.130551 0.118789 0.121751 0.123924 0.125583 0.125836 0.125557 0.121778 0.121256 0.12592 0.127171
20210902 0.119988 0.119879 0.117807 0.123 0.123937 0.124197 0.12454 0.126478 0.128206 0.12781 0.132479 0.13342 0.123316 0.130203 0.134761 0.134128 0.133749 0.133043 0.133098 0.132797 0.135267 0.138885 0.122932 0.127956 0.129326 0.129508 0.129304 0.124793 0.124866 0.128525 0.129683 0.131274
20210903 0.123495 0.122538 0.120265 0.12167 0.125695 0.126533 0.127981 0.130012 0.130342 0.129762 0.129723 0.136104 0.123292 0.127038 0.131606 0.135628 0.134969 0.133479 0.133001 0.134849 0.133639 0.136823 0.128191 0.131669 0.132087 0.130601 0.1264 0.126764 0.128395 0.130501 0.13223 0.134176
20210904 0.119891 0.118701 0.117127 0.117916 0.118461 0.124681 0.123309 0.124853 0.125561 0.126027 0.12753 0.126734 0.121042 0.122262 0.12311 0.126898 0.130871 0.130812 0.129879 0.130079 0.131698 0.13095 0.12175 0.124044 0.123738 0.119573 0.12059 0.120414 0.120663 0.12452 0.12635 0.124524
20210905 0.117419 0.116481 0.114879 0.115181 0.115458 0.117137 0.1226 0.122814 0.125338 0.126172 0.126073 0.12825 0.121309 0.12229 0.12317 0.122882 0.125502 0.129429 0.129618 0.129691 0.129419 0.13033 0.122507 0.12314 0.120006 0.120611 0.120742 0.120018 0.123266 0.125895 0.124477 0.124756
20210906 0.118107 0.1177 0.116408 0.116587 0.118103 0.118188 0.120175 0.122727 0.123099 0.123844 0.125215 0.124621 0.118239 0.120522 0.120424 0.121532 0.120219 0.121923 0.124562 0.124212 0.124436 0.12333 0.119258 0.117604 0.116629 0.117804 0.118289 0.120675 0.122622 0.120654 0.121311 0.12177
20210907 0.116215 0.117941 0.115392 0.116362 0.116751 0.118006 0.118025 0.119936 0.124834 0.126915 0.126581 0.13004 0.120793 0.122977 0.121102 0.12149 0.12195 0.12151 0.123268 0.127574 0.126891 0.127868 0.114857 0.117782 0.117857 0.117807 0.122373 0.124087 0.12043 0.12182 0.120209 0.122557
20210908 0.116562 0.116663 0.118504 0.11932 0.120455 0.12134 0.121778 0.121962 0.124055 0.127598 0.12992 0.131917 0.122282 0.128741 0.128931 0.12793 0.125931 0.12636 0.126731 0.127409 0.131158 0.128957 0.119437 0.122321 0.12213 0.125027 0.124583 0.121535 0.123078 0.121536 0.123317 0.125264
20210909 0.122234 0.122467 0.120232 0.126024 0.126388 0.127542 0.12906 0.131568 0.129626 0.132648 0.133907 0.134211 0.124595 0.129963 0.133913 0.133597 0.133779 0.130653 0.131732 0.132198 0.133318 0.138035 0.128692 0.130943 0.130567 0.131622 0.127815 0.12705 0.128843 0.129723 0.134088 0.133953
20210910 0.119776 0.119738 0.117687 0.119142 0.125905 0.126415 0.12654 0.129045 0.12937 0.129432 0.130648 0.131037 0.119228 0.121842 0.127077 0.131098 0.130446 0.130655 0.128706 0.130163 0.128091 0.129423 0.125187 0.126232 0.127962 0.12489 0.123128 0.124744 0.126349 0.129052 0.130522 0.131293
20210911 0.126374 0.125664 0.122441 0.122816 0.123754 0.128512 0.129214 0.130412 0.132993 0.134792 0.134661 0.136015 0.130025 0.128988 0.130684 0.134838 0.137957 0.13541 0.136296 0.136532 0.135873 0.133156 0.131219 0.134711 0.131221 0.1307 0.131852 0.132485 0.132346 0.135137 0.13631 0.136547
20210912 0.119422 0.119005 0.116187 0.117264 0.117135 0.118625 0.121908 0.1215 0.123765 0.122066 0.126092 0.127851 0.120733 0.122755 0.122721 0.124119 0.127858 0.130015 0.127025 0.128677 0.129147 0.127697 0.12379 0.123207 0.122235 0.124431 0.125362 0.124335 0.125166 0.127274 0.127786 0.126028
20210913 0.122462 0.121411 0.11925 0.120349 0.120345 0.121018 0.123237 0.125765 0.126358 0.127051 0.127966 0.130435 0.12144 0.125121 0.12516 0.124398 0.125363 0.130142 0.131867 0.12883 0.130062 0.129857 0.12259 0.122219 0.124242 0.125585 0.126638 0.125912 0.128301 0.127668 0.128651 0.126826
20210914 0.119817 0.121574 0.119871 0.120226 0.120802 0.12229 0.122886 0.122623 0.124831 0.124031 0.126355 0.127943 0.122645 0.12336 0.124738 0.124376 0.122095 0.124151 0.127803 0.128715 0.127026 0.128772 0.119963 0.122632 0.122268 0.12493 0.124554 0.1272 0.126884 0.126718 0.126555 0.126217
20210915 0.114727 0.115482 0.116014 0.116429 0.11639 0.117564 0.117869 0.118317 0.119078 0.121437 0.123444 0.125103 0.119061 0.122091 0.123442 0.124107 0.123562 0.122369 0.124368 0.127875 0.128164 0.127295 0.118758 0.118716 0.119883 0.119975 0.122561 0.122764 0.121253 0.121052 0.120731 0.122222
20210916 0.117564 0.117406 0.116067 0.119846 0.119857 0.120431 0.1204 0.121997 0.123234 0.122604 0.126339 0.127356 0.116973 0.121572 0.124921 0.126623 0.126539 0.126875 0.126747 0.126375 0.129233 0.13001 0.120112 0.12267 0.122854 0.125162 0.124521 0.12196 0.119346 0.121547 0.122229 0.125319
20210917 0.117154 0.116127 0.115021 0.116115 0.119731 0.120291 0.12098 0.122855 0.124823 0.126677 0.126669 0.127692 0.119437 0.119103 0.123558 0.128687 0.129907 0.129327 0.128962 0.12904 0.127333 0.129564 0.121742 0.123293 0.124989 0.125116 0.122831 0.12174 0.12464 0.124684 0.126925 0.128577
20210918 0.11427 0.113334 0.112118 0.113004 0.113848 0.118982 0.120002 0.120068 0.121297 0.119925 0.122844 0.123215 0.115046 0.117507 0.116928 0.122823 0.127668 0.128862 0.126689 0.125614 0.127369 0.12585 0.117987 0.120933 0.118689 0.115575 0.116435 0.119728 0.120333 0.121331 0.12307 0.119642
20210919 0.11388 0.113017 0.111699 0.112557 0.112582 0.11267 0.118048 0.119914 0.120142 0.120751 0.12031 0.122042 0.114703 0.116304 0.116907 0.117333 0.120493 0.124096 0.125301 0.124021 0.123103 0.123141 0.117473 0.116278 0.112832 0.113636 0.118654 0.119007 0.121512 0.122051 0.118875 0.118276
20210920 0.115642 0.115196 0.113347 0.113395 0.113598 0.113987 0.114734 0.119845 0.122262 0.122662 0.121032 0.123941 0.116997 0.119892 0.117856 0.121199 0.121085 0.121482 0.125758 0.126514 0.128472 0.127958 0.115807 0.116594 0.114427 0.120397 0.120436 0.12259 0.122958 0.12042 0.120147 0.121999
20210921 0.112632 0.115585 0.113435 0.114348 0.114501 0.114968 0.116213 0.115516 0.120794 0.124742 0.127002 0.122673 0.119623 0.121553 0.122332 0.120673 0.123967 0.122404 0.122205 0.125645 0.125729 0.126969 0.113751 0.114995 0.120962 0.121574 0.123764 0.124332 0.121069 0.121659 0.12226 0.122264
20210922 0.113702 0.114156 0.117159 0.118435 0.118928 0.120131 0.121379 0.122859 0.122773 0.125997 0.129406 0.130032 0.119023 0.126409 0.125566 0.126527 0.124751 0.126581 0.125381 0.128497 0.130532 0.129171 0.117322 0.12414 0.125348 0.129008 0.128164 0.12594 0.126727 0.126511 0.125846 0.12841
20210923 0.115378 0.115265 0.113422 0.119158 0.119561 0.121323 0.121625 0.122234 0.123752 0.126289 0.128035 0.127363 0.116861 0.1225 0.126009 0.125817 0.12868 0.125541 0.128238 0.125528 0.129597 0.130777 0.121219 0.124364 0.128687 0.127537 0.126389 0.126389 0.126461 0.125768 0.12888 0.128369
20210924 0.112793 0.112172 0.110295 0.110554 0.116341 0.117018 0.117593 0.118956 0.118795 0.120284 0.119805 0.121886 0.112474 0.115449 0.118229 0.119779 0.120005 0.121856 0.119918 0.123063 0.120011 0.123245 0.116577 0.122636 0.120198 0.11929 0.118476 0.120414 0.119345 0.122129 0.121195 0.124096
20210925 0.114266 0.112994 0.110923 0.111386 0.111801 0.11663 0.117115 0.119016 0.120011 0.119066 0.123423 0.121277 0.115932 0.118277 0.118191 0.120767 0.122008 0.122808 0.123767 0.122354 0.124846 0.123394 0.119253 0.11966 0.118566 0.117469 0.121493 0.1199 0.121898 0.120504 0.123577 0.123054
20210926 0.11857 0.117247 0.114997 0.114844 0.115129 0.115672 0.122433 0.121635 0.122047 0.125523 0.12554 0.125896 0.119316 0.122275 0.121933 0.122058 0.125999 0.127864 0.129318 0.128813 0.128591 0.129584 0.120987 0.121916 0.121346 0.125108 0.124069 0.125394 0.125335 0.127735 0.125702 0.122437
20210927 0.11775 0.117228 0.114672 0.115758 0.116174 0.115916 0.117289 0.121472 0.122469 0.119719 0.124005 0.12746 0.119716 0.12154 0.122123 0.122157 0.121203 0.125651 0.127748 0.128405 0.127708 0.127228 0.119759 0.120574 0.122848 0.122593 0.123951 0.124231 0.126704 0.124427 0.121476 0.124369
20210928 0.114997 0.117055 0.115486 0.115336 0.116077 0.11646 0.116543 0.117667 0.12029 0.121688 0.122408 0.124778 0.11827 0.120014 0.119652 0.120904 0.121327 0.121313 0.125203 0.127254 0.12733 0.128387 0.11776 0.121297 0.121737 0.123185 0.122142 0.126275 0.123559 0.119036 0.122279 0.123005
20210929 0.113769 0.114189 0.115115 0.115684 0.115796 0.116376 0.116485 0.118406 0.11802 0.124571 0.123481 0.123026 0.116749 0.122671 0.123624 0.12197 0.122456 0.12329 0.124992 0.126134 0.127999 0.12725 0.118047 0.122825 0.122921 0.122518 0.126 0.12442 0.119925 0.123682 0.124293 0.124021
20210930 0.114921 0.114774 0.11279 0.117519 0.118363 0.117617 0.118907 0.121097 0.12032 0.120677 0.123332 0.12523 0.11697 0.122683 0.125404 0.125694 0.12513 0.12508 0.126605 0.128279 0.130026 0.130587 0.122837 0.124504 0.123919 0.125617 0.12462 0.120897 0.124755 0.126603 0.126398 0.129052
20211001 0.116337 0.11577 0.114474 0.115482 0.120594 0.120586 0.122698 0.122501 0.121775 0.122034 0.120839 0.125267 0.113602 0.118184 0.119965 0.122752 0.123153 0.122448 0.12381 0.124595 0.127263 0.130574 0.120405 0.120724 0.122735 0.121913 0.118961 0.12168 0.124458 0.125177 0.127489 0.128356
20211002 0.118784 0.11824 0.116624 0.117284 0.118516 0.121946 0.12235 0.122868 0.123571 0.12263 0.126154 0.126315 0.119635 0.121095 0.121079 0.120641 0.123868 0.125807 0.126606 0.126461 0.128531 0.131235 0.119228 0.124345 0.124465 0.120521 0.122238 0.123151 0.124549 0.127817 0.129532 0.127748
20211003 0.125105 0.123781 0.12169 0.122316 0.122605 0.123192 0.127384 0.129412 0.128287 0.128519 0.129693 0.130602 0.12696 0.129341 0.13041 0.128979 0.128492 0.132265 0.133363 0.134235 0.134742 0.136303 0.129817 0.13087 0.126365 0.12783 0.128954 0.128652 0.132612 0.134449 0.134046 0.131409
20211004 0.126491 0.125186 0.122508 0.122952 0.123667 0.124478 0.124801 0.128235 0.129195 0.131056 0.129466 0.130541 0.128294 0.128897 0.129087 0.131077 0.129879 0.13016 0.131404 0.13139 0.132141 0.133863 0.12772 0.124178 0.125832 0.128235 0.127782 0.130314 0.132014 0.131489 0.129661 0.131462
20211005 0.122709 0.124676 0.122417 0.1232 0.123677 0.125899 0.125404 0.125632 0.129469 0.131091 0.131475 0.131158 0.126489 0.127584 0.128373 0.128278 0.130152 0.129971 0.130862 0.130306 0.131427 0.132072 0.120728 0.125213 0.126985 0.126714 0.129912 0.131238 0.130216 0.128453 0.130597 0.131432
20211006 0.118803 0.119312 0.120724 0.121646 0.122348 0.123185 0.124544 0.123084 0.127021 0.129706 0.130713 0.13056 0.124799 0.128638 0.126649 0.128555 0.128339 0.129039 0.129264 0.130762 0.131545 0.131888 0.123689 0.126215 0.125548 0.127987 0.127982 0.127409 0.125601 0.126999 0.128288 0.128239
20211007 0.116483 0.116468 0.114922 0.12024 0.12113 0.122386 0.122344 0.121761 0.12286 0.123664 0.127792 0.128852 0.11907 0.124942 0.125486 0.124855 0.125553 0.126719 0.127169 0.126801 0.127536 0.129733 0.120831 0.121699 0.123554 0.124057 0.122508 0.122089 0.123135 0.124193 0.124738 0.124947
20211008 0.118568 0.118284 0.116746 0.117059 0.122 0.122117 0.122975 0.123471 0.12236 0.124657 0.128118 0.127833 0.118998 0.123431 0.125581 0.128232 0.125778 0.125532 0.127148 0.12797 0.126532 0.127279 0.120714 0.123768 0.125296 0.123246 0.121921 0.124258 0.125243 0.126877 0.126937 0.127719
20211009 0.119652 0.118496 0.116814 0.118053 0.118052 0.124027 0.123901 0.124875 0.125357 0.125365 0.127982 0.129849 0.121191 0.122599 0.124336 0.127225 0.130494 0.127599 0.126624 0.128764 0.131668 0.129939 0.12314 0.125994 0.123543 0.122597 0.124211 0.125024 0.126788 0.126995 0.129536 0.130553
20211010 0.125028 0.122626 0.120782 0.122 0.123212 0.12392 0.12818 0.128341 0.129618 0.133359 0.132858 0.137565 0.12606 0.128632 0.129291 0.128609 0.130635 0.13459 0.132853 0.131928 0.133163 0.135958 0.128415 0.127051 0.124722 0.125424 0.126655 0.127599 0.129607 0.132898 0.130923 0.129795
20211011 0.121756 0.120349 0.118773 0.119514 0.120381 0.122373 0.122075 0.124812 0.1256 0.127531 0.129646 0.132163 0.12378 0.124958 0.125471 0.125863 0.126336 0.128757 0.131909 0.13052 0.130668 0.131271 0.123227 0.12149 0.122947 0.124838 0.125595 0.127082 0.129596 0.128421 0.126527 0.127979
20211012 0.120918 0.122898 0.121431 0.122421 0.12279 0.123299 0.124311 0.123827 0.126515 0.129277 0.129042 0.129121 0.123058 0.125839 0.125029 0.124887 0.126653 0.125989 0.128731 0.132253 0.130701 0.132157 0.120305 0.123061 0.125618 0.125374 0.125547 0.126883 0.127667 0.125702 0.127011 0.128742
20211013 0.116692 0.117041 0.118811 0.11965 0.119686 0.121918 0.122576 0.123338 0.123668 0.127868 0.128211 0.129677 0.120607 0.124463 0.125372 0.124058 0.125938 0.126397 0.125599 0.128803 0.131601 0.128581 0.12017 0.124251 0.124685 0.124384 0.126164 0.126798 0.125699 0.125085 0.128234 0.128384
20211014 0.112975 0.112845 0.111376 0.115519 0.11598 0.116115 0.117292 0.119713 0.118344 0.118056 0.120224 0.123112 0.113922 0.118527 0.12096 0.122364 0.120851 0.123607 0.1223 0.123251 0.127132 0.128687 0.117928 0.11986 0.120157 0.122347 0.121952 0.121076 0.120128 0.121171 0.124072 0.125496
20211015 0.11346 0.11369 0.112266 0.112705 0.115761 0.115853 0.116989 0.118736 0.11885 0.120251 0.120891 0.123547 0.112164 0.113779 0.116902 0.119548 0.122137 0.119934 0.121569 0.120833 0.122919 0.124861 0.114344 0.118068 0.119838 0.118731 0.115653 0.116114 0.115722 0.118935 0.120283 0.1198
20211016 0.113801 0.113343 0.110512 0.110407 0.110687 0.113571 0.114715 0.114409 0.114475 0.122618 0.119241 0.122415 0.117356 0.118212 0.118557 0.12228 0.124563 0.126158 0.125526 0.126063 0.124688 0.126247 0.117757 0.122086 0.119809 0.117633 0.117987 0.119091 0.120797 0.120358 0.121742 0.122909
20211017 0.118343 0.118274 0.116446 0.115887 0.116717 0.117633 0.120239 0.119534 0.122357 0.123592 0.124076 0.12611 0.122154 0.124848 0.12367 0.123824 0.128824 0.131316 0.132726 0.132599 0.132828 0.131792 0.124505 0.125146 0.123071 0.123393 0.123537 0.123843 0.124875 0.125861 0.126694 0.127101
20211018 0.121268 0.121357 0.119724 0.120795 0.120774 0.120551 0.121317 0.125666 0.127809 0.128353 0.129283 0.129581 0.122073 0.126795 0.127387 0.124928 0.12482 0.129861 0.131381 0.132923 0.132112 0.13112 0.123678 0.125279 0.125635 0.124482 0.124491 0.125917 0.125533 0.123529 0.123748 0.126221
20211019 0.116575 0.118338 0.117441 0.117862 0.119359 0.119369 0.119667 0.121001 0.126787 0.126642 0.126919 0.125928 0.120913 0.123523 0.124567 0.124626 0.121989 0.122017 0.126568 0.127999 0.130065 0.128111 0.11996 0.123219 0.122544 0.123051 0.12379 0.124175 0.121358 0.121046 0.122132 0.124045
20211020 0.115345 0.115618 0.118114 0.118377 0.118759 0.119327 0.119284 0.120095 0.120677 0.124024 0.127912 0.128022 0.119021 0.124037 0.125344 0.125486 0.12448 0.121385 0.122111 0.126034 0.12713 0.129796 0.118593 0.120813 0.120855 0.121197 0.124216 0.12059 0.118564 0.119333 0.122332 0.123421
20211021 0.119675 0.119653 0.11895 0.12397 0.123588 0.124907 0.124362 0.124251 0.124296 0.126213 0.132758 0.133385 0.122641 0.127769 0.128784 0.1308 0.130765 0.130874 0.128101 0.128326 0.131042 0.132343 0.122503 0.126206 0.12678 0.128718 0.126037 0.123944 0.12382 0.127233 0.128708 0.130779
20211022 0.125717 0.125107 0.123011 0.123952 0.126138 0.127265 0.127148 0.126197 0.125556 0.128611 0.128939 0.135407 0.12722 0.131517 0.134042 0.132504 0.13431 0.136153 0.136179 0.132922 0.132413 0.134379 0.129065 0.132915 0.132049 0.128507 0.128737 0.128565 0.129291 0.131874 0.135186 0.135292
20211023 0.125276 0.125131 0.12222 0.123669 0.123594 0.12711 0.127608 0.12658 0.128933 0.128972 0.130267 0.132231 0.128455 0.129126 0.130675 0.132498 0.130408 0.132603 0.134484 0.135104 0.132515 0.13168 0.129746 0.131441 0.126796 0.126233 0.127159 0.127004 0.128498 0.131777 0.132055 0.131636
20211024 0.12341 0.122646 0.120404 0.121944 0.122021 0.122732 0.124728 0.125392 0.126937 0.127061 0.128092 0.128077 0.1245 0.126988 0.126158 0.126657 0.12799 0.128682 0.130483 0.131438 0.132346 0.131402 0.125585 0.123941 0.122203 0.124319 0.124395 0.125755 0.127304 0.129283 0.128142 0.12734
20211025 0.120466 0.118678 0.11673 0.117797 0.118677 0.119885 0.11993 0.123337 0.125135 0.123122 0.127102 0.12956 0.124812 0.126113 0.124828 0.125579 0.128106 0.129811 0.129863 0.131247 0.131588 0.131182 0.121267 0.120648 0.124146 0.122462 0.123903 0.123671 0.126108 0.126538 0.125273 0.123936
20211026 0.120438 0.121511 0.11819 0.119017 0.120029 0.120079 0.120499 0.121535 0.124777 0.126864 0.129278 0.13113 0.125917 0.130713 0.129455 0.12954 0.130761 0.132535 0.13474 0.132986 0.134806 0.137185 0.121494 0.127136 0.124971 0.126196 0.126781 0.127351 0.129041 0.128091 0.126342 0.124884
20211027 0.112745 0.112789 0.112768 0.113502 0.113466 0.115318 0.116148 0.117382 0.117817 0.120463 0.121313 0.125444 0.117563 0.12487 0.126396 0.125052 0.126436 0.128396 0.127582 0.130139 0.128995 0.131 0.118579 0.119007 0.118161 0.120095 0.120913 0.122402 0.122101 0.121165 0.120834 0.122437
20211028 0.110349 0.110693 0.107995 0.110864 0.111415 0.112029 0.113658 0.11274 0.114064 0.11648 0.118406 0.118631 0.110456 0.116856 0.119432 0.120292 0.11949 0.120804 0.123082 0.120809 0.123093 0.123787 0.113728 0.114544 0.116077 0.118994 0.118265 0.116092 0.114692 0.115785 0.117511 0.11766
20211029 0.111762 0.11132 0.109479 0.110302 0.113615 0.11529 0.11574 0.116556 0.118045 0.118153 0.120534 0.12409 0.114372 0.11666 0.119467 0.120729 0.12301 0.120308 0.12221 0.123928 0.122281 0.123253 0.116604 0.118095 0.121182 0.120102 0.116533 0.116692 0.117768 0.119723 0.120524 0.122628
20211030 0.115752 0.11469 0.112628 0.113599 0.113863 0.117587 0.117142 0.117106 0.119009 0.119103 0.119227 0.119857 0.113996 0.118254 0.117998 0.120732 0.122423 0.124735 0.122273 0.124807 0.126783 0.124694 0.119001 0.120365 0.121749 0.119913 0.119493 0.121087 0.12261 0.122879 0.125432 0.125685
20211031 0.123851 0.123272 0.121813 0.1223 0.122543 0.12248 0.125214 0.12493 0.126721 0.127776 0.127322 0.128146 0.1225 0.122082 0.125194 0.123791 0.128027 0.129727 0.132573 0.130956 0.132774 0.135319 0.12639 0.128547 0.127292 0.126172 0.127756 0.129218 0.129119 0.131722 0.132304 0.130959
20211101 0.120336 0.119724 0.118176 0.118855 0.119574 0.119 0.119303 0.121598 0.12254 0.123253 0.124814 0.126596 0.122165 0.124939 0.124555 0.126342 0.123416 0.126471 0.1287 0.13141 0.130033 0.131955 0.123703 0.122464 0.121529 0.121063 0.122849 0.122504 0.124245 0.125071 0.121864 0.125563
20211102 0.113793 0.114905 0.114288 0.115078 0.11486 0.116152 0.116652 0.115693 0.117487 0.118786 0.121361 0.121341 0.116955 0.118675 0.119679 0.120387 0.120009 0.119323 0.122375 0.123677 0.125609 0.124229 0.113332 0.115907 0.116597 0.117499 0.117617 0.117538 0.116977 0.114256 0.117628 0.118118
20211103 0.108214 0.108689 0.111198 0.112621 0.112145 0.113802 0.113538 0.113491 0.113688 0.116208 0.117614 0.118099 0.112244 0.118803 0.117387 0.11754 0.11762 0.117348 0.118594 0.120492 0.122365 0.124125 0.10941 0.113324 0.114068 0.115024 0.115762 0.115273 0.113612 0.115973 0.11677 0.120321
20211104 0.109645 0.109336 0.107689 0.114177 0.115261 0.116192 0.117186 0.116014 0.11737 0.118041 0.119906 0.120789 0.114225 0.119096 0.121857 0.120538 0.120249 0.120809 0.12172 0.121585 0.122998 0.125426 0.113849 0.116105 0.11644 0.11711 0.115114 0.114756 0.117078 0.11835 0.121843 0.12214
20211105 0.112601 0.112055 0.109906 0.111721 0.117246 0.116984 0.118507 0.117835 0.115909 0.119239 0.118864 0.120801 0.112061 0.117929 0.119919 0.122268 0.122035 0.120293 0.121875 0.122098 0.12128 0.124666 0.114867 0.117431 0.118298 0.11594 0.113867 0.115646 0.118181 0.120279 0.121838 0.119544
20211106 0.113283 0.113285 0.111757 0.112023 0.112873 0.118465 0.117008 0.119965 0.119821 0.120255 0.121183 0.119865 0.114842 0.116043 0.119517 0.121184 0.125052 0.124079 0.122425 0.124245 0.121326 0.122111 0.115865 0.119723 0.11712 0.113644 0.114739 0.117424 0.118475 0.12085 0.119003 0.116485
20211107 0.115869 0.115275 0.113312 0.114824 0.115017 0.115841 0.120781 0.121261 0.12266 0.122906 0.125846 0.124124 0.116971 0.119158 0.120493 0.124092 0.126333 0.130186 0.128126 0.12803 0.128236 0.12513 0.12022 0.119713 0.116335 0.117291 0.119214 0.121744 0.123844 0.122763 0.120451 0.119305
20211108 0.122647 0.121607 0.119866 0.120861 0.120921 0.120488 0.122102 0.128933 0.127741 0.13162 0.127861 0.131106 0.124574 0.127248 0.126412 0.127232 0.132513 0.134233 0.136171 0.135678 0.134905 0.133804 0.124129 0.122742 0.12321 0.125762 0.127095 0.129988 0.130319 0.128821 0.127607 0.128865
20211109 0.12286 0.12407 0.122286 0.122476 0.123983 0.123202 0.123601 0.12714 0.130037 0.130175 0.134604 0.130242 0.12548 0.12791 0.129359 0.128096 0.128571 0.132711 0.134328 0.134545 0.134616 0.133885 0.124465 0.12663 0.128876 0.129117 0.132041 0.132006 0.131696 0.131807 0.132017 0.134363
20211110 0.116949 0.117515 0.118447 0.119582 0.1204 0.120982 0.121025 0.12128 0.123907 0.128739 0.127608 0.128884 0.118279 0.123531 0.122756 0.124214 0.12372 0.125781 0.128184 0.131221 0.129763 0.130655 0.120955 0.123193 0.123878 0.127666 0.128248 0.12724 0.126263 0.128166 0.128856 0.129387
20211111 0.11519 0.114993 0.111659 0.117004 0.117133 0.118289 0.118256 0.117838 0.118454 0.121037 0.125902 0.125173 0.114365 0.117857 0.123016 0.120666 0.122754 0.121473 0.12266 0.124476 0.126186 0.1252 0.1173 0.119614 0.124543 0.123953 0.121155 0.11784 0.121455 0.123881 0.125154 0.125207
20211112 0.111692 0.11065 0.108273 0.109279 0.11463 0.114765 0.114225 0.116285 0.117706 0.118659 0.12213 0.121201 0.11413 0.115498 0.119566 0.122901 0.119914 0.121569 0.119101 0.119647 0.122179 0.122862 0.115865 0.122197 0.120858 0.118852 0.114404 0.117198 0.120627 0.122037 0.122849 0.124993
20211113 0.111365 0.111532 0.109426 0.110397 0.10993 0.114357 0.113993 0.115792 0.118902 0.117983 0.119551 0.119937 0.114605 0.114462 0.115406 0.119512 0.119859 0.120753 0.120481 0.118688 0.118637 0.120998 0.11804 0.120392 0.117506 0.114002 0.115105 0.117766 0.118113 0.11797 0.119805 0.121842
20211114 0.113921 0.11461 0.112733 0.112799 0.113806 0.113508 0.116204 0.115624 0.119577 0.119474 0.120515 0.122884 0.114342 0.119472 0.117477 0.117974 0.119962 0.119488 0.122578 0.122343 0.120733 0.121865 0.117999 0.116837 0.116841 0.116291 0.119401 0.120225 0.121754 0.122364 0.123677 0.124001
20211115 0.119777 0.120312 0.117843 0.119081 0.118597 0.118913 0.118851 0.122961 0.1259 0.129141 0.129169 0.128414 0.121897 0.124211 0.127314 0.125833 0.125567 0.126049 0.126768 0.129973 0.129423 0.126764 0.120238 0.122162 0.122514 0.124804 0.127891 0.129638 0.129535 0.130676 0.132847 0.131752
20211116 0.120311 0.122701 0.120882 0.122197 0.122294 0.12385 0.122797 0.12362 0.128012 0.128299 0.131262 0.134896 0.124875 0.127956 0.129493 0.130993 0.128385 0.127496 0.128696 0.129997 0.131432 0.130707 0.120408 0.122915 0.124579 0.127906 0.130001 0.131343 0.133567 0.130032 0.130558 0.132092
20211117 0.116125 0.116525 0.119764 0.121275 0.122308 0.124176 0.122991 0.123894 0.125057 0.127287 0.127826 0.128871 0.120366 0.126309 0.126831 0.127542 0.128803 0.126322 0.127136 0.129524 0.12909 0.130193 0.120536 0.124219 0.124997 0.126962 0.128082 0.131107 0.125681 0.125687 0.126639 0.127302
20211118 0.11507 0.114896 0.112871 0.117163 0.117546 0.118051 0.119384 0.119687 0.12076 0.121035 0.125943 0.123907 0.115388 0.11913 0.121823 0.122902 0.123748 0.125056 0.123322 0.125397 0.125863 0.125185 0.118779 0.121753 0.122742 0.121618 0.123483 0.120588 0.120736 0.122056 0.123729 0.12399
20211119 0.112796 0.112082 0.110907 0.110964 0.115441 0.116768 0.117063 0.117401 0.115893 0.118137 0.117873 0.121519 0.113694 0.115797 0.117846 0.119154 0.121735 0.122032 0.123831 0.122505 0.12404 0.123376 0.117459 0.121508 0.118494 0.118088 0.11677 0.118266 0.117289 0.120393 0.120699 0.119394
20211120 0.113006 0.110544 0.109487 0.111397 0.112576 0.116046 0.116329 0.11702 0.118071 0.118911 0.117953 0.119294 0.112324 0.11536 0.115011 0.11589 0.119236 0.120385 0.119532 0.120505 0.118913 0.120188 0.118354 0.118305 0.116405 0.111157 0.113488 0.112391 0.11563 0.118446 0.11691 0.118246
20211121 0.116219 0.113674 0.112071 0.113677 0.113967 0.114089 0.117652 0.118621 0.121144 0.122993 0.120448 0.121645 0.116697 0.117781 0.118921 0.116652 0.117269 0.120595 0.119944 0.120497 0.122392 0.121815 0.119003 0.11972 0.1131 0.114652 0.115623 0.117972 0.120155 0.120213 0.12171 0.120939
20211122 0.119811 0.116548 0.113928 0.115277 0.115348 0.116514 0.117471 0.120604 0.121942 0.122313 0.122619 0.12216 0.119702 0.122863 0.120951 0.120485 0.118946 0.120944 0.123551 0.125275 0.127458 0.127819 0.120923 0.119314 0.11985 0.120594 0.122187 0.12319 0.123895 0.124358 0.123203 0.124259
20211123 0.117345 0.117125 0.11514 0.115615 0.117229 0.116383 0.117378 0.118988 0.122929 0.124839 0.125796 0.128663 0.121829 0.124897 0.126075 0.122921 0.123882 0.125037 0.126168 0.128392 0.131508 0.132651 0.117135 0.119925 0.120745 0.121546 0.123033 0.121968 0.123406 0.122561 0.124309 0.128187
20211124 0.11307 0.116235 0.118411 0.118663 0.119706 0.118948 0.11923 0.121621 0.121518 0.128589 0.127875 0.129055 0.120133 0.126283 0.128694 0.127892 0.126682 0.129215 0.128758 0.130973 0.132614 0.134931 0.118382 0.121382 0.121744 0.123541 0.121176 0.122327 0.121559 0.123382 0.125819 0.12911
20211125 0.115452 0.11618 0.113794 0.118185 0.118168 0.11946 0.118289 0.118733 0.121709 0.12217 0.126941 0.128468 0.114929 0.122759 0.127958 0.129151 0.128365 0.128228 0.129212 0.128212 0.131148 0.133306 0.119664 0.120948 0.123331 0.121905 0.121399 0.119358 0.12057 0.123354 0.12681 0.123663
20211126 0.119069 0.118091 0.115949 0.116169 0.119592 0.119845 0.121176 0.121399 0.121632 0.123109 0.122957 0.128551 0.120232 0.120299 0.126711 0.128574 0.130914 0.130448 0.1305 0.131328 0.12893 0.130897 0.122536 0.125308 0.12486 0.124653 0.121164 0.122672 0.124914 0.127538 0.12498 0.128659
20211127 0.123453 0.123072 0.119729 0.120882 0.120924 0.123043 0.123386 0.124131 0.126846 0.125921 0.128225 0.126513 0.12332 0.127062 0.126781 0.131992 0.130786 0.133685 0.132607 0.132358 0.133567 0.129813 0.12576 0.128236 0.12842 0.125664 0.127938 0.130594 0.132562 0.129284 0.132172 0.132344
20211128 0.120748 0.121943 0.119058 0.120239 0.119572 0.120641 0.124703 0.124437 0.124665 0.125897 0.128827 0.128989 0.124031 0.125666 0.127819 0.12814 0.133246 0.131099 0.133973 0.132935 0.13286 0.133969 0.123674 0.127611 0.12524 0.126792 0.130533 0.131717 0.127764 0.13025 0.131215 0.127252
20211129 0.118632 0.119521 0.116652 0.118361 0.118037 0.117921 0.119374 0.12165 0.121383 0.123957 0.127652 0.128337 0.121078 0.124982 0.124535 0.125813 0.125707 0.131456 0.130013 0.132433 0.131777 0.130875 0.122735 0.121477 0.123855 0.127283 0.129277 0.125516 0.127644 0.128414 0.123119 0.124197
20211130 0.113926 0.117646 0.115675 0.116881 0.117241 0.117351 0.117578 0.11843 0.12168 0.122835 0.124939 0.124387 0.115518 0.118923 0.120372 0.118508 0.119829 0.119456 0.125671 0.125114 0.127751 0.12706 0.112859 0.117259 0.118365 0.121451 0.118385 0.119609 0.120118 0.116396 0.117416 0.120377
20211201 0.110559 0.110948 0.111358 0.112346 0.112945 0.114802 0.11531 0.114954 0.115286 0.11868 0.121748 0.123076 0.116788 0.119638 0.121496 0.121826 0.121877 0.123742 0.12424 0.12949 0.128114 0.131382 0.115528 0.118472 0.119238 0.119038 0.119203 0.119556 0.117382 0.120564 0.122578 0.124039
20211202 0.114334 0.114797 0.112103 0.118549 0.118975 0.119753 0.121775 0.122722 0.121333 0.121279 0.121876 0.127295 0.115811 0.122763 0.124983 0.125931 0.127351 0.127447 0.130148 0.131122 0.135978 0.133975 0.120305 0.122935 0.122541 0.121904 0.122142 0.120765 0.123807 0.126585 0.126162 0.126483
20211203 0.112752 0.112574 0.110113 0.111334 0.117454 0.118087 0.118757 0.118544 0.117651 0.120606 0.120028 0.120981 0.112682 0.11494 0.120881 0.122916 0.122322 0.124099 0.12326 0.126048 0.125275 0.130984 0.117707 0.119307 0.119235 0.11804 0.116076 0.118649 0.122267 0.120715 0.120114 0.120695
20211204 0.11351 0.112398 0.110827 0.112293 0.114052 0.120528 0.122505 0.119524 0.119879 0.117881 0.118893 0.121723 0.113033 0.11488 0.115716 0.120434 0.123789 0.122068 0.123331 0.123032 0.125524 0.12525 0.115516 0.118906 0.116856 0.114502 0.116286 0.119459 0.118732 0.117811 0.118945 0.119607
20211205 0.118206 0.116087 0.1133 0.114736 0.115243 0.117394 0.126927 0.125163 0.129058 0.126932 0.129294 0.130092 0.123479 0.124742 0.124447 0.126486 0.129951 0.132728 0.132959 0.133456 0.133741 0.134497 0.124089 0.125977 0.122394 0.124852 0.125751 0.125193 0.126216 0.126609 0.125665 0.126254
20211206 0.123363 0.121301 0.118878 0.121036 0.121716 0.122505 0.123649 0.130247 0.132078 0.133112 0.134536 0.136503 0.123443 0.129354 0.129163 0.128898 0.130818 0.132539 0.135336 0.13548 0.137263 0.137198 0.127322 0.124137 0.125511 0.126416 0.126207 0.127286 0.128953 0.126562 0.127324 0.128941
20211207 0.117856 0.119907 0.118323 0.119853 0.120032 0.120038 0.121426 0.121585 0.12958 0.129492 0.129136 0.129221 0.120259 0.122249 0.123142 0.122941 0.122671 0.123267 0.124643 0.128664 0.129433 0.129917 0.117139 0.119859 0.119428 0.120653 0.120139 0.122106 0.120876 0.121339 0.123537 0.125946
20211208 0.111917 0.112364 0.114689 0.115687 0.117069 0.11726 0.118844 0.119696 0.119561 0.127788 0.127788 0.125151 0.11695 0.120854 0.120883 0.122401 0.122561 0.121203 0.12294 0.125001 0.128015 0.127959 0.117658 0.116933 0.118196 0.118338 0.118739 0.118697 0.118947 0.121869 0.122235 0.120492
20211209 0.114484 0.113748 0.111113 0.11643 0.116452 0.117083 0.115991 0.116175 0.117485 0.118245 0.123259 0.124338 0.114482 0.118976 0.119189 0.121059 0.123485 0.124476 0.1224 0.125426 0.125012 0.125864 0.1142 0.118184 0.117951 0.11828 0.11689 0.116365 0.119394 0.119698 0.118879 0.12212
20211210 0.112235 0.110674 0.108108 0.110233 0.112936 0.114257 0.115434 0.115586 0.117951 0.117566 0.118202 0.123186 0.11673 0.117081 0.120718 0.119606 0.121482 0.123512 0.123822 0.122066 0.124115 0.124189 0.117833 0.118097 0.120025 0.117101 0.115063 0.117639 0.118309 0.118858 0.122118 0.127029
20211211 0.11912 0.117154 0.113639 0.115027 0.115728 0.11875 0.117738 0.120122 0.120197 0.121111 0.121854 0.122618 0.121262 0.124792 0.123381 0.126876 0.126231 0.12589 0.126307 0.124498 0.125535 0.127128 0.121639 0.125037 0.122018 0.119922 0.121265 0.122682 0.123416 0.126641 0.132082 0.127993
20211212 0.126571 0.124351 0.121617 0.122993 0.124009 0.124448 0.126859 0.127657 0.128718 0.129523 0.129792 0.130717 0.125642 0.130793 0.132173 0.131235 0.133249 0.133813 0.132691 0.132805 0.130952 0.132734 0.132083 0.128171 0.126616 0.127966 0.129437 0.129636 0.133385 0.138306 0.134279 0.135745
20211213 0.115205 0.114123 0.111886 0.113043 0.113492 0.113498 0.11398 0.117442 0.115972 0.115599 0.117276 0.119164 0.116316 0.118538 0.119312 0.119214 0.118302 0.121597 0.123562 0.12353 0.12224 0.122538 0.113464 0.11474 0.116653 0.116951 0.117018 0.121398 0.124344 0.122188 0.123769 0.12566
20211214 0.112765 0.114254 0.111654 0.112872 0.113557 0.114786 0.114367 0.114142 0.116882 0.115355 0.117221 0.118107 0.117848 0.117954 0.118042 0.121209 0.120848 0.121013 0.124648 0.124755 0.124555 0.126532 0.114699 0.118083 0.118124 0.117329 0.121548 0.123859 0.122568 0.124053 0.125517 0.127249
20211215 0.112669 0.112926 0.113346 0.114601 0.114617 0.115396 0.11673 0.116634 0.117635 0.120185 0.120769 0.120626 0.115123 0.1193 0.118948 0.11975 0.122127 0.123188 0.123347 0.127356 0.126329 0.125747 0.116846 0.119136 0.118933 0.120331 0.123734 0.121097 0.122232 0.125023 0.126388 0.125915
20211216 0.110233 0.110286 0.108958 0.112534 0.112986 0.113464 0.114219 0.114528 0.115541 0.116167 0.118712 0.117631 0.10993 0.114299 0.116902 0.118006 0.118083 0.119878 0.121487 0.119361 0.122323 0.122653 0.114212 0.116347 0.117009 0.119398 0.115131 0.116405 0.119254 0.120035 0.120494 0.120814
20211217 0.112993 0.112434 0.111483 0.112681 0.11709 0.117472 0.117305 0.118286 0.118906 0.119052 0.118826 0.121496 0.11465 0.114539 0.118364 0.122213 0.122827 0.123766 0.124528 0.125987 0.123201 0.126646 0.115023 0.117467 0.120923 0.11586 0.115343 0.119185 0.119182 0.120154 0.121829 0.123658
20211218 0.118984 0.116862 0.114084 0.115083 0.116355 0.121071 0.120798 0.122486 0.122859 0.123459 0.122825 0.125594 0.124787 0.126238 0.125173 0.127926 0.131614 0.131269 0.133121 0.132206 0.132831 0.131564 0.123636 0.129046 0.124231 0.122748 0.125637 0.126343 0.1271 0.128494 0.13031 0.131171
20211219 0.129955 0.127353 0.125008 0.125558 0.126664 0.127806 0.128061 0.127351 0.129316 0.130802 0.13045 0.13219 0.127595 0.135624 0.133411 0.13313 0.134754 0.138055 0.138555 0.13831 0.137241 0.137511 0.135748 0.131928 0.130295 0.132088 0.134192 0.134636 0.135567 0.136795 0.137968 0.137705
20211220 0.120615 0.119499 0.118038 0.119578 0.120349 0.120004 0.119664 0.122296 0.121806 0.123169 0.124747 0.123789 0.121472 0.123867 0.12818 0.126693 0.125149 0.12615 0.129112 0.129111 0.129239 0.129248 0.118423 0.11906 0.119907 0.1233 0.122336 0.121812 0.123406 0.123501 0.123471 0.123898
20211221 0.11302 0.114779 0.113457 0.11428 0.115389 0.11564 0.115505 0.117142 0.12115 0.123601 0.121469 0.122516 0.117585 0.119485 0.119608 0.124561 0.123683 0.122614 0.122477 0.125555 0.125631 0.126398 0.114733 0.116221 0.11921 0.118139 0.11823 0.119638 0.118791 0.118798 0.120009 0.122062
20211222 0.108494 0.108585 0.111308 0.111387 0.110721 0.112206 0.114082 0.115408 0.116233 0.117164 0.120007 0.117681 0.112531 0.117776 0.118533 0.119258 0.123113 0.122669 0.121601 0.121636 0.125414 0.124995 0.11265 0.115146 0.114358 0.115166 0.116435 0.114831 0.115422 0.115918 0.117657 0.117697
20211223 0.108497 0.108699 0.107914 0.111863 0.11247 0.112825 0.113663 0.115195 0.114758 0.116022 0.117333 0.118024 0.109395 0.112626 0.117146 0.118567 0.118243 0.121439 0.121133 0.120479 0.121476 0.122743 0.112229 0.113196 0.112476 0.114238 0.113089 0.113171 0.11468 0.115091 0.115453 0.119441
20211224 0.110861 0.110922 0.110458 0.111005 0.115223 0.11544 0.115377 0.117356 0.118897 0.119267 0.119526 0.122446 0.111959 0.113657 0.115298 0.120123 0.120949 0.120692 0.123491 0.123958 0.123422 0.12403 0.114511 0.115931 0.117786 0.116506 0.115093 0.116547 0.118224 0.118013 0.12106 0.121883
20211225 0.114133 0.113491 0.112518 0.113925 0.11428 0.118176 0.117756 0.119282 0.121326 0.122897 0.121657 0.122042 0.114878 0.116803 0.116134 0.116999 0.121519 0.120785 0.121159 0.1231 0.123849 0.123233 0.116163 0.11851 0.11716 0.116039 0.116862 0.119494 0.119221 0.122428 0.12243 0.122086
20211226 0.112916 0.112592 0.111041 0.111466 0.11175 0.112218 0.117066 0.115836 0.117074 0.119495 0.118971 0.118471 0.115977 0.117188 0.116492 0.1165 0.116722 0.118876 0.120066 0.120308 0.122459 0.123424 0.115964 0.115862 0.115052 0.116014 0.117565 0.118464 0.122011 0.12174 0.120614 0.123716
20211227 0.113335 0.113255 0.111791 0.112652 0.113484 0.113166 0.112965 0.116845 0.118015 0.117683 0.118176 0.118617 0.112483 0.116977 0.117745 0.116213 0.115843 0.115739 0.117027 0.118978 0.119173 0.12171 0.113429 0.113841 0.114193 0.114104 0.115448 0.119454 0.119964 0.118092 0.120527 0.120337
20211228 0.112268 0.113516 0.112478 0.113235 0.11373 0.114248 0.114391 0.115255 0.120145 0.120502 0.117343 0.11921 0.115241 0.115437 0.119347 0.120172 0.118014 0.117538 0.117746 0.119672 0.120418 0.121071 0.113776 0.116241 0.115072 0.116706 0.119955 0.121166 0.120149 0.121649 0.12217 0.122068
20211229 0.113352 0.113628 0.114037 0.114523 0.115697 0.116481 0.117116 0.117046 0.117448 0.121565 0.123186 0.119997 0.115166 0.11747 0.118548 0.121638 0.121131 0.118427 0.119036 0.117225 0.120002 0.121453 0.116517 0.116826 0.11826 0.121245 0.123496 0.121845 0.122476 0.123761 0.123089 0.122767
20211230 0.111062 0.110775 0.109163 0.112797 0.113354 0.113168 0.114289 0.114473 0.115489 0.115588 0.117867 0.120906 0.111684 0.113962 0.115063 0.116365 0.118801 0.119802 0.117522 0.117415 0.115129 0.118644 0.11299 0.115051 0.116956 0.11953 0.117848 0.118229 0.119061 0.11859 0.117455 0.119342
20211231 0.108811 0.107763 0.105684 0.106586 0.110555 0.110982 0.111621 0.111938 0.111961 0.113002 0.113369 0.114019 0.109634 0.110866 0.112655 0.115688 0.116392 0.11786 0.119889 0.117587 0.117487 0.115914 0.110101 0.113597 0.115809 0.113638 0.114176 0.114567 0.115516 0.114275 0.116377 0.118434
