20201223 -0.00298531 -0.00241491 0.000211829 0.00108906 0.00172063 0.00296406 0.00354339 0.00625683 0.00229128 0.00466288 0.00540037 0.0104461 0.00462348 0.00199068 0.00148249 0.00262486 0.000384234 -0.00245904 -0.0047472 0.00421282 0.00155567 0.000990727 0.00105995 0.00253962 0.00553483 0.00790794 0.00415698 0.00419517 0.00250863 0.00243668 0.00265865 0.000428148
20201224 -0.00150141 -0.000793874 -0.000130204 -0.000258852 -6.46175e-05 -0.000224629 0.000422372 -0.000564244 0.000517838 -0.00127661 -0.000615175 0.00145035 0.00286666 0.00478485 0.00278236 0.00257169 0.00347614 0.00168546 -0.00059114 -0.00286775 0.0052442 0.00187784 0.00275918 0.00609737 0.00911552 0.0055413 0.00613876 0.00437109 0.00339537 0.00269201 -0.00109882 0.000384708
20201225 0.000315624 0.000135654 -0.000437649 0.000211439 8.00979e-06 0.000529042 0.00207865 0.00154932 0.00127355 0.00226781 -0.000372078 -0.00367446 -0.00132401 0.000252871 0.00284959 0.00114557 0.000700879 0.00154987 0.000198912 -0.00239566 -0.00495396 0.00295749 0.00309232 0.0059781 0.00243767 0.00355521 0.00254501 0.0019102 0.00145463 -0.00286948 -0.00154108 -0.00187796
20201226 -0.00143937 -0.00165106 6.52799e-05 3.59529e-05 -0.000265326 0.000687369 0.000655613 -0.000315135 -4.569e-05 -0.000660745 -0.00182523 -0.00196555 -0.00195397 -0.00272591 -9.4819e-05 0.00216384 0.000297468 7.73241e-06 0.000929385 -0.000850886 -0.00420486 -0.00711213 0.00400174 0.000301742 0.00103686 0.00024358 -5.8489e-05 -1.94218e-05 -0.00415572 -0.00178949 -0.00181243 -0.000510998
20201227 -0.000478212 -0.00024271 -0.000594723 -0.00119039 -0.00108518 -0.000409479 -0.00265159 -0.00476623 -0.00584774 -0.00590322 -0.00194936 -0.00471512 -0.00264918 -0.00620155 -0.00683725 -0.0042212 -0.00233832 -0.00481266 -0.00474816 -0.0040346 -0.00582216 -0.00958913 -0.00208366 -0.0015474 -0.00230926 -0.00315284 -0.00372143 -0.00807407 -0.00522882 -0.00494276 -0.00322286 -0.00179446
20201228 0.00300074 0.00236974 -0.00220782 -0.00299526 -0.00311252 -0.00349065 -0.00365534 -0.00359127 -0.00293015 -0.00518221 -0.0066108 -0.00612124 -0.000849051 -0.00468987 -0.00756024 -0.00824952 -0.00591252 -0.00363767 -0.00590414 -0.00549825 -0.00459444 -0.0063376 -0.00209847 -0.00294594 -0.00377632 -0.00404472 -0.00814035 -0.00504268 -0.00513975 -0.00331219 -0.00167617 -0.00495321
20201229 0.00311324 0.0031308 -0.00383998 -0.00376737 -0.0033218 -0.00383011 -0.00489662 -0.00517719 -0.00708375 -0.0091169 -0.008869 -0.00707043 -0.00352352 -0.000526497 -0.00434191 -0.00642664 -0.00694248 -0.00487975 -0.00305759 -0.00526114 -0.00443315 -0.00394818 -0.00393901 -0.00505068 -0.00500721 -0.00878879 -0.0053537 -0.00506255 -0.00283078 -0.00110669 -0.00469662 -0.00209919
20201230 0.00283825 0.00302374 -0.0039945 -0.00284681 -0.00360194 -0.00366364 -0.000968099 -0.00114314 -0.00239575 -0.00582363 -0.00837785 -0.00569013 -0.00186478 -0.00193858 0.00129191 -0.00281566 -0.00456404 -0.00478276 -0.00266871 -0.00112181 -0.00407385 -0.00328255 -0.00466505 -0.00496061 -0.00919699 -0.00596682 -0.00512155 -0.00277401 -0.000696923 -0.00362404 -0.000475967 -0.0037851
20201231 -0.00103418 7.27575e-05 -0.00237067 -0.00330592 -0.00336462 -0.00244753 -0.0035797 -0.00307456 0.00127903 0.00157235 -0.00151681 0.00247713 0.0025264 0.00308707 0.00290902 0.0058632 0.00175467 -0.000132799 -0.000726646 0.000336609 0.00173154 -0.000948482 0.000745056 -0.00368571 -0.00122335 -0.000798244 0.00116637 0.00307611 0.000637982 0.00418405 0.00127861 0.00131459
20211226 -0.00221721 -0.00124176 6.8005e-05 -0.000319583 -0.000180697 0.0013244 0.00139908 0.00285043 0.00149343 0.00482893 0.0030025 0.00615465 0.00453126 0.00505308 0.00279267 0.00243158 0.00265174 0.00221345 0.00179489 0.00303052 0.00949792 0.0015075 -2.46609e-05 0.00149741 0.000673984 0.00398563 0.00179362 0.00148379 0.00224688 0.00296128 0.00249159 0.000459948
20211227 -0.00167479 -0.000124306 -0.00185892 -0.00214079 -0.00175288 -0.00106984 -0.000100672 0.0026514 0.00248885 0.00409219 0.00610167 0.00765112 0.00350922 0.00541531 0.00654925 0.00354745 0.00232153 0.00295227 0.00255922 0.00230397 0.00390883 0.00982777 0.00343491 0.00248734 0.00581187 0.00380679 0.0041268 0.00542612 0.00652646 0.00586373 0.00313476 0.00377794
20211228 -0.00459247 -0.00378807 0.00201415 0.00166812 0.0026956 0.0026926 0.00259805 0.00497616 0.00410074 0.00402408 0.00664967 0.0130765 0.00313393 0.00475856 0.00645695 0.00750252 0.00461193 0.00302251 0.00415337 0.00396711 0.00340004 0.00523751 0.00449388 0.00796861 0.00598339 0.00605903 0.00709667 0.00847959 0.007913 0.00530956 0.00642401 0.00382884
20211229 -0.00334232 -0.00328498 0.000661435 1.77818e-05 3.71996e-05 0.00137617 0.00290005 0.0030878 0.00354318 0.00348738 0.00539735 0.0054799 0.00326629 0.00227234 0.00371528 0.00563001 0.00641791 0.00372822 0.0016086 0.00271435 0.00249712 0.00142644 0.00722286 0.00583813 0.00580848 0.00641316 0.00788709 0.00704454 0.003466 0.0052387 0.00286818 0.00165136
20211230 -0.00754315 -0.00630326 0.0033256 0.00281174 0.00255225 0.00268522 0.00354074 0.00473741 0.00486742 0.00493592 0.00705581 0.00653204 0.00362245 0.0044464 0.00461918 0.00582056 0.00692443 0.00731463 0.00441085 0.0015318 0.00234102 0.00274648 0.00678683 0.00617944 0.00683962 0.0084234 0.00820422 0.0042008 0.0060111 0.0033882 0.00199459 0.00123705
20211231 -0.00674771 -0.00478886 0.00276392 0.00288792 0.00292872 0.00395483 0.00339205 0.00457213 0.00561945 0.00704163 0.00544281 0.00366119 0.0080365 0.00482332 0.0054274 0.0057207 0.00631374 0.00714552 0.00713324 0.00398226 0.00169453 0.0028202 0.00573537 0.00640402 0.00766541 0.00765077 0.00435429 0.00664902 0.00429978 0.00289944 0.0017998 0.00422209
