20200905 0.995201 0.995046 0.969078 0.978611 0.983626 1.04627 1.05165 1.06128 1.08734 1.10808 1.09512 1.09044 1.02963 1.07482 1.08809 1.10463 1.12706 1.1371 1.09065 1.11164 1.12969 1.11886 1.05287 1.10369 1.04964 1.05073 1.08128 1.07729 1.07834 1.09886 1.12023 1.115
20200906 1.01425 1.01153 0.993831 0.991338 1.00199 1.00568 1.04297 1.05259 1.06042 1.09063 1.0916 1.09466 1.03685 1.07745 1.0878 1.06224 1.07172 1.09231 1.11688 1.10182 1.13432 1.14664 1.0707 1.07177 1.05112 1.06212 1.05883 1.09496 1.08799 1.11986 1.11461 1.10452
20200907 1.02728 1.02475 0.998336 1.00685 1.01514 1.03342 1.02942 1.05813 1.07815 1.08885 1.11841 1.12173 1.04945 1.09064 1.08088 1.09109 1.05444 1.09224 1.11871 1.14212 1.13861 1.15791 1.05491 1.06357 1.06463 1.04622 1.09916 1.09445 1.12733 1.11929 1.10081 1.11223
20200908 1.03263 1.05768 1.03529 1.04667 1.05716 1.05015 1.05488 1.03924 1.09998 1.11609 1.1307 1.14947 1.07714 1.10937 1.10612 1.094 1.09535 1.10157 1.14913 1.17382 1.1761 1.16158 1.0607 1.09426 1.05376 1.11035 1.10854 1.13 1.1363 1.1194 1.08755 1.15276
20200909 1.00277 1.00717 1.0125 1.02312 1.03195 1.03073 1.02935 1.03114 1.04244 1.1201 1.12209 1.13526 1.06276 1.10281 1.09895 1.09462 1.08638 1.10648 1.12163 1.15118 1.16241 1.1644 1.0606 1.04747 1.09913 1.09593 1.10605 1.09207 1.09058 1.0479 1.09838 1.10473
20200910 1.00379 1.00228 0.976029 1.01877 1.02847 1.04201 1.05561 1.06747 1.06471 1.03244 1.16836 1.16978 1.01331 1.08601 1.10391 1.09011 1.11857 1.10974 1.13563 1.1243 1.15493 1.15875 1.02825 1.08357 1.07851 1.11589 1.10904 1.08903 1.06399 1.10464 1.08359 1.12419
20200911 0.999419 1.00013 0.978465 0.981519 1.02395 1.03156 1.04578 1.07154 1.09409 1.09233 1.09104 1.10361 1.01966 1.05977 1.09162 1.11906 1.11239 1.13463 1.11755 1.12653 1.1275 1.16305 1.04894 1.06901 1.09966 1.10279 1.08762 1.06814 1.10803 1.08372 1.10567 1.10719
20200912 1.00792 1.00207 0.980016 0.991943 1.00104 1.04649 1.05952 1.0704 1.09698 1.10057 1.10167 1.10324 1.0193 1.05333 1.06998 1.09924 1.14002 1.12985 1.13399 1.11509 1.13558 1.15847 1.054 1.10985 1.09873 1.09158 1.09397 1.10289 1.08325 1.0827 1.06597 1.06505
20200913 1.008 1.00481 0.978873 0.987429 0.987599 0.993504 1.03884 1.03692 1.04953 1.06773 1.07795 1.09607 1.02937 1.04969 1.07884 1.09072 1.08201 1.14311 1.14614 1.12485 1.09753 1.11357 1.06195 1.09021 1.07475 1.06341 1.09359 1.0823 1.06966 1.07881 1.06904 1.10222
20200914 0.989579 0.982459 0.961187 0.969075 0.971502 0.975787 0.970858 1.00879 1.04744 1.07485 1.06996 1.09908 1.02365 1.05925 1.05265 1.08755 1.08554 1.07452 1.14587 1.13399 1.10499 1.07151 1.0327 1.05232 1.00408 1.06315 1.07337 1.07194 1.10585 1.06243 1.05891 1.04882
20200915 0.965897 0.989008 0.95912 0.969054 0.970142 0.981418 1.00752 1.032 1.03998 1.08399 1.11433 1.11933 1.02918 1.07196 1.08344 1.07883 1.08105 1.08769 1.09107 1.1238 1.11699 1.11205 1.02088 1.03954 1.05311 1.06542 1.06932 1.08372 1.05673 1.07996 1.05606 1.06888
20200916 0.998828 1.00204 1.01386 1.02656 1.02734 1.03239 1.03588 1.0471 1.07385 1.0679 1.11122 1.13125 1.02644 1.10845 1.0935 1.12576 1.09478 1.09062 1.11163 1.13416 1.13132 1.14472 1.0688 1.07819 1.08415 1.08819 1.07909 1.06467 1.09819 1.09342 1.08101 1.1238
20200917 1.00294 1.00556 0.984928 1.04131 1.02754 1.03533 1.05256 1.09243 1.09863 1.08574 1.12387 1.14059 1.04193 1.10129 1.11977 1.11951 1.13916 1.10921 1.12829 1.12169 1.12295 1.15068 1.06033 1.09749 1.10093 1.11165 1.07701 1.07149 1.10287 1.09895 1.10205 1.13753
20200918 1.00006 0.997895 0.979599 0.991475 1.03887 1.05363 1.05813 1.0762 1.12194 1.10888 1.07945 1.13608 1.02094 1.0754 1.11009 1.13049 1.14578 1.1471 1.13124 1.13596 1.11138 1.13811 1.06111 1.10431 1.11162 1.07446 1.08177 1.0976 1.10014 1.103 1.12309 1.13402
20200919 1.02357 1.01017 0.997905 1.01147 1.01887 1.06336 1.07995 1.08433 1.11705 1.11628 1.14022 1.09796 1.04862 1.07679 1.07709 1.10885 1.13212 1.14816 1.13494 1.12726 1.13112 1.10284 1.06243 1.08924 1.05661 1.08927 1.09826 1.08362 1.11744 1.11555 1.12961 1.10055
20200920 1.01158 0.994766 0.984077 0.989513 0.997752 0.991189 1.04504 1.06332 1.05178 1.09354 1.08905 1.08898 1.03535 1.10247 1.08479 1.08525 1.12567 1.13986 1.14423 1.13663 1.11961 1.14191 1.04055 1.03988 1.06788 1.08581 1.05536 1.0897 1.09159 1.11228 1.0798 1.09112
20200921 1.0107 0.993742 0.972569 0.986486 0.984919 0.981209 1.00533 1.05 1.07695 1.0974 1.07746 1.10271 1.03038 1.06183 1.10731 1.08653 1.08288 1.13874 1.1554 1.15926 1.14223 1.1438 1.01872 1.04702 1.07356 1.05808 1.0741 1.06112 1.0898 1.05142 1.05471 1.06786
20200922 0.969838 0.994527 0.977785 0.987196 0.985219 0.991398 0.991732 1.01228 1.05819 1.06474 1.07711 1.08882 1.03722 1.05583 1.06626 1.09496 1.08938 1.09304 1.12749 1.14933 1.14558 1.12331 0.998691 1.05615 1.04908 1.07734 1.04745 1.07368 1.04413 1.04696 1.05217 1.05494
20200923 0.928498 0.934692 0.953396 0.958441 0.963959 0.972582 0.966014 0.983299 1.01889 1.09565 1.12382 1.05277 0.978788 1.07024 1.06974 1.06161 1.08818 1.06861 1.10922 1.11411 1.13606 1.13994 0.996202 1.04009 1.0893 1.05628 1.08045 1.04926 1.04854 1.03073 1.06163 1.07927
20200924 0.948335 0.951045 0.931798 0.975475 0.983749 0.980162 1.00529 0.999156 1.01048 1.03774 1.09987 1.13238 0.946899 1.02102 1.08287 1.0759 1.06471 1.09851 1.06992 1.09642 1.09617 1.11946 0.987875 1.05403 1.05646 1.08293 1.03526 1.03692 1.02209 1.05671 1.06535 1.12346
20200925 0.955081 0.952679 0.931729 0.952555 1.02214 1.02565 1.00511 1.03965 1.03298 1.05126 1.03467 1.10185 0.969015 0.99184 1.05121 1.09574 1.0838 1.07905 1.11315 1.10189 1.10248 1.10045 1.01791 1.06265 1.09795 1.045 1.03927 1.01783 1.04404 1.05262 1.08115 1.10115
20200926 0.971249 0.965257 0.952371 0.962353 0.971557 1.00069 1.01323 1.02 1.03784 1.0291 1.04778 1.08064 0.973528 0.999729 1.03955 1.08154 1.10197 1.10488 1.07124 1.10724 1.11786 1.10584 1.02722 1.08684 1.06077 1.04901 1.03704 1.04539 1.04668 1.06805 1.09859 1.11613
20200927 1.00955 1.01157 1.00369 1.01021 1.00949 1.02157 1.07775 1.08115 1.07669 1.0915 1.08838 1.08279 1.03077 1.04164 1.06048 1.09857 1.11959 1.13333 1.14252 1.1074 1.13272 1.12804 1.06092 1.09356 1.05577 1.07543 1.07737 1.07884 1.09748 1.12486 1.13184 1.15113
20200928 1.01683 1.0165 1.00053 1.00988 1.00904 1.02933 1.05984 1.09212 1.09942 1.12847 1.10457 1.10782 1.02709 1.07431 1.06485 1.08282 1.10911 1.11829 1.13292 1.13847 1.11669 1.1264 1.06431 1.05804 1.0746 1.07485 1.08711 1.11435 1.13112 1.13032 1.15225 1.16897
20200929 1.00022 1.0307 1.00485 1.02519 1.02515 1.03112 1.02845 1.05015 1.09099 1.09995 1.10168 1.12879 1.04114 1.04595 1.09322 1.08379 1.09672 1.11243 1.11971 1.1421 1.13822 1.12586 1.01965 1.04968 1.06272 1.07195 1.09789 1.10519 1.08524 1.12815 1.12003 1.12094
20200930 0.973788 0.981512 0.98616 1.00049 1.01246 1.01877 1.03808 1.0527 1.07705 1.11172 1.10271 1.12253 1.03483 1.07331 1.0714 1.10047 1.10966 1.09786 1.11294 1.12473 1.16208 1.15994 1.03072 1.07131 1.07154 1.10438 1.11369 1.08401 1.13069 1.09565 1.10121 1.13276
20201001 0.983665 0.984248 0.953915 1.00953 1.01402 1.01502 1.02237 1.04316 1.07877 1.09743 1.08967 1.07981 1.00079 1.06567 1.07547 1.08542 1.09878 1.09704 1.07995 1.09078 1.11147 1.15611 1.03623 1.07645 1.1008 1.11091 1.09831 1.11571 1.09304 1.0767 1.09312 1.11347
20201002 1.00887 1.00757 0.982996 1.0011 1.04774 1.05589 1.05693 1.05885 1.08017 1.10176 1.10584 1.10851 1.00005 1.05805 1.07177 1.0905 1.10196 1.11827 1.10212 1.11329 1.11073 1.1206 1.06182 1.09386 1.09924 1.08896 1.09312 1.09194 1.08112 1.08218 1.10194 1.10576
20201003 1.02044 1.01325 0.996368 1.01127 1.01091 1.05393 1.04358 1.05329 1.07011 1.06561 1.10811 1.1072 1.0358 1.04437 1.08633 1.08784 1.10698 1.1245 1.14153 1.11367 1.14729 1.11919 1.07297 1.10773 1.08782 1.08239 1.07931 1.09079 1.09102 1.10353 1.1118 1.11254
20201004 1.03095 1.01836 1.0006 1.01105 1.01541 1.0166 1.06456 1.06259 1.06801 1.07045 1.10067 1.11529 1.05493 1.06615 1.08203 1.09665 1.1042 1.13393 1.13489 1.14342 1.14117 1.17442 1.08652 1.10339 1.08583 1.07715 1.09189 1.0869 1.10222 1.11435 1.10995 1.14315
20201005 1.05889 1.05178 1.04354 1.04506 1.05522 1.04501 1.06607 1.09991 1.0969 1.0938 1.11793 1.12332 1.06823 1.10383 1.10393 1.11244 1.11131 1.12501 1.16159 1.15991 1.17021 1.19067 1.07519 1.11688 1.11718 1.11955 1.12025 1.11946 1.13083 1.11842 1.12297 1.16034
20201006 1.0191 1.03244 1.01463 1.03035 1.03367 1.04367 1.04198 1.04662 1.08345 1.11567 1.11741 1.16294 1.0883 1.12371 1.13116 1.13683 1.10311 1.12832 1.13652 1.15363 1.16408 1.19183 1.10419 1.12998 1.1274 1.13262 1.12928 1.15191 1.13394 1.10522 1.12232 1.13534
20201007 1.0307 1.03488 1.05262 1.05642 1.05781 1.05697 1.05106 1.0518 1.05374 1.11263 1.11865 1.11052 1.03067 1.11272 1.1184 1.12659 1.12022 1.08508 1.1373 1.12642 1.14385 1.14813 1.0632 1.08685 1.07922 1.08202 1.11046 1.10609 1.08961 1.09482 1.11205 1.15122
20201008 0.999563 1.00752 0.997414 1.05309 1.05922 1.04947 1.05561 1.04738 1.05079 1.07392 1.13992 1.12377 1.03324 1.08409 1.13748 1.12625 1.1093 1.11909 1.10899 1.13385 1.1267 1.15019 1.05301 1.07547 1.07255 1.08942 1.09125 1.09715 1.09512 1.12527 1.142 1.14552
20201009 0.999621 0.998723 0.982719 0.99526 1.04635 1.05488 1.06066 1.04716 1.03381 1.06007 1.07675 1.13809 0.997127 1.05464 1.10077 1.13388 1.12342 1.09079 1.10018 1.10308 1.11166 1.12856 1.04579 1.07582 1.08862 1.08248 1.0868 1.08002 1.11417 1.11616 1.12736 1.1714
20201010 0.997248 0.994563 0.970668 0.981748 0.990361 1.03775 1.05812 1.07531 1.06679 1.0672 1.10109 1.09213 1.01905 1.03889 1.06661 1.10046 1.11753 1.11185 1.0987 1.09072 1.0808 1.10646 1.04563 1.08787 1.05584 1.07559 1.06876 1.08427 1.12442 1.10316 1.16201 1.14776
20201011 1.03309 1.03016 1.00413 1.02512 1.01704 1.01991 1.04849 1.07776 1.08281 1.1073 1.10484 1.11195 1.04075 1.06255 1.07016 1.09828 1.12116 1.13313 1.13171 1.13337 1.10616 1.11315 1.07446 1.05872 1.04666 1.06362 1.07479 1.09929 1.0813 1.12379 1.12171 1.08741
20201012 1.04043 1.03482 1.02105 1.02823 1.0276 1.04677 1.07005 1.07798 1.10354 1.11848 1.12875 1.12145 1.0562 1.07194 1.08233 1.0969 1.10797 1.15514 1.1492 1.1348 1.14744 1.11434 1.03158 1.04026 1.09317 1.09061 1.10753 1.10176 1.12586 1.09939 1.06466 1.09037
20201013 0.994193 1.0137 1.00931 1.01783 1.01963 1.02927 1.05124 1.08033 1.10124 1.15764 1.12117 1.1331 1.06279 1.10169 1.09012 1.12449 1.14342 1.1338 1.18001 1.16363 1.14043 1.1505 1.03132 1.11283 1.10233 1.12527 1.11635 1.13 1.10514 1.05952 1.09239 1.09191
20201014 0.998359 1.00192 1.03865 1.03978 1.05325 1.05011 1.06313 1.09588 1.0945 1.12927 1.16533 1.16571 1.05581 1.13565 1.13234 1.12927 1.14793 1.16746 1.16903 1.17818 1.17752 1.18071 1.06554 1.08799 1.11623 1.11053 1.11929 1.12407 1.09513 1.10397 1.1222 1.11263
20201015 1.01044 1.01624 0.998275 1.04982 1.05141 1.05917 1.06927 1.08802 1.0859 1.10122 1.14245 1.13782 1.0232 1.11555 1.1456 1.13401 1.12853 1.14178 1.14901 1.1801 1.16501 1.17614 1.05427 1.10527 1.08972 1.10012 1.09973 1.07795 1.10019 1.13785 1.10672 1.11617
20201016 1.00242 1.00194 0.993512 0.996705 1.04469 1.06475 1.0726 1.09578 1.10212 1.05451 1.13432 1.13033 1.00884 1.03663 1.10842 1.14143 1.12769 1.12675 1.12679 1.12863 1.15108 1.14564 1.069 1.07966 1.07338 1.08463 1.05309 1.09687 1.12679 1.10767 1.09377 1.1322
20201017 1.03142 1.02378 1.01232 1.01275 1.02169 1.068 1.09528 1.13008 1.13504 1.12874 1.12567 1.16281 1.03289 1.06227 1.07031 1.1242 1.17165 1.15187 1.14192 1.12263 1.14008 1.16711 1.05246 1.07673 1.08682 1.05855 1.10175 1.11871 1.11638 1.10312 1.14943 1.16673
20201018 1.07418 1.06507 1.05074 1.06153 1.0672 1.07935 1.11932 1.13357 1.14912 1.16908 1.14762 1.17133 1.10598 1.11541 1.13896 1.14517 1.19285 1.23249 1.19422 1.16996 1.17275 1.17532 1.09421 1.12523 1.0964 1.14109 1.16356 1.14435 1.13868 1.19479 1.18142 1.16792
20201019 1.07535 1.07115 1.06314 1.07391 1.08987 1.07824 1.10076 1.11873 1.13577 1.16309 1.19023 1.1716 1.08928 1.1413 1.1329 1.14915 1.17112 1.2014 1.23093 1.19664 1.18776 1.19278 1.10528 1.1121 1.14402 1.15131 1.13185 1.14879 1.20082 1.15502 1.15171 1.13186
20201020 1.05185 1.07676 1.06898 1.08514 1.0876 1.1018 1.09119 1.10064 1.13058 1.17522 1.19571 1.22536 1.08455 1.11712 1.14544 1.15083 1.16674 1.15873 1.1812 1.21667 1.20568 1.19508 1.07198 1.1199 1.12091 1.09298 1.13271 1.18107 1.11862 1.11886 1.11993 1.11993
20201021 1.02589 1.03409 1.0518 1.06367 1.06616 1.06221 1.08409 1.08598 1.09662 1.13014 1.18439 1.16234 1.05587 1.11208 1.14177 1.14312 1.15407 1.1853 1.13328 1.14903 1.18661 1.19666 1.05125 1.06912 1.0703 1.10484 1.13214 1.10401 1.09955 1.09291 1.11839 1.15468
20201022 0.992818 1.00324 0.984871 1.05324 1.05567 1.05478 1.0909 1.0706 1.07612 1.06523 1.07882 1.15647 1.02873 1.0931 1.14034 1.15189 1.13993 1.15741 1.18935 1.143 1.15191 1.18015 1.00785 1.06 1.10804 1.11362 1.08702 1.08597 1.08124 1.09817 1.1388 1.13266
20201023 0.969912 0.980818 0.97103 0.976577 1.01631 1.02535 1.04359 1.05653 1.08767 1.07864 1.092 1.10885 1.01806 1.06017 1.12032 1.16311 1.13997 1.14378 1.16583 1.19582 1.14999 1.16191 1.02584 1.103 1.09858 1.04933 1.06693 1.07413 1.08338 1.13996 1.14151 1.1831
20201024 0.973385 0.980791 0.96733 0.966123 0.964289 1.00499 1.03135 1.05503 1.08068 1.10312 1.10401 1.14854 1.02544 1.06461 1.09333 1.12531 1.16889 1.15531 1.15794 1.17374 1.19012 1.1452 1.06 1.12656 1.05768 1.05709 1.05967 1.08226 1.14764 1.16161 1.1856 1.17398
20201025 1.00516 1.00096 0.97736 0.99021 0.997471 0.997227 1.05251 1.03812 1.04557 1.14067 1.10463 1.13073 1.00172 1.07619 1.09343 1.09297 1.1175 1.17672 1.16483 1.17119 1.18276 1.17677 1.07742 1.07719 1.05324 1.05836 1.06 1.09726 1.12527 1.16088 1.1448 1.15878
20201026 0.994462 0.989283 0.965543 0.986165 0.98364 0.986613 0.983795 1.01806 1.03682 1.06696 1.12466 1.11504 1.02525 1.05301 1.08369 1.11397 1.09563 1.12623 1.18733 1.17214 1.16677 1.18591 1.0435 1.05613 1.06482 1.05752 1.06282 1.07718 1.14604 1.14326 1.10804 1.1069
20201027 0.975895 1.00881 0.980528 0.995733 0.998233 1.01127 1.00379 1.01216 1.04385 1.05 1.08425 1.10329 1.00945 1.05853 1.04107 1.06208 1.08575 1.10427 1.1278 1.16518 1.15635 1.1527 1.01722 1.04971 1.05873 1.0727 1.07623 1.13173 1.12691 1.08404 1.08466 1.11257
20201028 0.950689 0.954677 0.97377 0.988644 0.991914 0.999997 1.01835 1.00936 1.00543 1.0494 1.0525 1.1054 0.970098 1.04327 1.05496 1.02641 1.03845 1.05666 1.08539 1.1068 1.14639 1.15374 0.994973 1.04333 1.05493 1.0673 1.11676 1.10368 1.06713 1.07194 1.09723 1.10348
20201029 0.965682 0.970491 0.955262 0.980457 0.981914 1.00503 1.03593 1.02172 1.03683 1.05564 1.0673 1.06082 0.977549 1.02174 1.08347 1.07401 1.05216 1.07477 1.06738 1.08823 1.11796 1.13656 1.00392 1.06012 1.08136 1.12427 1.11045 1.07241 1.06782 1.0825 1.08619 1.10505
20201030 0.988541 0.984224 0.961164 0.968171 1.01465 1.02884 1.04245 1.07363 1.08948 1.08053 1.12746 1.13877 1.01659 1.0386 1.08263 1.1112 1.09681 1.08409 1.10488 1.09916 1.10283 1.14098 1.04653 1.10278 1.1675 1.15805 1.10889 1.1004 1.10801 1.10969 1.13286 1.14108
20201031 0.985257 0.97806 0.958701 0.971928 0.972728 1.0106 1.02711 1.05867 1.05916 1.10056 1.10904 1.10927 1.00727 1.06734 1.06266 1.09885 1.121 1.09209 1.09626 1.10881 1.1175 1.10347 1.05643 1.15624 1.15198 1.10475 1.10367 1.08718 1.08025 1.08841 1.12727 1.13312
20201101 0.986867 0.97034 0.9496 0.96722 0.974923 0.991957 1.02459 1.03676 1.06462 1.06364 1.07462 1.04538 0.987185 1.02432 1.05479 1.06534 1.08469 1.12772 1.1065 1.116 1.14394 1.12275 1.07029 1.10141 1.07951 1.09509 1.08632 1.05839 1.07076 1.1037 1.11058 1.14733
20201102 0.983463 0.979517 0.958135 0.977839 0.989861 0.985974 0.984929 1.01164 1.03865 1.05194 1.09498 1.09899 1.00883 1.04119 1.05236 1.06202 1.08632 1.10539 1.16288 1.12154 1.13427 1.16743 1.01411 1.0554 1.07702 1.08383 1.06078 1.08038 1.09404 1.07343 1.09473 1.09352
20201103 0.945609 0.966803 0.94984 0.965141 0.982739 1.00258 0.998869 1.01048 1.00977 1.03298 1.07614 1.11194 1.00025 1.0566 1.07877 1.09505 1.08119 1.10794 1.11956 1.18321 1.12977 1.15136 1.02003 1.09402 1.08037 1.06715 1.09798 1.10184 1.07343 1.08253 1.06912 1.08624
20201104 0.9278 0.934447 0.948711 0.965869 0.965694 0.991467 1.00144 1.02077 1.02656 1.04949 1.04732 1.07754 0.992276 1.08834 1.0858 1.09868 1.10714 1.10796 1.13003 1.13883 1.17433 1.14138 1.02754 1.06126 1.06154 1.08477 1.10215 1.09774 1.07772 1.05826 1.0607 1.08776
20201105 0.963004 0.961634 0.947147 1.00319 1.02142 1.00244 1.02096 1.06358 1.08412 1.07041 1.09872 1.11191 0.958239 1.08104 1.15962 1.13716 1.14221 1.13717 1.14073 1.14937 1.18166 1.20052 1.02265 1.07024 1.10377 1.09825 1.09955 1.0841 1.05608 1.05778 1.09302 1.10989
20201106 0.99233 0.982605 0.96776 0.973946 1.01701 1.03669 1.05459 1.04567 1.10522 1.16756 1.14369 1.17344 1.00635 1.0448 1.12075 1.20988 1.19707 1.19408 1.16443 1.16496 1.17823 1.21059 1.06325 1.13914 1.12422 1.09514 1.08937 1.07827 1.07814 1.11978 1.13901 1.14232
20201107 1.00248 0.99882 0.984569 0.984639 0.991103 1.05888 1.07122 1.08252 1.11754 1.11051 1.18794 1.17082 1.01501 1.06307 1.07626 1.15007 1.22185 1.18069 1.18218 1.15017 1.17145 1.17951 1.09953 1.14067 1.1045 1.07925 1.07283 1.06937 1.10544 1.15477 1.15217 1.12276
20201108 1.04899 1.04094 1.02191 1.03195 1.04439 1.04374 1.0811 1.09092 1.07885 1.14642 1.11337 1.20496 1.03837 1.07889 1.09417 1.10013 1.18825 1.22488 1.15636 1.14213 1.12882 1.14695 1.11435 1.12081 1.07401 1.08268 1.07247 1.10968 1.16254 1.15267 1.13269 1.12804
20201109 1.06455 1.05183 1.02979 1.03865 1.05207 1.05792 1.06056 1.10272 1.11434 1.11829 1.15939 1.14991 1.08298 1.08627 1.10763 1.10741 1.1019 1.18436 1.20899 1.16157 1.13259 1.14163 1.07208 1.07162 1.07441 1.06986 1.1096 1.13333 1.13589 1.12757 1.12215 1.10903
20201110 1.01342 1.03201 1.0137 1.02181 1.02037 1.02037 1.03074 1.04986 1.10117 1.0977 1.11247 1.12992 1.0906 1.1144 1.10263 1.10451 1.10674 1.08613 1.1418 1.1874 1.16794 1.1636 1.04005 1.07169 1.0686 1.08939 1.11466 1.11513 1.09525 1.10667 1.09429 1.09701
20201111 0.987849 0.990027 0.994832 1.011 1.01851 1.0295 1.0376 1.03174 1.04693 1.08388 1.11038 1.10245 1.02145 1.12098 1.10607 1.11569 1.1178 1.07885 1.07985 1.13309 1.172 1.1502 1.02083 1.0536 1.08438 1.09428 1.09892 1.07116 1.07917 1.08321 1.08593 1.11275
20201112 0.996337 0.993681 0.977775 1.02441 1.0305 1.03632 1.04627 1.06385 1.07107 1.071 1.08915 1.07681 1.01862 1.08226 1.1398 1.14126 1.13326 1.13182 1.0858 1.09331 1.15926 1.17385 1.04306 1.10878 1.09137 1.0856 1.06216 1.06851 1.05699 1.06626 1.10092 1.08525
20201113 0.98943 0.985639 0.973486 0.975151 1.01859 1.02379 1.03354 1.0589 1.0523 1.06898 1.07554 1.09029 1.01067 1.04275 1.11291 1.13189 1.14692 1.13035 1.11486 1.10504 1.08721 1.16915 1.0628 1.0845 1.05627 1.04862 1.05538 1.04041 1.04122 1.08403 1.08062 1.09988
20201114 1.04453 1.04103 1.02318 1.02906 1.02555 1.06291 1.06372 1.06583 1.09704 1.08644 1.10749 1.11349 1.03794 1.07902 1.0875 1.14134 1.14948 1.14856 1.14594 1.14693 1.1529 1.12849 1.10396 1.09603 1.08742 1.07228 1.07406 1.07046 1.09685 1.11802 1.1159 1.13626
20201115 1.06282 1.04553 1.04045 1.04831 1.05148 1.0732 1.08583 1.09742 1.10135 1.11005 1.12245 1.15152 1.07609 1.08921 1.11223 1.12648 1.16331 1.18939 1.17974 1.18837 1.19002 1.18561 1.09304 1.08788 1.05661 1.07644 1.08068 1.11439 1.11763 1.11843 1.14332 1.14527
20201116 1.05215 1.03399 1.02374 1.04054 1.04023 1.04331 1.05405 1.09138 1.13506 1.11633 1.10022 1.16684 1.08097 1.11265 1.1256 1.14094 1.15083 1.18986 1.22047 1.23102 1.23875 1.23715 1.04742 1.05884 1.09827 1.09543 1.11168 1.12481 1.12126 1.13168 1.14798 1.13782
20201117 0.974676 0.99669 0.985387 0.993424 0.99961 1.01527 1.02556 1.06065 1.10166 1.118 1.11329 1.11151 1.06451 1.0966 1.11305 1.13352 1.14431 1.16144 1.17122 1.22806 1.22821 1.23629 1.03574 1.0998 1.09648 1.08797 1.11493 1.1091 1.08607 1.13028 1.12075 1.12503
20201118 0.990142 0.996093 1.00902 1.02376 1.03404 1.04596 1.03032 1.06235 1.05747 1.10134 1.16203 1.1475 0.994817 1.09057 1.10833 1.11478 1.13775 1.14672 1.15373 1.17019 1.2216 1.19535 1.04923 1.08587 1.06856 1.09631 1.09815 1.06568 1.09843 1.09095 1.09391 1.10065
20201119 0.982231 0.985567 0.972289 1.00712 1.02617 1.0207 1.01094 1.05493 1.0529 1.05674 1.10924 1.12791 0.99723 1.02537 1.09882 1.11735 1.12441 1.13304 1.1359 1.12285 1.16318 1.21285 1.03746 1.04819 1.04952 1.08538 1.05156 1.06234 1.0667 1.06013 1.0803 1.08296
20201120 1.00916 1.00603 0.986633 0.997874 1.04169 1.05183 1.05687 1.07844 1.1019 1.10638 1.09594 1.15881 1.03374 1.07527 1.06839 1.14242 1.15949 1.13854 1.14315 1.13631 1.12899 1.15556 1.04352 1.06579 1.10402 1.06754 1.07449 1.0849 1.08248 1.09991 1.10053 1.12404
20201121 1.01567 1.00198 0.982834 1.00089 1.00945 1.03881 1.0544 1.0691 1.08849 1.0806 1.0822 1.09567 1.03218 1.07626 1.10176 1.10105 1.15939 1.16891 1.1459 1.14146 1.15174 1.12665 1.048 1.10088 1.0607 1.04755 1.06208 1.0717 1.09281 1.09013 1.11026 1.09327
20201122 1.02439 1.00354 0.996157 1.01018 1.01137 1.02506 1.03958 1.057 1.08629 1.09132 1.08357 1.09862 1.05581 1.06755 1.07239 1.09698 1.10841 1.12903 1.12962 1.13446 1.11386 1.12341 1.0701 1.06996 1.02472 1.0455 1.04874 1.07137 1.06465 1.08558 1.07365 1.0536
20201123 1.05334 1.03767 1.02622 1.0395 1.04574 1.05997 1.06412 1.10305 1.10748 1.12816 1.13128 1.13474 1.09563 1.10664 1.12044 1.12348 1.11673 1.13758 1.16829 1.14877 1.15795 1.14321 1.07074 1.08423 1.06826 1.05955 1.08702 1.08692 1.13115 1.08487 1.07775 1.14419
20201124 1.01322 1.02017 1.01184 1.02086 1.04074 1.04554 1.05338 1.06357 1.11076 1.11565 1.10653 1.09413 1.07939 1.10561 1.09493 1.11756 1.12005 1.09866 1.12588 1.17663 1.15534 1.16499 1.0717 1.0707 1.04764 1.07973 1.08094 1.13943 1.09628 1.0857 1.13127 1.11322
20201125 0.988054 0.991086 1.01181 1.02082 1.01838 1.02674 1.04684 1.0387 1.05253 1.10166 1.12029 1.12133 1.02803 1.10115 1.07508 1.09459 1.1019 1.10056 1.11789 1.14734 1.18829 1.17651 1.0378 1.04071 1.04738 1.08233 1.09981 1.08689 1.08274 1.10695 1.10184 1.13219
20201126 1.0093 1.01524 0.985579 1.03613 1.04129 1.05371 1.04625 1.0585 1.05853 1.07689 1.11922 1.13994 1.02594 1.09315 1.10998 1.1063 1.12341 1.11253 1.12142 1.12782 1.15344 1.18718 1.03716 1.0442 1.0952 1.08647 1.0543 1.065 1.09038 1.08633 1.10577 1.1198
20201127 1.00171 1.00101 0.987802 0.997449 1.0505 1.05708 1.0543 1.0807 1.0826 1.08457 1.14011 1.1622 1.05201 1.08663 1.10357 1.14042 1.1417 1.1454 1.183 1.16621 1.16541 1.16347 1.05655 1.08213 1.11258 1.06385 1.05495 1.08505 1.0829 1.11151 1.13241 1.12164
20201128 1.05245 1.06149 1.04113 1.04897 1.06494 1.11372 1.11416 1.1075 1.13257 1.10313 1.1252 1.13367 1.03656 1.09729 1.1285 1.11008 1.14611 1.17867 1.17601 1.20935 1.20214 1.19516 1.07794 1.13671 1.08756 1.05195 1.09125 1.09296 1.13327 1.14272 1.13978 1.15366
20201129 1.04101 1.03247 1.01227 1.02094 1.04053 1.03842 1.07911 1.09103 1.09683 1.11959 1.11467 1.11757 1.06863 1.06898 1.10714 1.12235 1.10209 1.14395 1.1676 1.16353 1.20138 1.20899 1.10881 1.07875 1.0137 1.05929 1.06103 1.10604 1.11256 1.1015 1.11912 1.11524
20201130 1.05107 1.03165 1.02315 1.03861 1.04099 1.04484 1.05373 1.10117 1.11038 1.1206 1.08127 1.13795 1.07116 1.06934 1.059 1.07641 1.06577 1.09491 1.13489 1.1504 1.15487 1.17816 1.05732 1.02369 1.05108 1.05657 1.06842 1.08087 1.08876 1.1022 1.093 1.11789
20201201 1.00892 1.02132 1.00093 1.02188 1.03185 1.03506 1.04766 1.04603 1.09876 1.08599 1.14884 1.12139 1.04885 1.10181 1.0753 1.07143 1.06171 1.05543 1.10114 1.13151 1.15379 1.16615 1.01678 1.04794 1.04932 1.0632 1.06963 1.09901 1.10588 1.10094 1.10001 1.09851
20201202 1.00689 1.01084 1.03744 1.04457 1.05742 1.06576 1.06163 1.04063 1.07711 1.11227 1.10012 1.15031 1.05421 1.10137 1.11455 1.10097 1.09974 1.10062 1.10442 1.09464 1.15232 1.16701 1.03358 1.06902 1.07442 1.08708 1.10039 1.10912 1.09245 1.08997 1.09667 1.12917
20201203 1.00217 1.00476 0.995421 1.03855 1.05479 1.06518 1.08094 1.10376 1.09774 1.11996 1.14718 1.14772 1.05267 1.10385 1.12518 1.1213 1.11904 1.12634 1.13609 1.12817 1.11279 1.17207 1.06207 1.08784 1.10128 1.10953 1.11356 1.09609 1.0969 1.10518 1.1508 1.15321
20201204 1.00922 1.0088 0.991423 1.00628 1.04405 1.04662 1.05781 1.0576 1.08178 1.07023 1.11483 1.10752 1.01045 1.06323 1.09948 1.12052 1.12258 1.11664 1.12877 1.13324 1.13396 1.13728 1.06804 1.08026 1.09359 1.10622 1.10871 1.09678 1.10219 1.12975 1.13896 1.13825
20201205 1.03999 1.03399 1.02128 1.02895 1.03402 1.07038 1.09077 1.09931 1.08651 1.09392 1.10614 1.12504 1.05444 1.06293 1.08878 1.10872 1.11533 1.1346 1.10889 1.12857 1.12623 1.13726 1.09213 1.11873 1.11431 1.12601 1.11109 1.12646 1.13465 1.12231 1.13588 1.12394
20201206 1.06447 1.0583 1.04153 1.05156 1.05411 1.05356 1.10977 1.11957 1.11663 1.10309 1.1122 1.13014 1.05765 1.09051 1.08598 1.12492 1.12132 1.14062 1.15194 1.12636 1.15208 1.14753 1.12998 1.13631 1.10679 1.1102 1.13103 1.16471 1.13991 1.17122 1.15091 1.15604
20201207 1.06496 1.04809 1.02783 1.04009 1.0426 1.05957 1.05474 1.1219 1.12587 1.13342 1.13809 1.13856 1.08389 1.09749 1.06192 1.07534 1.10768 1.12811 1.15449 1.14017 1.14748 1.16504 1.1151 1.09532 1.10066 1.09761 1.12163 1.14058 1.1487 1.13693 1.12181 1.1271
20201208 1.08703 1.09987 1.07904 1.09256 1.09949 1.11739 1.12107 1.10947 1.13946 1.14879 1.17542 1.14965 1.10314 1.14513 1.13975 1.1043 1.12118 1.14806 1.18836 1.1988 1.18318 1.2068 1.09386 1.13087 1.14689 1.14274 1.16039 1.17648 1.14738 1.12938 1.15256 1.16757
20201209 1.04232 1.04959 1.07074 1.07535 1.08153 1.08118 1.09005 1.11184 1.14102 1.15657 1.18245 1.18499 1.11317 1.15697 1.16465 1.14552 1.16393 1.16195 1.18999 1.22471 1.22482 1.21891 1.11059 1.16488 1.18297 1.16304 1.19155 1.15675 1.1331 1.14816 1.16416 1.18268
20201210 1.04152 1.04567 1.03027 1.0682 1.07526 1.07525 1.07005 1.07893 1.09926 1.08563 1.10118 1.15512 1.04254 1.12346 1.14831 1.14782 1.12349 1.15857 1.13122 1.15242 1.19051 1.17703 1.11353 1.16454 1.12672 1.16243 1.12897 1.11569 1.11064 1.09733 1.12453 1.15181
20201211 1.0699 1.0644 1.03647 1.05363 1.09871 1.09633 1.0945 1.10281 1.09102 1.09961 1.11092 1.14439 1.04677 1.09206 1.15002 1.16877 1.14649 1.15099 1.15999 1.14586 1.16421 1.1938 1.1269 1.12645 1.1347 1.13031 1.12899 1.10375 1.11318 1.12734 1.15448 1.14608
20201212 1.05754 1.05829 1.04826 1.06469 1.07424 1.08819 1.09191 1.08833 1.09393 1.13025 1.13584 1.1207 1.09609 1.07756 1.13843 1.17118 1.16407 1.16138 1.16423 1.1596 1.19613 1.18424 1.1066 1.11823 1.12289 1.10617 1.08763 1.10018 1.12866 1.13928 1.14767 1.16249
20201213 1.09155 1.09446 1.08239 1.09366 1.09348 1.09056 1.1263 1.12298 1.12534 1.12306 1.19614 1.17772 1.1003 1.17743 1.14304 1.19133 1.21031 1.21649 1.20549 1.20456 1.22441 1.25412 1.13035 1.14079 1.10866 1.08469 1.09991 1.12375 1.14272 1.14892 1.15962 1.17076
20201214 1.09371 1.08936 1.07474 1.08486 1.09174 1.09602 1.07652 1.13815 1.11845 1.14311 1.14068 1.17814 1.1062 1.14669 1.1643 1.13582 1.15852 1.18689 1.18906 1.18192 1.19845 1.20344 1.10324 1.09994 1.04544 1.07077 1.08467 1.10836 1.1166 1.10715 1.12754 1.1322
20201215 1.05749 1.08566 1.07268 1.08575 1.088 1.10882 1.11214 1.10403 1.12694 1.14204 1.15479 1.14486 1.09477 1.16645 1.16405 1.14941 1.13692 1.13601 1.17435 1.1545 1.18728 1.19441 1.04695 1.03795 1.05949 1.06985 1.0873 1.11869 1.08444 1.08389 1.10823 1.15822
20201216 1.00802 1.01274 1.05472 1.06065 1.0738 1.07383 1.07986 1.08242 1.10133 1.11561 1.12637 1.12159 1.07583 1.12712 1.16265 1.12534 1.14532 1.1429 1.13395 1.15055 1.15147 1.19511 1.02164 1.05882 1.08596 1.0759 1.09821 1.11827 1.07976 1.0977 1.14078 1.14323
20201217 1.00491 1.00599 0.986034 1.05203 1.05169 1.06543 1.0724 1.08128 1.08778 1.08201 1.10504 1.10143 1.03643 1.11986 1.13873 1.15372 1.13475 1.16101 1.15005 1.13746 1.14952 1.18561 1.04212 1.09127 1.07853 1.09074 1.13773 1.09775 1.10695 1.14277 1.14388 1.16634
20201218 1.01426 1.01478 0.998194 1.01052 1.05819 1.06982 1.07785 1.08483 1.11808 1.10546 1.11689 1.12106 1.02356 1.09384 1.11938 1.13719 1.15766 1.16684 1.1699 1.14052 1.15464 1.18256 1.05433 1.07447 1.0843 1.12212 1.10185 1.10703 1.13906 1.13757 1.15149 1.13742
20201219 1.03719 1.03534 1.02253 1.0349 1.04078 1.08287 1.08544 1.09351 1.11394 1.14413 1.12023 1.13998 1.05665 1.06951 1.13812 1.1259 1.16052 1.16626 1.19057 1.19997 1.16862 1.19762 1.06524 1.09883 1.10813 1.10005 1.10015 1.1152 1.11916 1.13448 1.12965 1.12474
20201220 1.07301 1.06317 1.03963 1.04761 1.05077 1.06841 1.11944 1.09916 1.11371 1.13517 1.15197 1.16707 1.09365 1.1143 1.12116 1.16861 1.18019 1.20735 1.20528 1.22151 1.23651 1.21654 1.10941 1.12279 1.11098 1.09874 1.09466 1.10841 1.13304 1.12957 1.11994 1.13867
20201221 1.07331 1.04964 1.03288 1.04331 1.05615 1.06939 1.05908 1.11778 1.1247 1.12061 1.13895 1.11813 1.08594 1.12946 1.12903 1.13297 1.1635 1.18239 1.21016 1.22043 1.22233 1.24798 1.0939 1.09738 1.09187 1.0912 1.09478 1.11548 1.12568 1.10903 1.12054 1.12301
20201222 1.07031 1.06288 1.05622 1.06337 1.07014 1.07276 1.08589 1.08711 1.14176 1.13064 1.14009 1.17003 1.09424 1.11362 1.14348 1.13899 1.12552 1.17234 1.18882 1.213 1.20299 1.23721 1.07713 1.10889 1.10758 1.11433 1.11293 1.11051 1.08989 1.08047 1.13176 1.1165
20201223 1.03062 1.03756 1.05527 1.06588 1.07367 1.07168 1.08915 1.11663 1.09881 1.13383 1.12081 1.15806 1.06857 1.09577 1.11039 1.12678 1.11021 1.10917 1.15197 1.16775 1.18697 1.19288 1.06485 1.0975 1.10938 1.10754 1.09411 1.06312 1.0442 1.08762 1.09094 1.08899
20201224 1.01524 1.01467 1.00723 1.03475 1.03295 1.03209 1.0494 1.06195 1.06504 1.06161 1.12976 1.09801 1.04688 1.09888 1.10565 1.10221 1.11888 1.09948 1.12543 1.14949 1.15092 1.16218 1.06544 1.09579 1.11672 1.10292 1.08133 1.0694 1.0798 1.09715 1.08629 1.10896
20201225 1.03592 1.03535 1.02253 1.03906 1.07918 1.08013 1.07992 1.07475 1.08851 1.09698 1.09349 1.16507 1.03209 1.08665 1.11721 1.15301 1.13657 1.14397 1.13878 1.15567 1.15273 1.15814 1.06783 1.10486 1.10376 1.06779 1.07228 1.05899 1.08368 1.08088 1.08273 1.13251
20201226 1.05969 1.05312 1.03329 1.04495 1.06375 1.09456 1.09287 1.10103 1.11339 1.13356 1.1371 1.15618 1.08625 1.09759 1.12154 1.1343 1.15904 1.15987 1.16716 1.16602 1.1695 1.16639 1.08733 1.11715 1.05042 1.06957 1.04465 1.08129 1.08928 1.08754 1.13864 1.10721
20201227 1.06045 1.04559 1.03154 1.03801 1.04994 1.05813 1.09664 1.10607 1.1011 1.1328 1.15174 1.17537 1.09961 1.14222 1.12563 1.14428 1.14703 1.18349 1.19272 1.20542 1.203 1.18573 1.10877 1.05583 1.09847 1.07124 1.0982 1.12153 1.13146 1.1525 1.14293 1.14371
20201228 1.07227 1.05608 1.04184 1.05934 1.05979 1.05314 1.07282 1.1171 1.1172 1.13701 1.13695 1.17639 1.07848 1.12672 1.1585 1.13504 1.16304 1.15182 1.18694 1.21503 1.20264 1.21099 1.05783 1.07441 1.06883 1.09218 1.11254 1.13463 1.09912 1.11276 1.11313 1.13306
20201229 1.04507 1.0541 1.04246 1.05927 1.06989 1.05788 1.06994 1.09139 1.1439 1.16339 1.12818 1.15677 1.0933 1.1218 1.1432 1.16885 1.16001 1.16906 1.17054 1.19732 1.21231 1.19901 1.06231 1.06218 1.07954 1.09201 1.09314 1.10272 1.08777 1.08641 1.11333 1.12595
20201230 1.00178 1.00377 1.03849 1.03782 1.04508 1.07108 1.05658 1.06386 1.08577 1.09082 1.09844 1.11683 1.04621 1.09453 1.11364 1.16096 1.16387 1.16235 1.14062 1.14461 1.16443 1.18301 1.05089 1.06768 1.07772 1.08658 1.10552 1.09095 1.07588 1.11737 1.09956 1.12115
20201231 1.00418 1.00204 0.99237 1.0258 1.04498 1.05322 1.06469 1.06301 1.06473 1.07024 1.08971 1.13544 1.00558 1.04114 1.08381 1.11256 1.14557 1.14272 1.13965 1.12762 1.14441 1.17247 1.04582 1.07381 1.07951 1.08503 1.06652 1.06219 1.09753 1.07503 1.10562 1.11211
20210904 1.04934 1.04397 1.03246 1.03496 1.04354 1.10706 1.1034 1.12027 1.13064 1.13848 1.16487 1.14422 1.06666 1.089 1.09777 1.1288 1.19091 1.19009 1.18504 1.18651 1.17802 1.17095 1.08839 1.1284 1.12108 1.09765 1.09916 1.10271 1.10412 1.11919 1.14513 1.13645
20210905 1.05414 1.05265 1.03875 1.04884 1.05048 1.08056 1.13396 1.15214 1.15883 1.15627 1.16164 1.19615 1.08209 1.11196 1.11679 1.13535 1.15165 1.19832 1.19459 1.21372 1.21155 1.20127 1.12825 1.12118 1.10406 1.10756 1.11102 1.09231 1.10687 1.13499 1.11987 1.12081
20210906 1.08468 1.07624 1.06489 1.05692 1.06574 1.06681 1.09498 1.14446 1.16722 1.16197 1.188 1.17103 1.0799 1.10493 1.12457 1.13183 1.16426 1.16957 1.19849 1.18332 1.19895 1.20417 1.08792 1.09919 1.10993 1.10556 1.0987 1.09545 1.1227 1.09947 1.11316 1.12617
20210907 1.02714 1.04621 1.03449 1.05015 1.04629 1.04741 1.06379 1.06803 1.16258 1.14486 1.15616 1.19073 1.08489 1.10923 1.11119 1.13171 1.12337 1.16742 1.17146 1.21988 1.20418 1.21044 1.0612 1.11848 1.0927 1.09627 1.11733 1.12251 1.09283 1.11778 1.09457 1.11998
20210908 1.04847 1.05472 1.08452 1.09031 1.10212 1.10125 1.10768 1.10684 1.12581 1.16355 1.18876 1.20298 1.08914 1.15444 1.1786 1.1674 1.16009 1.15443 1.18309 1.17284 1.23531 1.22629 1.08915 1.13656 1.1251 1.16256 1.15808 1.11473 1.16195 1.11702 1.13821 1.16867
20210909 1.07506 1.08258 1.0586 1.11962 1.12911 1.13282 1.14889 1.16747 1.14023 1.18613 1.21091 1.25106 1.11226 1.16066 1.19887 1.21746 1.21567 1.16917 1.18025 1.19311 1.18044 1.25143 1.16838 1.17136 1.17206 1.18019 1.13752 1.15687 1.15218 1.15567 1.19878 1.20026
20210910 1.07183 1.08087 1.06603 1.07536 1.12079 1.12931 1.13423 1.16 1.18344 1.16819 1.19265 1.18617 1.06751 1.10466 1.13353 1.18605 1.18857 1.17296 1.13711 1.15306 1.15128 1.17638 1.12206 1.14192 1.15552 1.1326 1.15378 1.12816 1.14055 1.15646 1.19717 1.17227
20210911 1.0954 1.09795 1.0797 1.08689 1.08448 1.11615 1.12215 1.14626 1.15947 1.19013 1.22191 1.20934 1.10138 1.10712 1.12943 1.15281 1.18837 1.1711 1.16162 1.16522 1.16523 1.1543 1.118 1.17227 1.15687 1.14349 1.15219 1.16049 1.13891 1.18087 1.16559 1.19118
20210912 1.02055 1.02182 1.01255 1.02902 1.02487 1.03894 1.06647 1.0709 1.09381 1.10697 1.16763 1.20647 1.06501 1.08828 1.07692 1.11056 1.12887 1.15362 1.13025 1.1186 1.14127 1.13246 1.08205 1.08941 1.0554 1.07469 1.10963 1.09507 1.12409 1.11911 1.14599 1.13632
20210913 1.04247 1.02982 1.01308 1.02849 1.02944 1.02479 1.04829 1.09167 1.09076 1.10958 1.14648 1.18081 1.03993 1.07958 1.10207 1.08801 1.10816 1.13779 1.15512 1.11819 1.11537 1.12569 1.05934 1.07547 1.06884 1.10653 1.12087 1.10356 1.12311 1.14756 1.16535 1.11418
20210914 1.04165 1.05509 1.04283 1.05694 1.05839 1.06758 1.06136 1.07444 1.11363 1.12504 1.13001 1.19427 1.0636 1.07485 1.08897 1.10902 1.08619 1.10187 1.13936 1.13996 1.13069 1.13333 1.06436 1.09601 1.1124 1.13629 1.11348 1.12394 1.13407 1.14594 1.11715 1.11227
20210915 1.03386 1.0446 1.05826 1.05997 1.06551 1.08421 1.09818 1.09145 1.09891 1.1294 1.17957 1.18441 1.08434 1.11827 1.09775 1.13643 1.15064 1.12719 1.12756 1.16854 1.16947 1.16904 1.08886 1.11083 1.11443 1.10759 1.12213 1.11773 1.1048 1.09074 1.08426 1.08364
20210916 1.04321 1.06225 1.04579 1.07633 1.09787 1.10164 1.11611 1.10648 1.10114 1.10618 1.14889 1.16193 1.05975 1.12624 1.14765 1.13522 1.16221 1.16859 1.17928 1.17137 1.20761 1.20866 1.09287 1.11434 1.12194 1.13016 1.1249 1.12068 1.08944 1.11377 1.06417 1.08981
20210917 1.04484 1.0483 1.03531 1.04929 1.0719 1.0751 1.09395 1.09722 1.10934 1.11615 1.16468 1.18619 1.05889 1.08693 1.13264 1.16442 1.17101 1.18696 1.17309 1.18781 1.16839 1.1935 1.09792 1.13225 1.11001 1.11466 1.11744 1.09672 1.12785 1.08411 1.10543 1.1379
20210918 1.03817 1.04742 1.03269 1.04323 1.05122 1.08466 1.09471 1.10658 1.12557 1.10958 1.14258 1.17079 1.0626 1.09714 1.11216 1.15797 1.16543 1.18359 1.19766 1.16569 1.17461 1.15312 1.12628 1.13384 1.10911 1.11694 1.11335 1.12005 1.09587 1.10629 1.14263 1.12477
20210919 1.05986 1.06281 1.0429 1.04964 1.06023 1.05889 1.09765 1.11348 1.13323 1.14374 1.14573 1.16611 1.06187 1.09523 1.08974 1.10343 1.14632 1.142 1.15247 1.15664 1.15893 1.17139 1.11696 1.1226 1.09766 1.09799 1.10689 1.12641 1.14519 1.13844 1.12106 1.12048
20210920 1.03919 1.03587 1.02397 1.03481 1.035 1.03538 1.04458 1.07921 1.12039 1.11181 1.10352 1.12443 1.06558 1.11651 1.08727 1.11849 1.09476 1.11071 1.13084 1.14664 1.16674 1.19628 1.08285 1.07677 1.05032 1.08882 1.1297 1.17005 1.15488 1.12348 1.10926 1.11415
20210921 1.04629 1.07328 1.06156 1.06585 1.0676 1.08141 1.07625 1.08366 1.12838 1.15827 1.15368 1.17392 1.0769 1.14057 1.15782 1.13956 1.16318 1.13254 1.14876 1.17733 1.20656 1.20335 1.05854 1.07363 1.12172 1.15573 1.18329 1.1947 1.1456 1.14509 1.14566 1.1484
20210922 1.0189 1.02468 1.05828 1.07064 1.07817 1.10044 1.10073 1.11678 1.09246 1.15795 1.17062 1.1987 1.07283 1.14761 1.17562 1.18273 1.18521 1.1947 1.1653 1.19223 1.20904 1.22033 1.09327 1.15795 1.18392 1.22197 1.22007 1.19338 1.18569 1.17165 1.18911 1.20987
20210923 1.03874 1.04351 1.02368 1.08374 1.08247 1.10545 1.11275 1.11858 1.14513 1.17164 1.1953 1.14209 1.04327 1.11228 1.14633 1.1655 1.20477 1.19163 1.21532 1.19146 1.20207 1.21419 1.12321 1.17658 1.24338 1.2222 1.20028 1.1855 1.17993 1.17426 1.19332 1.19978
20210924 1.06516 1.06461 1.04639 1.04398 1.1124 1.10418 1.14162 1.13965 1.13585 1.17793 1.14329 1.21225 1.03644 1.081 1.13162 1.15239 1.15807 1.20203 1.17546 1.21193 1.17783 1.18193 1.11036 1.20912 1.19664 1.17985 1.14415 1.16165 1.15591 1.16789 1.18258 1.21626
20210925 1.05451 1.04532 1.02553 1.02922 1.03174 1.08393 1.09277 1.14163 1.15344 1.13735 1.19127 1.16426 1.09118 1.10724 1.12492 1.16552 1.18174 1.19762 1.21124 1.19463 1.21642 1.18547 1.13729 1.17658 1.17635 1.12785 1.17875 1.16238 1.17943 1.19136 1.22447 1.20724
20210926 1.07265 1.06629 1.057 1.06014 1.06317 1.07592 1.13401 1.11777 1.15086 1.18247 1.18646 1.20833 1.07995 1.14818 1.1376 1.15328 1.17506 1.19862 1.21913 1.21375 1.19874 1.21133 1.14374 1.17426 1.12377 1.18447 1.18932 1.19433 1.21704 1.22352 1.23043 1.22772
20210927 1.0983 1.09316 1.06953 1.08236 1.08373 1.0963 1.09288 1.15598 1.17817 1.14518 1.18205 1.16011 1.09468 1.13711 1.17298 1.16807 1.17063 1.19142 1.21 1.2297 1.21039 1.19857 1.12397 1.11219 1.13073 1.16192 1.17407 1.19841 1.19559 1.20923 1.22671 1.20361
20210928 1.06135 1.06957 1.0507 1.07087 1.07019 1.08472 1.07929 1.09112 1.1291 1.15851 1.18028 1.18794 1.10822 1.11903 1.14122 1.16208 1.14543 1.16087 1.19879 1.19742 1.21366 1.22103 1.08339 1.11123 1.13002 1.15689 1.17256 1.19723 1.1841 1.18364 1.17838 1.18564
20210929 1.04096 1.04553 1.06401 1.07451 1.0764 1.06874 1.07774 1.09998 1.07188 1.1476 1.1556 1.17144 1.07259 1.14124 1.15211 1.12957 1.13885 1.15545 1.16728 1.19627 1.20202 1.21353 1.09476 1.13401 1.13239 1.14806 1.17127 1.18732 1.17009 1.15399 1.16896 1.17739
20210930 1.05681 1.05306 1.03268 1.07086 1.08854 1.07544 1.09811 1.12229 1.11755 1.12601 1.15652 1.17178 1.081 1.13639 1.17602 1.1669 1.15694 1.17671 1.20172 1.20851 1.22998 1.22718 1.12562 1.14417 1.13422 1.14595 1.16829 1.15509 1.1531 1.16496 1.19008 1.21961
20211001 1.08703 1.09175 1.07414 1.08604 1.11653 1.12669 1.13066 1.15301 1.14094 1.16298 1.16301 1.19949 1.05285 1.12099 1.13614 1.18455 1.17404 1.17352 1.20208 1.22097 1.21838 1.24323 1.11127 1.12556 1.14385 1.14411 1.12902 1.16261 1.16509 1.19007 1.22576 1.22389
20211002 1.06758 1.06556 1.04895 1.05118 1.07625 1.11522 1.12717 1.13051 1.15462 1.13975 1.18269 1.20169 1.0886 1.08611 1.12561 1.12546 1.17991 1.17839 1.17141 1.19435 1.22181 1.22136 1.0988 1.13051 1.13688 1.12048 1.13847 1.14254 1.17352 1.20959 1.1955 1.17926
20211003 1.09419 1.08915 1.07212 1.06987 1.07701 1.08984 1.14663 1.15812 1.16614 1.1704 1.18354 1.21006 1.09225 1.13239 1.12331 1.15634 1.15623 1.20265 1.21137 1.20579 1.23161 1.26258 1.12584 1.16225 1.13601 1.1377 1.16927 1.18795 1.23509 1.23057 1.19826 1.17971
20211004 1.12253 1.12337 1.10057 1.10968 1.10519 1.11314 1.13145 1.18066 1.16641 1.19608 1.19774 1.18672 1.1423 1.15134 1.17669 1.16562 1.18178 1.19737 1.22178 1.21089 1.22544 1.25518 1.1579 1.15298 1.15892 1.20497 1.20777 1.24148 1.22764 1.19861 1.17701 1.19069
20211005 1.09901 1.13529 1.10658 1.11582 1.12504 1.13347 1.13055 1.13167 1.20673 1.23291 1.23915 1.23879 1.16365 1.18664 1.17327 1.18897 1.18112 1.19948 1.22166 1.21825 1.21621 1.23855 1.12707 1.16124 1.1861 1.19838 1.2289 1.20017 1.18893 1.14705 1.16973 1.13444
20211006 1.06124 1.07057 1.09125 1.09979 1.10167 1.1052 1.12861 1.11556 1.13518 1.18866 1.19972 1.22007 1.09183 1.18237 1.17192 1.18991 1.16255 1.16917 1.18235 1.20643 1.20689 1.21331 1.10698 1.16631 1.16514 1.19832 1.17283 1.18468 1.13029 1.15451 1.16204 1.16128
20211007 1.07519 1.07071 1.06192 1.09703 1.10337 1.11053 1.1224 1.13114 1.13874 1.14142 1.1894 1.21639 1.08821 1.14085 1.18819 1.18611 1.19523 1.17862 1.16538 1.18379 1.21143 1.21252 1.12133 1.1657 1.16409 1.1644 1.16707 1.12354 1.17001 1.17835 1.16597 1.1537
20211008 1.0771 1.07936 1.06635 1.07926 1.12081 1.12212 1.12256 1.14033 1.1434 1.14506 1.20176 1.19388 1.09919 1.14948 1.16645 1.22183 1.2049 1.19652 1.18045 1.17803 1.19169 1.20721 1.14813 1.17761 1.17919 1.17463 1.13077 1.19061 1.17396 1.17514 1.15651 1.17642
20211009 1.10529 1.10282 1.09358 1.10154 1.10006 1.16015 1.14894 1.16815 1.18646 1.18197 1.19479 1.24095 1.11831 1.15459 1.17764 1.1772 1.24206 1.22494 1.21612 1.20434 1.22513 1.21077 1.1658 1.18205 1.1676 1.12546 1.17035 1.1703 1.17459 1.19238 1.20624 1.20726
20211010 1.0969 1.10398 1.09039 1.09848 1.09024 1.10512 1.14481 1.14753 1.13722 1.18917 1.18675 1.22759 1.12035 1.15925 1.16426 1.17437 1.15342 1.21773 1.22825 1.22678 1.22636 1.23373 1.14935 1.15469 1.12044 1.15414 1.15827 1.15725 1.1913 1.23956 1.20946 1.20026
20211011 1.09122 1.09219 1.0821 1.08701 1.09756 1.11172 1.10059 1.12758 1.13472 1.14656 1.19565 1.22214 1.10692 1.13932 1.13921 1.14408 1.15693 1.15979 1.19937 1.21773 1.21938 1.20037 1.12855 1.11182 1.14236 1.14663 1.15267 1.16117 1.21187 1.19999 1.18836 1.18747
20211012 1.06674 1.09378 1.08329 1.08577 1.10293 1.1049 1.112 1.12888 1.1579 1.15849 1.1834 1.18187 1.09369 1.14586 1.12638 1.10941 1.13254 1.13802 1.16894 1.21027 1.20296 1.20411 1.07063 1.1373 1.14795 1.14209 1.14611 1.1707 1.17835 1.16305 1.14974 1.1727
20211013 1.01094 1.01354 1.04668 1.06382 1.06303 1.08288 1.10394 1.09612 1.10173 1.16307 1.16443 1.18153 1.05756 1.11724 1.12985 1.12394 1.11358 1.13791 1.12674 1.16342 1.21323 1.19365 1.08418 1.12532 1.12013 1.1348 1.15763 1.15508 1.14869 1.11677 1.16993 1.19634
20211014 1.0224 1.01937 1.00392 1.05582 1.07022 1.0695 1.07426 1.09775 1.0982 1.10288 1.11997 1.14091 1.0179 1.08841 1.12842 1.13584 1.12689 1.14179 1.14566 1.14292 1.18228 1.21267 1.09175 1.1196 1.13192 1.14862 1.1524 1.12166 1.09091 1.14181 1.15625 1.185
20211015 1.02855 1.02778 1.01059 1.01941 1.06717 1.07008 1.07446 1.08715 1.12142 1.11293 1.11617 1.15252 1.02392 1.01866 1.09517 1.13896 1.15799 1.12516 1.13408 1.13617 1.15451 1.18177 1.06121 1.11426 1.11142 1.10784 1.06586 1.07032 1.08248 1.11603 1.14644 1.14778
20211016 1.03397 1.04022 1.03339 1.03039 1.03489 1.06852 1.07169 1.07573 1.06303 1.15961 1.14427 1.15919 1.10384 1.12421 1.09162 1.14517 1.19676 1.2143 1.18498 1.18347 1.1749 1.17952 1.11643 1.14707 1.12057 1.08424 1.07479 1.09468 1.12406 1.13249 1.16399 1.15128
20211017 1.08448 1.08086 1.06351 1.05996 1.06559 1.06845 1.12951 1.12983 1.10987 1.14673 1.17504 1.16535 1.09096 1.14706 1.15411 1.12875 1.17544 1.22118 1.23364 1.23366 1.21012 1.1898 1.17113 1.15202 1.15434 1.10909 1.11704 1.1472 1.15562 1.17058 1.15659 1.15806
20211018 1.08064 1.07669 1.06058 1.07616 1.07201 1.06374 1.08403 1.13368 1.16498 1.14146 1.17167 1.17633 1.1017 1.147 1.1399 1.16153 1.14073 1.19179 1.22869 1.25241 1.25162 1.20978 1.10949 1.15057 1.14641 1.13009 1.1219 1.16866 1.16126 1.12369 1.13265 1.18219
20211019 1.03121 1.05833 1.04491 1.05146 1.05486 1.05341 1.04664 1.06087 1.15233 1.16495 1.14731 1.18647 1.0869 1.16761 1.17803 1.18337 1.18917 1.18441 1.22202 1.26278 1.28556 1.27429 1.09328 1.15587 1.13985 1.13207 1.13887 1.15686 1.13394 1.13073 1.16304 1.16781
20211020 1.0344 1.03726 1.05524 1.06276 1.07835 1.08832 1.08587 1.10861 1.08532 1.15401 1.18785 1.18553 1.064 1.15622 1.2232 1.20496 1.19726 1.19952 1.19379 1.24297 1.27777 1.29388 1.11016 1.12885 1.1409 1.11381 1.17399 1.16219 1.12454 1.15569 1.17729 1.16127
20211021 1.05021 1.05435 1.0463 1.09106 1.09093 1.09733 1.12532 1.12035 1.12348 1.11385 1.1581 1.17112 1.05769 1.13131 1.17537 1.22602 1.19627 1.19982 1.18606 1.18811 1.20167 1.25323 1.08771 1.14668 1.12495 1.17838 1.17339 1.13101 1.15234 1.19005 1.17844 1.19
20211022 1.03859 1.04039 1.01959 1.03178 1.05019 1.06548 1.06862 1.08463 1.09833 1.13088 1.13391 1.19459 1.09591 1.11036 1.14453 1.16033 1.18095 1.193 1.20263 1.19066 1.17613 1.18596 1.10476 1.14649 1.15336 1.11442 1.12116 1.13255 1.14087 1.17583 1.1944 1.22877
20211023 1.04253 1.03763 1.00904 1.02516 1.02881 1.0525 1.0597 1.05426 1.08404 1.08728 1.10207 1.1522 1.04767 1.13603 1.10628 1.12321 1.12901 1.16333 1.20212 1.20047 1.19532 1.18026 1.10755 1.14082 1.07513 1.07941 1.1172 1.10158 1.12044 1.15959 1.18143 1.17692
20211024 1.04279 1.04074 1.0179 1.03026 1.03058 1.04082 1.05952 1.07784 1.07905 1.09871 1.11163 1.0966 1.04474 1.0637 1.1107 1.06761 1.09159 1.11414 1.15762 1.17381 1.18242 1.20676 1.10162 1.0951 1.06367 1.11054 1.12786 1.12156 1.14447 1.16901 1.15622 1.15418
20211025 1.03755 1.03235 1.01939 1.02745 1.03775 1.04459 1.04835 1.08834 1.09626 1.08765 1.10801 1.15566 1.05109 1.06983 1.04477 1.08237 1.07007 1.09535 1.13392 1.1518 1.15367 1.16809 1.06922 1.04742 1.09059 1.11849 1.11928 1.11574 1.16532 1.16813 1.14967 1.13026
20211026 1.04007 1.05236 1.03591 1.04869 1.05539 1.04982 1.05781 1.06631 1.10039 1.12076 1.14772 1.17046 1.10597 1.14423 1.11786 1.10814 1.15854 1.15909 1.19007 1.19039 1.20429 1.22533 1.05408 1.11554 1.10407 1.12269 1.13439 1.16535 1.20337 1.15866 1.14156 1.13851
20211027 1.02086 1.02316 1.02536 1.02629 1.04148 1.04895 1.05367 1.05959 1.10183 1.13478 1.11248 1.19378 1.06835 1.16524 1.1694 1.12851 1.14623 1.19445 1.17867 1.2087 1.19175 1.22479 1.09626 1.09955 1.08365 1.1354 1.14989 1.17445 1.13452 1.12695 1.11831 1.16065
20211028 1.03096 1.02867 1.0206 1.06461 1.06179 1.06131 1.09099 1.08054 1.10382 1.1077 1.15827 1.14072 1.03461 1.09183 1.1321 1.14447 1.13727 1.14633 1.16374 1.14123 1.16175 1.17718 1.08561 1.09009 1.1135 1.13627 1.12491 1.10273 1.12686 1.12415 1.14854 1.1357
20211029 1.04194 1.03942 1.02822 1.03857 1.07207 1.09325 1.09471 1.08964 1.13755 1.14855 1.13653 1.19516 1.06793 1.10136 1.1222 1.1477 1.181 1.15172 1.16742 1.18484 1.17658 1.1628 1.10595 1.11496 1.12133 1.12539 1.08456 1.12589 1.13315 1.1552 1.1401 1.14202
20211030 1.04746 1.03892 1.02213 1.02959 1.02761 1.07907 1.08701 1.07848 1.094 1.11283 1.14694 1.1091 1.0356 1.11637 1.09499 1.11068 1.16803 1.18496 1.1416 1.15937 1.18069 1.16497 1.10468 1.11313 1.12564 1.08957 1.11274 1.14451 1.16823 1.15474 1.15831 1.15035
20211031 1.07356 1.06259 1.05358 1.0635 1.06484 1.07151 1.10513 1.09641 1.11552 1.15109 1.14256 1.12859 1.0403 1.07574 1.14263 1.08858 1.12619 1.18592 1.18722 1.16006 1.17422 1.19487 1.10941 1.12009 1.11177 1.11652 1.16249 1.1756 1.17351 1.17092 1.16406 1.16732
20211101 1.0514 1.04971 1.02766 1.03784 1.0487 1.04017 1.04538 1.08953 1.11086 1.12342 1.14621 1.14278 1.06691 1.1196 1.11958 1.14712 1.0958 1.1584 1.19517 1.20721 1.20466 1.19227 1.10152 1.10147 1.13374 1.14177 1.15824 1.1652 1.16778 1.14448 1.13265 1.16717
20211102 1.03568 1.04589 1.02248 1.03454 1.03572 1.02683 1.04965 1.05033 1.08026 1.10391 1.12976 1.15459 1.03663 1.10014 1.11287 1.12635 1.15651 1.12079 1.19062 1.22684 1.22134 1.20555 1.06793 1.13582 1.13689 1.13656 1.15283 1.14494 1.12628 1.11313 1.15905 1.16529
20211103 1.00664 1.00844 1.04413 1.05126 1.05185 1.06481 1.08272 1.07379 1.09424 1.10932 1.13911 1.14936 1.03937 1.0903 1.08995 1.10769 1.1368 1.15272 1.14278 1.17672 1.21862 1.19627 1.06961 1.11246 1.11138 1.11452 1.10815 1.1131 1.11773 1.14174 1.15321 1.18045
20211104 1.02308 1.02077 1.0028 1.06651 1.07649 1.08873 1.08879 1.10803 1.11967 1.12968 1.14802 1.17168 1.03317 1.1188 1.15066 1.12103 1.12275 1.13748 1.14012 1.1462 1.16596 1.19105 1.07666 1.1004 1.10739 1.10599 1.08611 1.10825 1.13174 1.13092 1.18417 1.17471
20211105 1.04471 1.04679 1.03291 1.04771 1.10089 1.09486 1.10701 1.11441 1.09986 1.12677 1.11303 1.1732 1.0487 1.08862 1.13823 1.16507 1.15273 1.14048 1.16111 1.14701 1.15529 1.18736 1.09195 1.11123 1.11484 1.10692 1.09839 1.12128 1.1135 1.16643 1.16866 1.17722
20211106 1.06071 1.06036 1.04589 1.05246 1.0606 1.13339 1.09674 1.13103 1.13986 1.12136 1.15615 1.14772 1.05658 1.09074 1.1118 1.13523 1.18931 1.17197 1.16937 1.18721 1.14868 1.17213 1.10222 1.13588 1.11645 1.09744 1.10814 1.10688 1.15052 1.15976 1.16811 1.15889
20211107 1.05793 1.05507 1.03386 1.05332 1.04873 1.07093 1.12027 1.14321 1.1469 1.14688 1.16855 1.18389 1.09133 1.09575 1.11963 1.13641 1.15763 1.2295 1.20102 1.20988 1.19936 1.19329 1.12247 1.1288 1.095 1.09833 1.09557 1.15224 1.16519 1.17875 1.14857 1.12683
20211108 1.02982 1.01561 1.00948 1.01142 1.02562 1.01835 1.01483 1.08588 1.07541 1.13607 1.08867 1.17551 1.06591 1.09613 1.08591 1.11375 1.14525 1.18282 1.22181 1.18722 1.19677 1.18016 1.0659 1.05548 1.07705 1.08287 1.10876 1.11531 1.14645 1.12964 1.09837 1.12171
20211109 1.05991 1.06453 1.04553 1.05395 1.06512 1.06913 1.06491 1.11253 1.16288 1.12654 1.17982 1.13004 1.08152 1.12826 1.13865 1.13906 1.16104 1.17831 1.21328 1.23478 1.20159 1.22103 1.07962 1.12593 1.13314 1.16317 1.14509 1.15296 1.15232 1.14599 1.14819 1.15667
20211110 1.08046 1.08809 1.08915 1.10354 1.1103 1.11996 1.13157 1.16169 1.16312 1.21508 1.18948 1.23525 1.08764 1.14396 1.13885 1.15364 1.16525 1.18535 1.20004 1.21937 1.23729 1.23023 1.12325 1.14431 1.17849 1.17607 1.17984 1.16701 1.16184 1.17813 1.17249 1.18939
20211111 1.06635 1.07103 1.05076 1.09398 1.10108 1.10444 1.1036 1.09634 1.11307 1.13967 1.2093 1.1929 1.09775 1.12617 1.15776 1.12221 1.15292 1.16946 1.18407 1.20155 1.2011 1.21605 1.09984 1.13959 1.16739 1.18131 1.13975 1.10844 1.14439 1.16236 1.17687 1.18743
20211112 1.03331 1.0316 1.01571 1.01481 1.07998 1.07627 1.08164 1.11055 1.10771 1.11044 1.1414 1.17593 1.05249 1.08946 1.12724 1.14638 1.09616 1.14144 1.1241 1.14813 1.17515 1.17809 1.08223 1.16382 1.15994 1.11983 1.07367 1.10069 1.12612 1.14738 1.1607 1.16183
20211113 1.03129 1.02821 1.01236 1.02941 1.02981 1.07037 1.06959 1.10194 1.12835 1.10004 1.14927 1.13682 1.06325 1.08139 1.09655 1.15626 1.14243 1.10984 1.15723 1.14023 1.16793 1.1995 1.1374 1.15406 1.12352 1.07589 1.0968 1.11537 1.13907 1.14105 1.15052 1.16462
20211114 1.0725 1.06994 1.06137 1.0589 1.07722 1.07579 1.10246 1.0912 1.13772 1.1513 1.1748 1.22877 1.06334 1.11651 1.11641 1.13421 1.14847 1.14094 1.17316 1.18294 1.18126 1.20272 1.14793 1.13424 1.09561 1.11325 1.1397 1.13903 1.13803 1.15512 1.17791 1.19525
20211115 1.08875 1.08496 1.06682 1.07963 1.07492 1.08241 1.06516 1.10972 1.1505 1.19351 1.19055 1.17367 1.09457 1.14283 1.16163 1.16167 1.16369 1.14986 1.1698 1.21903 1.18998 1.1759 1.1283 1.11197 1.1034 1.13841 1.17272 1.15874 1.1642 1.18259 1.2182 1.20424
20211116 1.0587 1.07462 1.06357 1.07373 1.09086 1.08912 1.08767 1.11005 1.13783 1.16286 1.1532 1.19154 1.09124 1.13034 1.15365 1.16216 1.16854 1.14615 1.14834 1.19211 1.21352 1.16229 1.07678 1.08348 1.09193 1.12147 1.13207 1.13875 1.16499 1.16776 1.17467 1.17758
20211117 1.02474 1.02996 1.0415 1.06201 1.07526 1.08844 1.07912 1.09784 1.11517 1.17422 1.15012 1.13772 1.07224 1.1306 1.13798 1.14271 1.15553 1.15272 1.14483 1.16718 1.19814 1.17716 1.06098 1.11849 1.10773 1.12273 1.14594 1.16931 1.14231 1.15037 1.16097 1.15088
20211118 1.05507 1.05591 1.04322 1.08521 1.09335 1.09354 1.12176 1.10074 1.10388 1.12662 1.17954 1.15273 1.06869 1.1327 1.14277 1.16459 1.17728 1.17046 1.17212 1.1844 1.18925 1.19818 1.1241 1.1377 1.13343 1.14782 1.16835 1.1568 1.14827 1.17702 1.16436 1.16424
20211119 1.0624 1.05642 1.04769 1.05218 1.11073 1.12125 1.12668 1.13119 1.11058 1.13536 1.16824 1.19879 1.07529 1.11593 1.11412 1.13358 1.18124 1.20245 1.1752 1.17965 1.17426 1.18497 1.10898 1.14495 1.14271 1.12556 1.11596 1.11702 1.13696 1.15879 1.13309 1.1338
20211120 1.04728 1.04163 1.02468 1.04062 1.03473 1.07076 1.08061 1.08716 1.10296 1.10294 1.10231 1.14168 1.05484 1.08341 1.09711 1.07741 1.12604 1.16882 1.17737 1.12468 1.13114 1.11185 1.10686 1.11508 1.08708 1.03306 1.06043 1.07252 1.11808 1.10725 1.09339 1.09504
20211121 1.05955 1.05813 1.04168 1.05178 1.05297 1.05407 1.0824 1.11239 1.09636 1.11644 1.10932 1.12683 1.06854 1.1108 1.07688 1.08552 1.1005 1.14721 1.16101 1.14996 1.11022 1.12037 1.09824 1.11928 1.0319 1.04039 1.07273 1.09312 1.09876 1.08893 1.11763 1.05914
20211122 1.08193 1.07996 1.06768 1.07093 1.06038 1.07726 1.0875 1.13 1.13848 1.12815 1.12626 1.15339 1.08383 1.12137 1.14396 1.1065 1.09714 1.1422 1.15847 1.17845 1.18925 1.16919 1.11458 1.09095 1.06851 1.10292 1.12192 1.10228 1.12545 1.14508 1.08679 1.10878
20211123 1.04793 1.06258 1.04668 1.05787 1.07754 1.08371 1.09165 1.10029 1.15202 1.19114 1.20075 1.18891 1.10971 1.16268 1.15783 1.13492 1.15334 1.15636 1.17156 1.18386 1.24255 1.26344 1.07919 1.10238 1.09737 1.14082 1.11992 1.11067 1.14234 1.13366 1.15667 1.18349
20211124 1.04166 1.06267 1.09038 1.11268 1.11841 1.10847 1.10914 1.11038 1.10581 1.17708 1.22493 1.2091 1.06645 1.14959 1.1799 1.16979 1.15569 1.21111 1.17614 1.17888 1.2165 1.27711 1.09462 1.11205 1.14962 1.15547 1.13343 1.14547 1.14248 1.16377 1.16913 1.21146
20211125 1.03523 1.04586 1.02884 1.07796 1.07799 1.09036 1.08504 1.10115 1.11136 1.13062 1.17089 1.22284 1.06326 1.12111 1.15987 1.15942 1.1702 1.16727 1.21806 1.15997 1.17404 1.22935 1.09192 1.13476 1.14112 1.13355 1.13198 1.09254 1.12662 1.14421 1.16552 1.18596
20211126 1.04122 1.02678 1.01462 1.01632 1.07848 1.08482 1.08283 1.0935 1.11619 1.1156 1.11479 1.17687 1.04328 1.07227 1.14665 1.16981 1.16922 1.16628 1.16334 1.21945 1.17026 1.20132 1.10812 1.11889 1.12103 1.11982 1.09322 1.12514 1.13013 1.14777 1.17595 1.21234
20211127 1.07325 1.05603 1.03583 1.05728 1.0659 1.12253 1.11968 1.09153 1.12018 1.13715 1.17486 1.13341 1.05354 1.12272 1.12225 1.18425 1.18211 1.18593 1.17881 1.17748 1.22877 1.18501 1.10304 1.12178 1.11287 1.11656 1.13512 1.12608 1.15663 1.16956 1.19197 1.17647
20211128 1.07437 1.06468 1.0548 1.06568 1.07012 1.07535 1.11149 1.11761 1.12112 1.12153 1.1622 1.15054 1.07233 1.10491 1.15141 1.15251 1.19106 1.18041 1.18479 1.17179 1.15805 1.22364 1.1111 1.12306 1.10568 1.13652 1.127 1.14362 1.15931 1.17982 1.14957 1.1128
20211129 1.08816 1.08381 1.06169 1.08332 1.07455 1.08221 1.09337 1.1248 1.12795 1.13845 1.16859 1.18179 1.11186 1.13273 1.14509 1.17615 1.16789 1.18353 1.18413 1.20517 1.19065 1.15564 1.12031 1.10339 1.13964 1.14531 1.1601 1.17366 1.17641 1.16249 1.10306 1.13877
20211130 1.08773 1.11076 1.10374 1.11323 1.13443 1.11964 1.12604 1.12473 1.16777 1.18241 1.20611 1.20536 1.11676 1.14874 1.15387 1.15223 1.18205 1.16985 1.20272 1.21352 1.24886 1.22341 1.10145 1.13171 1.14786 1.1622 1.16856 1.18015 1.16346 1.1278 1.14506 1.16996
20211201 1.04192 1.04568 1.10425 1.11186 1.11967 1.13108 1.12846 1.12711 1.1312 1.16094 1.18532 1.22239 1.09763 1.14562 1.17036 1.14703 1.1679 1.18958 1.19187 1.24713 1.22789 1.27569 1.09022 1.12549 1.13594 1.16501 1.17182 1.15831 1.12271 1.16251 1.1651 1.21114
20211202 1.03361 1.0443 1.02557 1.10143 1.10842 1.1063 1.11599 1.12024 1.11652 1.15247 1.17358 1.21877 1.04663 1.12688 1.15381 1.18055 1.1742 1.19065 1.19441 1.2087 1.24811 1.24494 1.07771 1.13954 1.15793 1.14541 1.14363 1.11679 1.16327 1.17444 1.18964 1.20809
20211203 1.04318 1.05027 1.03622 1.05069 1.12533 1.13839 1.12631 1.15315 1.1345 1.16485 1.20677 1.22114 1.07944 1.09106 1.12802 1.16679 1.16179 1.17855 1.18336 1.19639 1.18767 1.24175 1.12494 1.1783 1.16457 1.13854 1.13549 1.14698 1.17312 1.17991 1.17748 1.18091
20211204 1.04065 1.0419 1.02371 1.03022 1.03347 1.09167 1.13682 1.1001 1.10939 1.11009 1.11657 1.18424 1.06211 1.08822 1.08461 1.13625 1.15553 1.15737 1.17327 1.14672 1.19187 1.15491 1.09805 1.15285 1.13351 1.10943 1.11464 1.11388 1.13679 1.14326 1.14985 1.15197
20211205 1.0043 1.00916 0.993673 0.997578 0.99723 1.0164 1.07845 1.07245 1.09652 1.08601 1.17323 1.15213 1.04154 1.10466 1.08188 1.08272 1.16051 1.15332 1.17715 1.18161 1.16573 1.19337 1.11486 1.14649 1.0817 1.12172 1.08912 1.1124 1.15234 1.13143 1.11875 1.1305
20211206 1.07081 1.07253 1.05941 1.06746 1.06683 1.0658 1.04852 1.12704 1.14745 1.13599 1.13974 1.2051 1.04195 1.0995 1.11321 1.11417 1.11239 1.16382 1.17022 1.18463 1.20647 1.21106 1.1334 1.10174 1.12902 1.1186 1.11467 1.15038 1.16618 1.13425 1.15702 1.14157
20211207 1.05324 1.07544 1.06222 1.08656 1.07048 1.08179 1.07494 1.07462 1.13067 1.16738 1.15139 1.1626 1.09354 1.10261 1.1009 1.10447 1.1165 1.09974 1.14202 1.16768 1.17985 1.20235 1.07419 1.11709 1.10805 1.12241 1.11714 1.14404 1.12851 1.13702 1.15735 1.19225
20211208 1.00007 1.00317 1.02465 1.0412 1.04614 1.03994 1.04833 1.06655 1.06778 1.18223 1.1885 1.1429 1.03418 1.09853 1.08441 1.09832 1.11775 1.12084 1.09245 1.14914 1.16341 1.18551 1.07174 1.07442 1.09515 1.09642 1.11531 1.08994 1.10614 1.12425 1.1641 1.16551
20211209 1.041 1.038 1.01508 1.05696 1.0607 1.06608 1.05247 1.06539 1.07578 1.103 1.1692 1.191 1.03162 1.08288 1.11676 1.10152 1.15182 1.15397 1.14778 1.13597 1.1918 1.17164 1.06161 1.10456 1.12337 1.13058 1.11333 1.11619 1.11526 1.16664 1.18043 1.18053
20211210 1.0451 1.03658 1.01876 1.03768 1.06634 1.07631 1.10171 1.09787 1.11039 1.09883 1.10637 1.16472 1.06904 1.07342 1.10965 1.12071 1.1169 1.15641 1.17006 1.15398 1.1555 1.19421 1.09182 1.13472 1.16697 1.12465 1.10754 1.10518 1.14529 1.16299 1.1966 1.21409
20211211 1.07932 1.07132 1.03893 1.06559 1.0639 1.09671 1.08549 1.12853 1.11657 1.14148 1.16727 1.17631 1.09539 1.13405 1.13143 1.16881 1.1531 1.15159 1.18386 1.18738 1.18298 1.16871 1.13224 1.19009 1.13536 1.11521 1.12248 1.16263 1.17075 1.19834 1.22565 1.2133
20211212 1.1046 1.09951 1.08956 1.09593 1.09577 1.094 1.14032 1.16305 1.16951 1.1718 1.17835 1.18392 1.10515 1.15508 1.16785 1.16892 1.18074 1.18134 1.18819 1.20329 1.19537 1.21501 1.19458 1.14563 1.1295 1.12942 1.16757 1.16317 1.19518 1.22153 1.21698 1.19306
20211213 1.09792 1.09721 1.07973 1.09585 1.09066 1.08689 1.08177 1.13707 1.1014 1.12231 1.13559 1.15049 1.0837 1.10232 1.11677 1.14208 1.12451 1.14555 1.16752 1.17733 1.15904 1.16804 1.07247 1.08428 1.10157 1.14843 1.13188 1.13445 1.14416 1.15216 1.14719 1.18927
20211214 1.04928 1.06362 1.04874 1.06025 1.08018 1.09141 1.09569 1.0819 1.10847 1.10194 1.14799 1.11643 1.10079 1.11563 1.1144 1.14883 1.14519 1.12789 1.16372 1.14377 1.1618 1.17617 1.06093 1.0961 1.1404 1.11869 1.12278 1.13517 1.13135 1.12638 1.17629 1.14515
20211215 1.00391 1.01137 1.02165 1.03517 1.04478 1.04181 1.06631 1.07044 1.07396 1.10636 1.13525 1.16048 1.04012 1.10279 1.12279 1.11968 1.13588 1.14975 1.13504 1.18454 1.14187 1.15239 1.05558 1.11661 1.10891 1.10183 1.11782 1.0905 1.09785 1.15001 1.13575 1.13609
20211216 1.03257 1.03703 1.01837 1.0583 1.05231 1.0598 1.09251 1.09029 1.10559 1.11469 1.15733 1.16184 1.04537 1.09291 1.13006 1.15295 1.14101 1.1559 1.19199 1.16436 1.19761 1.16506 1.10805 1.14223 1.129 1.14977 1.11119 1.11555 1.15151 1.14064 1.1363 1.14254
20211217 1.07754 1.0791 1.06821 1.07761 1.10581 1.11061 1.13272 1.13337 1.12343 1.14204 1.16548 1.222 1.11185 1.15339 1.19623 1.20729 1.20864 1.22842 1.22019 1.24454 1.20825 1.22864 1.14837 1.17473 1.2001 1.1431 1.13244 1.1553 1.14108 1.1458 1.17078 1.2018
20211218 1.10042 1.10526 1.086 1.09358 1.09741 1.1541 1.13166 1.15902 1.1743 1.17708 1.14728 1.18523 1.12442 1.19558 1.20225 1.23999 1.23758 1.21261 1.2418 1.23639 1.25551 1.21653 1.16214 1.20916 1.16233 1.14431 1.1573 1.14043 1.15114 1.18089 1.19707 1.21154
20211219 1.12484 1.12819 1.1078 1.12289 1.12377 1.12653 1.1674 1.14792 1.15824 1.18217 1.18623 1.174 1.10747 1.17299 1.20246 1.19869 1.23854 1.21958 1.20961 1.23234 1.22748 1.25461 1.18685 1.15714 1.15864 1.15672 1.13889 1.16499 1.1623 1.18037 1.19925 1.1938
20211220 1.12265 1.11958 1.10251 1.10367 1.10514 1.11474 1.13853 1.16989 1.16377 1.17144 1.19469 1.17913 1.10053 1.16615 1.21531 1.2349 1.21456 1.2471 1.22065 1.23751 1.23254 1.2003 1.11023 1.11573 1.143 1.1584 1.16099 1.16229 1.16289 1.15357 1.17857 1.17548
20211221 1.07242 1.0969 1.08194 1.09584 1.09827 1.10298 1.10325 1.12292 1.18078 1.20882 1.19859 1.2131 1.1274 1.13031 1.16519 1.21049 1.21503 1.21698 1.24211 1.2326 1.24952 1.24078 1.07414 1.13906 1.15324 1.15623 1.15489 1.16784 1.13452 1.1512 1.17872 1.17121
20211222 1.05574 1.06155 1.09473 1.09636 1.10014 1.11368 1.13796 1.14777 1.17542 1.19897 1.23194 1.21443 1.13406 1.17955 1.1738 1.1964 1.21792 1.21393 1.22893 1.24968 1.24315 1.24897 1.15076 1.16639 1.1768 1.18687 1.19427 1.1708 1.15032 1.18929 1.18011 1.19866
20211223 1.072 1.07307 1.06395 1.12325 1.13277 1.12481 1.13877 1.15018 1.16773 1.18864 1.20214 1.19599 1.06263 1.13277 1.1528 1.1608 1.18568 1.19887 1.20167 1.20388 1.2297 1.20195 1.12418 1.14949 1.14907 1.18074 1.15625 1.14004 1.15264 1.15967 1.16918 1.19032
20211224 1.07423 1.06978 1.06605 1.0656 1.12429 1.1398 1.13386 1.16038 1.14834 1.17813 1.17584 1.19934 1.08311 1.11642 1.14343 1.16929 1.1575 1.19967 1.22392 1.22666 1.22209 1.2319 1.12437 1.14426 1.1816 1.15673 1.14117 1.15366 1.17519 1.1637 1.18721 1.20719
20211225 1.08014 1.0787 1.06423 1.08018 1.07496 1.13523 1.13301 1.13558 1.14101 1.15176 1.16666 1.16655 1.09685 1.12442 1.12995 1.13739 1.16937 1.1416 1.19468 1.21444 1.22807 1.20269 1.11678 1.14578 1.1373 1.13866 1.14543 1.16328 1.15501 1.16828 1.16917 1.18697
20211226 1.05763 1.06124 1.04794 1.05259 1.06396 1.04751 1.10817 1.10453 1.09458 1.14444 1.1326 1.12331 1.08235 1.1278 1.12171 1.12876 1.1448 1.17571 1.14043 1.18398 1.18944 1.20457 1.10565 1.10655 1.10486 1.11543 1.13393 1.13301 1.15803 1.13313 1.17451 1.16584
20211227 1.10439 1.10625 1.09484 1.10116 1.10864 1.11031 1.1146 1.14724 1.18028 1.18323 1.17585 1.17891 1.08172 1.11372 1.14259 1.13473 1.13836 1.15701 1.1848 1.16844 1.19446 1.20406 1.10388 1.11147 1.1238 1.13166 1.14066 1.17676 1.16511 1.19743 1.16184 1.17765
20211228 1.09294 1.11371 1.09117 1.10699 1.12049 1.12721 1.1297 1.13988 1.1907 1.2077 1.17274 1.21812 1.13798 1.13758 1.14667 1.16566 1.15406 1.14714 1.15794 1.18449 1.18338 1.20678 1.11421 1.13671 1.13823 1.14543 1.19414 1.201 1.21114 1.19178 1.21535 1.23169
20211229 1.06508 1.0719 1.09081 1.10924 1.12243 1.12686 1.14004 1.11938 1.13647 1.19215 1.21491 1.17559 1.09179 1.14366 1.14802 1.1579 1.16806 1.14116 1.13752 1.14766 1.16766 1.1722 1.10864 1.124 1.13657 1.17244 1.19081 1.19785 1.17837 1.21018 1.21614 1.20907
20211230 1.09661 1.0973 1.08045 1.12136 1.14585 1.15825 1.17306 1.1692 1.15419 1.17079 1.20439 1.22776 1.10915 1.13756 1.16249 1.16854 1.17433 1.18554 1.16554 1.15907 1.16554 1.1872 1.10791 1.15072 1.19029 1.18809 1.17116 1.17681 1.19974 1.19992 1.1977 1.18856
20211231 1.08412 1.08237 1.07039 1.09517 1.12615 1.13534 1.15196 1.17093 1.14266 1.1695 1.19022 1.19466 1.1137 1.13385 1.15786 1.17642 1.17227 1.16624 1.1865 1.17971 1.18045 1.17714 1.13164 1.20533 1.19472 1.16571 1.16388 1.17924 1.18867 1.18961 1.19493 1.2138
