20191221 1.02781 1.00875 0.981939 1.00036 1.00939 1.06583 1.06179 1.06135 1.07601 1.10317 1.09001 1.09937 1.03364 1.05588 1.07303 1.09754 1.10151 1.11612 1.14409 1.1252 1.12407 1.12954 1.07742 1.10343 1.07725 1.05149 1.07325 1.08856 1.08148 1.11117 1.12912 1.13581
20191222 1.05626 1.04198 1.02636 1.04607 1.04061 1.06785 1.08272 1.07491 1.08774 1.09063 1.07869 1.12961 1.07875 1.08815 1.11105 1.11362 1.12065 1.13728 1.1502 1.16636 1.14096 1.15673 1.10186 1.10328 1.05555 1.07587 1.0996 1.10521 1.13716 1.13584 1.12661 1.17311
20191223 1.06286 1.05682 1.02879 1.03963 1.04585 1.06205 1.05217 1.10876 1.11928 1.11284 1.14033 1.14104 1.07103 1.09619 1.10971 1.12731 1.09858 1.11813 1.14156 1.14241 1.16308 1.14667 1.08543 1.06129 1.07686 1.07176 1.08054 1.12105 1.13352 1.09123 1.13733 1.16723
20191224 1.07797 1.09138 1.06196 1.07882 1.08612 1.09162 1.09801 1.10895 1.13277 1.15625 1.15289 1.15495 1.0787 1.12381 1.11997 1.12865 1.13933 1.10179 1.1443 1.16792 1.16643 1.18716 1.04525 1.09441 1.08243 1.07197 1.10352 1.11187 1.08775 1.11589 1.14805 1.12431
20191225 1.03601 1.04065 1.06955 1.08205 1.08741 1.09913 1.11229 1.11269 1.12336 1.17924 1.18093 1.18092 1.10599 1.12489 1.13958 1.13717 1.15339 1.15273 1.13222 1.14541 1.1801 1.16403 1.07753 1.11986 1.07564 1.09528 1.10826 1.09398 1.11659 1.16795 1.13408 1.14816
20191226 1.05564 1.05127 1.01762 1.08533 1.08873 1.10827 1.09509 1.11612 1.12318 1.10246 1.18289 1.18145 1.08876 1.15646 1.15205 1.17483 1.17049 1.1894 1.18965 1.17526 1.18676 1.19754 1.12884 1.12556 1.14232 1.15371 1.13269 1.15019 1.19751 1.18722 1.16218 1.19833
20191227 1.03421 1.01424 0.990757 1.0091 1.06899 1.05912 1.08605 1.07372 1.08093 1.09992 1.1319 1.13581 1.02189 1.09888 1.12337 1.1362 1.17059 1.17876 1.16212 1.1705 1.15951 1.17882 1.06383 1.09976 1.12091 1.10727 1.10507 1.15275 1.15453 1.11758 1.16856 1.15927
20191228 0.998359 0.984847 0.962647 0.986562 1.00016 1.0411 1.04981 1.06316 1.06367 1.09147 1.08698 1.09827 1.02629 1.04377 1.09844 1.11028 1.13252 1.16371 1.18132 1.14016 1.1638 1.14697 1.04856 1.08865 1.09064 1.08565 1.12785 1.11121 1.09478 1.14124 1.12167 1.13876
20191229 1.03823 1.02777 1.01995 1.03213 1.04708 1.04258 1.08308 1.08899 1.10584 1.10754 1.10979 1.09917 1.03979 1.07706 1.0985 1.11655 1.14766 1.17839 1.17214 1.20098 1.17911 1.17629 1.08302 1.09219 1.07677 1.12035 1.09697 1.11261 1.13722 1.13733 1.12615 1.14455
20191230 1.0947 1.07678 1.05824 1.07248 1.08334 1.08917 1.08443 1.09234 1.11051 1.14281 1.1617 1.12875 1.08703 1.10162 1.12949 1.15678 1.14059 1.17151 1.20714 1.19365 1.22531 1.21579 1.07825 1.09022 1.13325 1.11121 1.13978 1.14789 1.15308 1.15069 1.15382 1.14076
20191231 1.03357 1.04867 1.03984 1.04643 1.05238 1.07513 1.07375 1.07514 1.10357 1.12727 1.14955 1.14849 1.09843 1.10218 1.12054 1.13953 1.13673 1.12495 1.17051 1.18927 1.17912 1.2068 1.05643 1.1318 1.12433 1.13001 1.12072 1.13502 1.09977 1.14013 1.12677 1.14538
20200806 1.02127 1.01989 1.008 1.06489 1.08013 1.07091 1.07518 1.08904 1.09748 1.09859 1.12387 1.14855 1.01923 1.0655 1.12455 1.13005 1.11696 1.13596 1.0942 1.10009 1.11345 1.14174 1.05546 1.09526 1.08155 1.0918 1.05657 1.03461 1.0683 1.09652 1.09938 1.10193
20200807 1.03987 1.03771 1.01491 1.02167 1.077 1.07286 1.06311 1.08367 1.09257 1.09905 1.08723 1.12846 1.04779 1.0522 1.10675 1.15943 1.16052 1.14687 1.16533 1.12839 1.13013 1.13123 1.09071 1.09017 1.08853 1.0742 1.03093 1.06374 1.09516 1.09836 1.11094 1.11586
20200808 1.05478 1.05561 1.04016 1.04748 1.05034 1.08064 1.08538 1.09976 1.10161 1.11801 1.12577 1.13193 1.07351 1.07983 1.09607 1.14688 1.17321 1.18675 1.17632 1.16849 1.14297 1.14496 1.0786 1.1009 1.08244 1.06315 1.08302 1.10216 1.13852 1.1422 1.14801 1.13044
20200809 1.06259 1.04784 1.03117 1.04236 1.04596 1.0711 1.08671 1.09591 1.11514 1.12964 1.14233 1.16588 1.10244 1.11656 1.09659 1.14241 1.15442 1.18078 1.21632 1.19146 1.19488 1.16564 1.0978 1.09873 1.0738 1.10751 1.11503 1.16072 1.17142 1.18314 1.17151 1.16084
20200810 1.08481 1.07386 1.05048 1.05407 1.06993 1.0773 1.08476 1.13146 1.14129 1.11217 1.13714 1.16825 1.10519 1.14204 1.13869 1.14624 1.17253 1.17317 1.2098 1.22335 1.19717 1.21762 1.07334 1.08905 1.10698 1.12996 1.1557 1.1514 1.17548 1.17793 1.15697 1.15099
20200811 1.04724 1.05432 1.0442 1.05823 1.06903 1.07557 1.07986 1.09556 1.13934 1.13618 1.12301 1.15849 1.11712 1.14797 1.13971 1.15755 1.15182 1.17342 1.18149 1.19995 1.20378 1.19734 1.07643 1.0993 1.1192 1.14185 1.14823 1.16531 1.17193 1.13927 1.14723 1.154
20200812 1.02908 1.03235 1.04189 1.05005 1.05522 1.07117 1.07217 1.07269 1.07648 1.11081 1.15202 1.12717 1.05078 1.11218 1.12802 1.13127 1.13827 1.1232 1.13887 1.14998 1.15615 1.16454 1.0738 1.10074 1.11823 1.12578 1.13613 1.14151 1.12057 1.13404 1.14585 1.1705
20200813 1.02319 1.01408 1.0043 1.03641 1.03988 1.05382 1.04925 1.06183 1.06711 1.06613 1.12582 1.11665 1.04433 1.05762 1.09952 1.11395 1.10798 1.11212 1.12715 1.10997 1.13431 1.1421 1.0599 1.0922 1.09838 1.10878 1.11677 1.10156 1.11075 1.12292 1.14301 1.12448
20200814 1.01403 1.0064 0.988614 1.00857 1.02988 1.0331 1.02365 1.05037 1.0614 1.05932 1.05965 1.10899 1.04753 1.06456 1.04689 1.07999 1.09114 1.09702 1.08717 1.1077 1.09757 1.13629 1.0544 1.08057 1.08107 1.09109 1.08373 1.08603 1.09657 1.11123 1.1084 1.11581
20200815 1.00278 0.996662 0.962896 0.993473 0.989148 1.01602 1.0103 1.00986 1.02641 1.03579 1.03969 1.05823 1.02531 1.06023 1.04297 1.0461 1.07086 1.08995 1.09727 1.09279 1.0883 1.09455 1.03904 1.06184 1.06939 1.05549 1.06478 1.06882 1.08622 1.09686 1.11349 1.1144
20200816 1.01083 1.00855 0.983951 0.985304 0.99167 1.00466 1.02703 1.04836 1.05266 1.07194 1.0905 1.0663 1.05651 1.08747 1.08974 1.08929 1.09936 1.12576 1.14779 1.14255 1.14983 1.14898 1.06207 1.07826 1.04617 1.07053 1.06079 1.09068 1.09857 1.12084 1.11856 1.12408
20200817 1.0201 1.00866 0.981025 0.986498 0.990521 0.99305 1.01327 1.03097 1.03159 1.03363 1.04928 1.05692 1.02871 1.07752 1.08325 1.08833 1.10025 1.10156 1.11841 1.14735 1.14107 1.15061 1.03126 1.03448 1.05297 1.03636 1.05893 1.06357 1.09019 1.06574 1.08145 1.10026
20200818 0.974106 0.991517 0.978639 0.984896 0.990347 0.999411 1.01095 0.999119 1.03726 1.06165 1.05345 1.05523 1.02839 1.04746 1.07456 1.07334 1.08734 1.09573 1.09016 1.09985 1.13366 1.13549 0.998334 1.03712 1.03113 1.03706 1.0385 1.05639 1.04344 1.04482 1.07133 1.09892
20200819 0.993451 0.99852 0.99412 1.0038 1.00414 1.02016 1.03906 1.02552 1.04646 1.06344 1.06854 1.10143 1.022 1.0876 1.07844 1.1198 1.11136 1.12241 1.12515 1.12885 1.155 1.18162 1.03601 1.06301 1.05801 1.05965 1.07534 1.07209 1.05154 1.08539 1.11453 1.13751
20200820 1.00474 0.997648 0.982593 1.00933 1.01412 1.03043 1.02842 1.03231 1.02389 1.09404 1.07861 1.07344 1.02434 1.06691 1.11921 1.11789 1.15222 1.14804 1.16245 1.15264 1.17319 1.19605 1.05644 1.07037 1.07831 1.09333 1.08431 1.06684 1.09527 1.12104 1.13954 1.16846
20200821 1.01386 1.00505 0.986549 0.992196 1.02922 1.02898 1.0399 1.05665 1.06351 1.07183 1.09504 1.11593 1.02432 1.04373 1.06353 1.11721 1.11679 1.1483 1.13501 1.16521 1.15378 1.16499 1.0414 1.06924 1.08645 1.07034 1.06219 1.07215 1.09948 1.11944 1.14955 1.14096
20200822 1.00828 1.01128 0.981325 0.99146 0.990571 1.03943 1.06766 1.07365 1.07156 1.07285 1.09431 1.07356 1.04285 1.06703 1.06082 1.06848 1.13573 1.13058 1.1386 1.1196 1.15081 1.14413 1.04631 1.08169 1.06042 1.03387 1.06153 1.07896 1.10668 1.13915 1.12514 1.1588
20200823 1.03041 1.02346 1.00163 1.01455 1.03007 1.03979 1.07085 1.06801 1.07409 1.09021 1.09864 1.09514 1.0476 1.08337 1.09481 1.06727 1.07574 1.13425 1.11574 1.15032 1.15316 1.17348 1.06893 1.08136 1.03751 1.06913 1.07695 1.10125 1.14199 1.11545 1.14795 1.14247
20200824 1.01977 0.997971 0.974308 0.985009 0.992554 1.0012 1.001 1.04606 1.07213 1.07102 1.06056 1.11764 1.02099 1.05651 1.05029 1.06597 1.04903 1.0602 1.08925 1.08062 1.12342 1.13167 1.0444 1.02958 1.04308 1.03796 1.0684 1.10135 1.07694 1.08681 1.08958 1.07753
20200825 1.01956 1.03423 1.01508 1.02798 1.0303 1.03479 1.05283 1.04061 1.09194 1.10019 1.10568 1.10606 1.05999 1.07216 1.07975 1.07057 1.09098 1.08754 1.07822 1.11595 1.11327 1.143 1.01585 1.0377 1.04012 1.05711 1.08935 1.08341 1.09469 1.06645 1.08415 1.08771
20200826 0.989518 0.994494 1.00301 1.01924 1.01871 1.03346 1.04437 1.0563 1.06127 1.10229 1.11123 1.13065 1.04809 1.08076 1.0995 1.10467 1.09642 1.11996 1.11298 1.11939 1.15454 1.1572 1.00565 1.04242 1.06682 1.10936 1.0925 1.11525 1.07238 1.08234 1.1048 1.13388
20200827 0.985828 0.986548 0.953535 0.998253 1.00032 1.01056 1.03031 1.03166 1.05752 1.0557 1.11437 1.10868 1.01106 1.08599 1.10358 1.11579 1.11018 1.11031 1.12529 1.13575 1.15493 1.16065 1.03143 1.06915 1.11104 1.09063 1.11057 1.08617 1.0686 1.09701 1.11632 1.13837
20200828 0.984015 0.98452 0.955105 0.970155 1.00389 1.03671 1.02936 1.02643 1.02012 1.04359 1.03926 1.10164 1.00569 1.02441 1.07692 1.09505 1.09999 1.09484 1.10198 1.12536 1.13511 1.14017 1.01268 1.07461 1.07491 1.06901 1.06485 1.05387 1.05719 1.0837 1.09249 1.11819
20200829 0.974872 0.967847 0.938392 0.953154 0.968452 1.00428 1.01248 1.00905 1.02453 1.04554 1.08359 1.08771 1.02255 1.06637 1.05708 1.09663 1.09738 1.1104 1.12644 1.1141 1.13494 1.13808 1.01637 1.07566 1.04251 1.05777 1.05808 1.03776 1.06649 1.07909 1.08867 1.08263
20200830 0.98086 0.971293 0.941125 0.955298 0.962748 0.979111 1.02882 1.03768 1.02535 1.01711 1.05239 1.05362 1.01246 1.08322 1.09178 1.086 1.12095 1.12649 1.13809 1.15869 1.14745 1.15983 1.05978 1.04589 1.03718 1.07805 1.03707 1.06463 1.0658 1.08014 1.08611 1.09544
20200831 0.997405 0.978081 0.953377 0.95982 0.980998 0.980294 0.978162 1.01793 1.02659 1.02229 1.03526 1.04024 1.01234 1.05095 1.09536 1.09635 1.09125 1.10862 1.1127 1.13339 1.15281 1.14891 1.00049 1.02054 1.06691 1.02391 1.07119 1.03795 1.06161 1.08689 1.08708 1.10211
20200901 0.976474 0.995563 0.96292 0.978711 0.97998 0.987389 0.993628 0.997828 1.042 1.01836 1.04198 1.08001 1.03247 1.06937 1.0722 1.10924 1.11484 1.10089 1.11681 1.11947 1.14938 1.15574 0.997344 1.08877 1.04503 1.11092 1.07138 1.06556 1.1069 1.10765 1.10218 1.08897
20200902 0.968843 0.971587 0.972103 0.980272 0.992305 0.994479 1.00232 1.01566 1.02444 1.07598 1.0839 1.0964 1.02771 1.07697 1.09665 1.10427 1.12692 1.11736 1.09172 1.10921 1.12989 1.16425 1.05446 1.06511 1.1081 1.08128 1.06481 1.08418 1.11737 1.10939 1.10136 1.12744
20200903 0.994584 0.995601 0.972741 1.00924 1.02363 1.02577 1.03252 1.0345 1.05627 1.06011 1.1036 1.12009 1.0191 1.09897 1.09602 1.14473 1.11258 1.12757 1.11648 1.09912 1.13536 1.15789 1.05491 1.07761 1.07471 1.08038 1.05033 1.07876 1.09763 1.08287 1.09697 1.11839
20200904 1.00965 1.00188 0.975288 0.990387 1.02821 1.04171 1.04445 1.05041 1.05139 1.05985 1.07244 1.12386 1.02586 1.08362 1.12124 1.13116 1.15696 1.09972 1.11484 1.11578 1.10631 1.15355 1.03495 1.07613 1.09069 1.04326 1.04848 1.08344 1.06383 1.06145 1.09418 1.10434
20200905 0.987645 0.988126 0.96468 0.973609 0.979748 1.0392 1.03773 1.05648 1.08113 1.09977 1.08785 1.08861 1.02674 1.06716 1.07897 1.09728 1.10884 1.12476 1.08558 1.10365 1.12196 1.10754 1.04281 1.09555 1.04246 1.04165 1.07144 1.06545 1.06358 1.0911 1.11119 1.12392
20200906 1.00503 0.997446 0.985801 0.988744 0.996764 0.998873 1.03369 1.0453 1.05417 1.08663 1.08231 1.08883 1.03093 1.06633 1.0745 1.04708 1.06251 1.07942 1.10725 1.09827 1.12666 1.14417 1.05942 1.06013 1.03991 1.04994 1.04561 1.08644 1.08332 1.12097 1.11749 1.10078
20200907 1.01493 1.01804 0.996053 1.007 1.0128 1.02403 1.02455 1.04996 1.07239 1.08131 1.1161 1.11467 1.03398 1.08132 1.07734 1.08058 1.04225 1.07965 1.10329 1.12734 1.12938 1.14737 1.04449 1.04922 1.04793 1.02867 1.0866 1.08231 1.12109 1.11951 1.09206 1.1085
20200908 1.02785 1.05301 1.02888 1.03991 1.05054 1.04778 1.05095 1.03484 1.09493 1.11383 1.11969 1.1468 1.06875 1.09758 1.09903 1.08924 1.08201 1.08744 1.14058 1.15605 1.16544 1.1549 1.05377 1.08312 1.03886 1.09459 1.10221 1.11889 1.12781 1.11061 1.08655 1.14294
20200909 0.994799 0.997259 1.0126 1.02005 1.02947 1.02811 1.0252 1.03093 1.03846 1.11727 1.11422 1.13909 1.05772 1.10562 1.08932 1.09165 1.08151 1.10365 1.12015 1.14954 1.16003 1.16848 1.04684 1.03791 1.09212 1.08766 1.08905 1.08605 1.08517 1.03823 1.08613 1.10175
20200910 0.995627 0.991283 0.959952 1.00339 1.01502 1.03074 1.04621 1.05557 1.05817 1.02551 1.14979 1.1614 1.01751 1.08975 1.10698 1.08752 1.12153 1.1083 1.13792 1.12757 1.15567 1.15884 1.02726 1.08189 1.07283 1.10677 1.10941 1.08229 1.05595 1.09678 1.0852 1.12612
20200911 1.00326 0.997495 0.975707 0.980437 1.01949 1.0297 1.04172 1.07186 1.09604 1.0897 1.08088 1.10309 1.0207 1.06094 1.1013 1.12302 1.11639 1.13927 1.11963 1.1332 1.13068 1.15627 1.04413 1.07625 1.10515 1.10782 1.09507 1.06466 1.10265 1.08854 1.10715 1.10247
20200912 0.999397 0.994699 0.971921 0.985321 0.990166 1.03875 1.05044 1.06701 1.09283 1.09457 1.09459 1.10129 1.01726 1.04394 1.06409 1.08781 1.1325 1.12803 1.12741 1.10963 1.12848 1.15236 1.04885 1.10368 1.0878 1.08572 1.07446 1.09109 1.07389 1.07633 1.06435 1.05875
20200913 1.00475 1.00042 0.966496 0.973163 0.975747 0.984806 1.02844 1.02885 1.04063 1.05862 1.06371 1.09064 1.02442 1.04288 1.07182 1.08111 1.08031 1.14076 1.13738 1.11882 1.0893 1.10725 1.06116 1.08671 1.07274 1.04951 1.08748 1.07542 1.06763 1.08013 1.06434 1.09735
20200914 0.988826 0.988259 0.949576 0.960751 0.965729 0.968094 0.967512 1.00234 1.04747 1.06993 1.06691 1.09956 1.02383 1.05757 1.05442 1.087 1.08563 1.06907 1.14746 1.12352 1.09794 1.06154 1.03449 1.05415 1.01045 1.05959 1.0716 1.07068 1.10369 1.06938 1.0578 1.05181
20200915 0.967807 0.99337 0.954503 0.966773 0.971405 0.982015 1.00251 1.02059 1.03507 1.07862 1.11185 1.11911 1.02679 1.06713 1.08255 1.07523 1.07034 1.08248 1.09133 1.12485 1.11433 1.10939 1.01921 1.03625 1.04487 1.06009 1.06454 1.08057 1.06019 1.07004 1.05587 1.05716
20200916 0.993824 0.99865 1.00913 1.02302 1.02094 1.02949 1.0312 1.03874 1.06317 1.05682 1.10202 1.12595 1.02759 1.10924 1.09351 1.13086 1.09471 1.09138 1.10547 1.12686 1.12595 1.13763 1.06607 1.07416 1.07849 1.08732 1.07313 1.05888 1.08858 1.08681 1.06676 1.11168
20200917 1.00231 1.00505 0.984927 1.0382 1.02631 1.03236 1.05473 1.08841 1.09804 1.0792 1.12481 1.13496 1.03846 1.09697 1.1196 1.13072 1.14474 1.10875 1.13133 1.11809 1.11622 1.14966 1.06162 1.1017 1.10217 1.11752 1.07341 1.06711 1.09719 1.09139 1.09851 1.13062
20200918 1.00331 1.00018 0.976002 0.988109 1.03143 1.04375 1.04589 1.06851 1.11381 1.09617 1.07101 1.12907 1.01998 1.07169 1.10979 1.12738 1.14377 1.14006 1.11859 1.1382 1.10493 1.1325 1.06116 1.10404 1.11597 1.07821 1.07864 1.09844 1.10016 1.10362 1.11862 1.12824
20200919 1.01931 1.00973 0.985763 1.00249 1.01199 1.0558 1.07579 1.08085 1.1118 1.11239 1.13587 1.10109 1.05594 1.08054 1.07942 1.10936 1.13222 1.14157 1.13134 1.11785 1.13177 1.0956 1.06049 1.08387 1.04942 1.08744 1.09688 1.07948 1.11228 1.12075 1.12576 1.09757
20200920 1.00733 0.993822 0.98132 0.985036 0.991471 0.987509 1.04483 1.05822 1.05088 1.08679 1.09041 1.08657 1.03406 1.1008 1.07944 1.08249 1.11939 1.14217 1.14007 1.13359 1.11121 1.13793 1.0432 1.03312 1.06738 1.0801 1.047 1.08439 1.08772 1.10636 1.077 1.08632
20200921 1.00337 0.986704 0.96677 0.976476 0.974705 0.972447 0.994561 1.04062 1.06744 1.08988 1.07787 1.09208 1.02958 1.05865 1.10828 1.08868 1.0803 1.13264 1.1571 1.14947 1.13805 1.13462 1.01073 1.04266 1.06988 1.05599 1.07372 1.06074 1.09628 1.05398 1.05385 1.06214
20200922 0.963203 0.989384 0.975923 0.984035 0.980071 0.988072 0.987229 1.00374 1.05173 1.06093 1.0728 1.08706 1.03167 1.05127 1.06287 1.09956 1.08938 1.09268 1.1215 1.14662 1.13965 1.1132 0.993157 1.0519 1.04655 1.07165 1.04049 1.06731 1.03318 1.0388 1.04565 1.03972
20200923 0.915555 0.923294 0.954181 0.955764 0.962185 0.970815 0.967049 0.983326 1.021 1.09665 1.12211 1.05129 0.971562 1.06996 1.06291 1.0559 1.0873 1.06372 1.10206 1.10964 1.13307 1.13928 0.987244 1.02932 1.08389 1.04934 1.07491 1.03487 1.03799 1.0294 1.05103 1.08028
20200924 0.95333 0.953373 0.92567 0.965966 0.976074 0.972426 0.998792 0.990575 1.00309 1.02871 1.09353 1.12951 0.946876 1.02107 1.08647 1.07836 1.06247 1.09989 1.06726 1.09964 1.09855 1.11382 0.992838 1.05532 1.05834 1.08372 1.02761 1.03361 1.02625 1.05232 1.06479 1.11864
20200925 0.948718 0.94427 0.92416 0.944468 1.00333 1.00279 0.988246 1.02193 1.01682 1.03908 1.02152 1.08161 0.974934 0.991696 1.05553 1.09936 1.08894 1.07065 1.11005 1.09687 1.10184 1.09478 1.01528 1.06047 1.09229 1.03869 1.03499 1.01481 1.03864 1.04735 1.07646 1.09622
20200926 0.966769 0.960439 0.94334 0.954423 0.966462 0.997194 1.00297 1.01574 1.02931 1.02486 1.03964 1.07671 0.971897 1.00687 1.03733 1.07771 1.10703 1.10656 1.0635 1.10206 1.11888 1.10394 1.0197 1.07897 1.05175 1.0395 1.03248 1.03854 1.04411 1.06087 1.09035 1.10169
20200927 0.999411 1.00398 0.99878 1.0059 1.00968 1.02027 1.07575 1.08301 1.07882 1.08762 1.08753 1.08172 1.02677 1.03941 1.05442 1.08717 1.11316 1.12528 1.1401 1.09945 1.13102 1.12618 1.05358 1.08727 1.0556 1.06901 1.07079 1.07016 1.08984 1.11818 1.12951 1.15003
20200928 1.01456 1.00766 0.998705 1.01218 1.01358 1.03595 1.06677 1.09691 1.1004 1.13083 1.10803 1.11635 1.02025 1.0737 1.06606 1.0727 1.10067 1.11511 1.13326 1.14066 1.11178 1.12983 1.05986 1.05447 1.07215 1.07825 1.08183 1.11393 1.1251 1.1241 1.15691 1.16831
20200929 0.999634 1.02953 1.00221 1.02229 1.02086 1.03344 1.0258 1.0476 1.09277 1.0997 1.10071 1.12876 1.03455 1.04506 1.09078 1.08693 1.09764 1.11654 1.12145 1.15377 1.14327 1.13168 1.02083 1.04929 1.06572 1.06855 1.09885 1.1084 1.08607 1.12107 1.12863 1.1255
20200930 0.965339 0.972261 0.982164 0.998157 1.00275 1.01175 1.02879 1.0373 1.06649 1.09385 1.09434 1.11434 1.02914 1.0638 1.06975 1.0999 1.10728 1.10024 1.11268 1.1189 1.16052 1.15764 1.02673 1.07047 1.0725 1.1053 1.11569 1.08474 1.12634 1.09817 1.09998 1.13399
20201001 0.982325 0.982105 0.944761 1.00783 1.00873 1.00844 1.02246 1.03885 1.07304 1.09806 1.07919 1.06497 0.990029 1.06143 1.07072 1.07402 1.08737 1.09473 1.0789 1.09536 1.11048 1.14423 1.03513 1.06693 1.09659 1.10663 1.09579 1.10233 1.08324 1.0682 1.08748 1.1058
20201002 1.00666 1.00222 0.978904 0.998595 1.04326 1.05108 1.05385 1.05586 1.08281 1.1006 1.10481 1.10495 0.994002 1.04541 1.06252 1.08035 1.09537 1.10602 1.09499 1.10061 1.10449 1.12058 1.05457 1.09021 1.09 1.08194 1.08626 1.08792 1.08294 1.07895 1.09804 1.10107
20201003 1.01702 1.00761 0.996964 1.00874 1.01126 1.04972 1.04218 1.04905 1.06687 1.06369 1.10571 1.10651 1.033 1.04793 1.079 1.08151 1.10194 1.11205 1.12696 1.11026 1.13185 1.10535 1.06985 1.1059 1.07493 1.07124 1.07411 1.08867 1.08998 1.09544 1.10516 1.10399
20201004 1.02016 1.01072 0.9998 1.01387 1.01105 1.01578 1.05926 1.05733 1.06635 1.07587 1.09699 1.11187 1.04799 1.06031 1.08134 1.09882 1.10202 1.13852 1.1309 1.13045 1.13557 1.16275 1.0762 1.09746 1.08608 1.07607 1.09797 1.09025 1.10354 1.11422 1.1097 1.14659
20201005 1.05831 1.0508 1.03509 1.04026 1.04726 1.03583 1.05593 1.10452 1.09555 1.09127 1.11737 1.12974 1.0689 1.10476 1.10509 1.11142 1.11785 1.12818 1.16257 1.15427 1.16248 1.17892 1.07608 1.11203 1.1179 1.11852 1.12321 1.12514 1.13596 1.11866 1.13159 1.15807
20201006 1.01618 1.02781 1.01227 1.02969 1.03118 1.04327 1.0442 1.04064 1.08485 1.11288 1.10727 1.16819 1.08273 1.11542 1.12802 1.14261 1.10716 1.12986 1.13695 1.16111 1.16944 1.19102 1.09755 1.13256 1.12823 1.13572 1.13176 1.15397 1.13653 1.11039 1.11985 1.13963
20201007 1.01846 1.02202 1.045 1.04596 1.04768 1.04626 1.04622 1.03923 1.04475 1.10057 1.10699 1.09428 1.02094 1.10598 1.1101 1.11708 1.12402 1.08343 1.12888 1.11325 1.14016 1.15181 1.05528 1.08979 1.07664 1.07829 1.11022 1.1062 1.09447 1.09445 1.1196 1.15347
20201008 0.998014 1.00605 0.993017 1.05132 1.05687 1.04578 1.05538 1.0428 1.04931 1.07172 1.1449 1.12231 1.03736 1.07838 1.13216 1.12056 1.10743 1.11388 1.10895 1.12892 1.12094 1.145 1.05143 1.0726 1.06697 1.09631 1.09156 1.09406 1.09981 1.12354 1.13911 1.15147
20201009 0.997672 0.99766 0.984994 0.993476 1.04053 1.05507 1.05324 1.03851 1.03445 1.05667 1.08206 1.13169 1.00095 1.0541 1.09777 1.12739 1.11469 1.08705 1.09577 1.09609 1.10266 1.12535 1.0431 1.06842 1.08294 1.07975 1.07545 1.08442 1.11248 1.11599 1.13556 1.1674
20201010 0.995748 0.987326 0.972861 0.98144 0.992038 1.04529 1.05605 1.0797 1.06495 1.06819 1.10089 1.08834 1.01753 1.04409 1.06074 1.10407 1.11889 1.10515 1.09541 1.0882 1.07484 1.1033 1.04428 1.08311 1.0463 1.06097 1.06397 1.07787 1.11483 1.09353 1.15618 1.13967
20201011 1.02608 1.02082 1.00005 1.01524 1.01798 1.01748 1.05475 1.07675 1.07593 1.10903 1.10547 1.11044 1.03743 1.05824 1.06782 1.08985 1.12503 1.1321 1.12722 1.13213 1.10383 1.11008 1.06711 1.05094 1.04558 1.06006 1.07445 1.09768 1.08039 1.11969 1.11397 1.08283
20201012 1.02789 1.02875 1.0186 1.02483 1.02365 1.04443 1.06723 1.07757 1.10569 1.11718 1.12541 1.11453 1.05177 1.07341 1.08165 1.09327 1.10767 1.15046 1.1473 1.13639 1.14833 1.11085 1.02287 1.03212 1.08204 1.08721 1.09851 1.09752 1.12127 1.0985 1.06326 1.08485
20201013 0.995655 1.01753 1.00737 1.01407 1.01592 1.02691 1.05121 1.07612 1.09367 1.15076 1.11597 1.12793 1.06113 1.09809 1.09178 1.12428 1.13861 1.13447 1.17754 1.16159 1.14121 1.15071 1.03283 1.11206 1.10556 1.13019 1.11459 1.13103 1.10417 1.0558 1.09479 1.09336
20201014 0.998017 1.00118 1.02608 1.02963 1.04526 1.04036 1.05798 1.08823 1.08951 1.12226 1.15641 1.16031 1.05817 1.13338 1.13217 1.13275 1.14896 1.16728 1.16481 1.17633 1.16493 1.18151 1.06386 1.09205 1.11794 1.11398 1.12041 1.12257 1.09342 1.10957 1.1212 1.10636
20201015 1.00888 1.0163 0.991883 1.03643 1.04171 1.04827 1.06103 1.07966 1.07985 1.10039 1.13407 1.12773 1.01907 1.1147 1.13827 1.13551 1.13232 1.14545 1.14826 1.17668 1.16088 1.17586 1.05602 1.10443 1.09671 1.09548 1.08978 1.07809 1.09673 1.13095 1.10472 1.11671
20201016 0.995716 0.996378 0.98567 0.990535 1.03085 1.05276 1.05592 1.07765 1.09217 1.05023 1.12312 1.11858 1.00415 1.02425 1.10494 1.13271 1.1215 1.122 1.12189 1.11841 1.14129 1.13661 1.05389 1.07662 1.06394 1.06971 1.04388 1.08249 1.10676 1.09515 1.08543 1.11664
20201017 1.02782 1.01764 1.01536 1.01837 1.0292 1.06802 1.09405 1.13251 1.12973 1.12438 1.1187 1.16074 1.02606 1.05593 1.06805 1.12823 1.17621 1.1553 1.14376 1.12643 1.13477 1.16497 1.04958 1.07112 1.08484 1.05378 1.09623 1.11267 1.11476 1.10247 1.13879 1.16471
20201018 1.06955 1.06339 1.03911 1.0573 1.06924 1.07706 1.1168 1.13259 1.14585 1.16089 1.14779 1.16475 1.10524 1.10832 1.13264 1.138 1.1874 1.23224 1.18756 1.1678 1.17321 1.16913 1.09453 1.12238 1.09005 1.13544 1.15766 1.13731 1.13545 1.18785 1.17783 1.16574
20201019 1.06874 1.06398 1.05614 1.06613 1.08188 1.08008 1.10189 1.12298 1.1324 1.16574 1.1886 1.17058 1.0951 1.14013 1.12986 1.14665 1.16987 1.20152 1.2262 1.19217 1.19017 1.19078 1.09639 1.11296 1.13573 1.149 1.12477 1.14659 1.19953 1.15537 1.13892 1.12843
20201020 1.03885 1.06936 1.04822 1.06179 1.07039 1.08051 1.0713 1.08142 1.11987 1.15724 1.18311 1.20834 1.08001 1.11758 1.13779 1.13699 1.1649 1.1559 1.18355 1.22527 1.21278 1.19676 1.07028 1.10906 1.11931 1.08362 1.12809 1.17443 1.12155 1.12045 1.12136 1.11508
20201021 1.0209 1.0297 1.05168 1.06061 1.06573 1.06167 1.08119 1.08141 1.09826 1.1229 1.1748 1.15567 1.05073 1.10916 1.13573 1.13765 1.15394 1.18207 1.13557 1.14626 1.18624 1.19356 1.04965 1.06502 1.06794 1.10394 1.12652 1.10799 1.10128 1.09635 1.10995 1.1586
20201022 0.997488 1.00415 0.980636 1.04666 1.05229 1.04738 1.08822 1.06519 1.06648 1.05803 1.07278 1.15068 1.02777 1.08448 1.13207 1.13932 1.13735 1.15281 1.181 1.13541 1.13993 1.16564 1.00189 1.05909 1.10455 1.11463 1.08308 1.0821 1.08488 1.09832 1.13432 1.13707
20201023 0.961574 0.970544 0.953301 0.957955 1.00287 1.0167 1.02763 1.04447 1.07112 1.07222 1.08806 1.09741 1.01178 1.05956 1.10169 1.15535 1.12115 1.14088 1.15414 1.18328 1.1402 1.15199 1.02192 1.0983 1.09821 1.05026 1.06628 1.07242 1.08025 1.13309 1.13377 1.18676
20201024 0.972264 0.980162 0.947423 0.946802 0.950098 0.992202 1.01132 1.04286 1.06083 1.0895 1.08866 1.13709 1.02499 1.06682 1.09294 1.1207 1.17106 1.14656 1.15399 1.16869 1.18042 1.14288 1.05746 1.12668 1.05368 1.05218 1.05924 1.07962 1.14396 1.15603 1.17746 1.16138
20201025 1.00106 0.996872 0.968588 0.985777 0.988181 0.985008 1.04016 1.03529 1.03925 1.13496 1.098 1.12684 0.996968 1.07336 1.09758 1.08734 1.11399 1.17937 1.16094 1.16079 1.1722 1.16975 1.07897 1.07635 1.05644 1.05629 1.06152 1.0944 1.12054 1.15289 1.13711 1.15116
20201026 0.987881 0.981055 0.960108 0.980877 0.980293 0.986287 0.985085 1.02063 1.03786 1.07113 1.12548 1.1144 1.02626 1.0473 1.07931 1.11059 1.08967 1.12451 1.18912 1.16685 1.16959 1.18488 1.03717 1.05675 1.06512 1.06591 1.06655 1.08225 1.14005 1.13871 1.10472 1.10609
20201027 0.971583 1.00849 0.978091 0.992985 0.993398 1.00487 1.00523 1.00707 1.04102 1.04887 1.0837 1.09868 1.00686 1.05665 1.04479 1.05712 1.08073 1.10114 1.12145 1.1693 1.14793 1.14814 1.01473 1.04283 1.05659 1.06408 1.07347 1.12742 1.12283 1.0832 1.08201 1.11464
20201028 0.940578 0.944712 0.977711 0.988289 0.98743 0.994212 1.0115 1.00859 0.999112 1.04084 1.04743 1.09671 0.963286 1.03224 1.05168 1.02614 1.04043 1.05743 1.08725 1.10298 1.15131 1.15141 0.986874 1.03524 1.04657 1.06542 1.11913 1.10079 1.0547 1.05814 1.08848 1.08327
20201029 0.960393 0.963494 0.956415 0.98711 0.986691 1.00317 1.03481 1.02137 1.03656 1.05594 1.0641 1.05947 0.967146 1.01647 1.07836 1.06985 1.04883 1.06975 1.06558 1.08683 1.11263 1.13944 0.996473 1.04559 1.07823 1.12761 1.11265 1.06512 1.05802 1.07356 1.07285 1.10314
20201030 0.979974 0.975252 0.962231 0.968605 1.01254 1.0276 1.04125 1.07639 1.08607 1.0838 1.1331 1.13359 1.01266 1.03613 1.07374 1.1059 1.09878 1.08605 1.09789 1.0982 1.10066 1.13011 1.03797 1.09796 1.16664 1.15349 1.10241 1.09462 1.09516 1.10292 1.12913 1.13892
20201031 0.979867 0.97456 0.961357 0.97522 0.97634 1.01016 1.02611 1.05076 1.06094 1.09907 1.1082 1.10273 1.00115 1.05338 1.05826 1.09312 1.11507 1.09059 1.09389 1.1131 1.11506 1.09961 1.0523 1.1518 1.14404 1.09554 1.10186 1.08655 1.07611 1.08281 1.11894 1.12425
20201101 0.97616 0.965067 0.947864 0.966818 0.970688 0.9874 1.02047 1.03286 1.06102 1.06504 1.07362 1.04122 0.974311 1.01949 1.04224 1.0502 1.0768 1.11901 1.09847 1.10551 1.14193 1.1116 1.06125 1.09553 1.07543 1.09093 1.08895 1.06107 1.07177 1.09684 1.10609 1.13736
20201102 0.980855 0.976858 0.958015 0.97322 0.987125 0.981699 0.985822 1.01026 1.0364 1.04467 1.09451 1.09516 0.998297 1.03349 1.04597 1.05172 1.07547 1.09807 1.15769 1.10967 1.12965 1.15929 1.00793 1.04758 1.06895 1.07596 1.06084 1.0804 1.09174 1.07341 1.09514 1.08666
20201103 0.935587 0.954678 0.939235 0.95304 0.969134 0.995846 0.995485 1.00422 1.00848 1.03418 1.06987 1.10873 0.996406 1.06048 1.07499 1.08358 1.07595 1.10105 1.1196 1.17648 1.12766 1.15073 1.0147 1.08881 1.07496 1.06317 1.09351 1.0996 1.0658 1.07232 1.06114 1.07216
20201104 0.922238 0.928068 0.949489 0.964932 0.966414 0.991795 1.00077 1.01604 1.02477 1.04549 1.04352 1.07587 0.987439 1.08067 1.08379 1.09658 1.09826 1.09511 1.12499 1.14136 1.16785 1.13782 1.02573 1.05783 1.05591 1.07635 1.09149 1.08423 1.0697 1.04956 1.04655 1.07946
20201105 0.951764 0.950672 0.944906 1.00134 1.02166 1.00052 1.01324 1.06005 1.07738 1.0644 1.08969 1.11438 0.953738 1.07687 1.15332 1.13089 1.13912 1.13503 1.13143 1.14923 1.17724 1.19498 1.02143 1.06268 1.09901 1.08987 1.08688 1.07264 1.05063 1.05039 1.09225 1.10788
20201106 0.992718 0.98526 0.957879 0.965927 1.0115 1.02956 1.04652 1.03713 1.08991 1.16048 1.13295 1.16382 1.00399 1.04672 1.11565 1.21008 1.20257 1.19498 1.16853 1.17107 1.18287 1.21947 1.0541 1.13928 1.12087 1.09429 1.08906 1.07048 1.08004 1.11721 1.14278 1.14405
20201107 0.996044 0.990555 0.980127 0.975648 0.989491 1.05551 1.06724 1.08053 1.11417 1.11321 1.17822 1.16894 1.01271 1.06259 1.0796 1.15013 1.22822 1.1818 1.17636 1.14883 1.16976 1.1805 1.10131 1.13633 1.10871 1.07554 1.06979 1.06731 1.11494 1.15868 1.14698 1.12296
20201108 1.03886 1.03849 1.01594 1.02667 1.04011 1.03856 1.07223 1.08081 1.06835 1.13984 1.10822 1.19314 1.03285 1.06868 1.09206 1.0984 1.18214 1.22434 1.13972 1.13457 1.12639 1.14317 1.11086 1.11581 1.0706 1.06928 1.06159 1.09693 1.15096 1.14293 1.12792 1.11957
20201109 1.06025 1.0432 1.03134 1.03822 1.04839 1.05841 1.06263 1.1005 1.11194 1.1114 1.15355 1.14466 1.06597 1.07897 1.10207 1.10924 1.1028 1.18665 1.20448 1.15942 1.13514 1.13632 1.06841 1.07199 1.07009 1.06905 1.10549 1.1336 1.1382 1.13135 1.11955 1.10968
20201110 1.01408 1.03426 1.00611 1.01481 1.01709 1.01634 1.02436 1.04404 1.0906 1.0911 1.10828 1.12845 1.09088 1.11136 1.09725 1.104 1.10267 1.08772 1.14313 1.18935 1.17663 1.16717 1.03508 1.06507 1.06614 1.08823 1.11455 1.11707 1.09511 1.10707 1.09107 1.09712
20201111 0.978178 0.981977 0.986116 1.00216 1.01402 1.02076 1.03571 1.02607 1.04136 1.07995 1.11061 1.102 1.01732 1.12476 1.11021 1.11403 1.11644 1.07985 1.08199 1.13619 1.1747 1.1489 1.02137 1.0555 1.0839 1.09178 1.08416 1.06007 1.07776 1.07496 1.08242 1.10462
20201112 0.993769 0.989467 0.971642 1.0189 1.03005 1.0335 1.04082 1.05856 1.06978 1.06379 1.0869 1.07636 1.00704 1.07702 1.13356 1.13544 1.13173 1.13028 1.08903 1.09235 1.16118 1.16835 1.03826 1.10309 1.08109 1.07996 1.04983 1.06517 1.05165 1.06191 1.09928 1.0771
20201113 0.992394 0.988909 0.964354 0.969808 1.01731 1.02202 1.02992 1.05535 1.04855 1.06783 1.07519 1.09968 1.01071 1.03689 1.1147 1.1377 1.14744 1.13158 1.12304 1.11062 1.09493 1.1747 1.05901 1.08226 1.06604 1.05631 1.05664 1.04486 1.03181 1.08026 1.07815 1.09186
20201114 1.0344 1.0308 1.01308 1.01812 1.01731 1.05632 1.05799 1.058 1.08805 1.07662 1.09666 1.10678 1.03241 1.07749 1.08837 1.13616 1.15651 1.15224 1.15232 1.14894 1.1514 1.12439 1.09753 1.09395 1.09388 1.07694 1.07994 1.06974 1.09829 1.11987 1.11784 1.14234
20201115 1.05927 1.0454 1.04557 1.04901 1.04799 1.06741 1.0827 1.09013 1.09826 1.10893 1.1195 1.15087 1.07633 1.08844 1.11136 1.12741 1.15514 1.17901 1.17086 1.18846 1.1969 1.18358 1.09073 1.08958 1.05817 1.0868 1.08323 1.10986 1.11699 1.11722 1.14862 1.14286
20201116 1.05304 1.03909 1.01887 1.04021 1.04185 1.04694 1.05045 1.0828 1.13104 1.10875 1.09739 1.16167 1.08131 1.11128 1.12092 1.1334 1.14977 1.18478 1.21891 1.23461 1.24349 1.24589 1.03562 1.05245 1.09339 1.09481 1.11892 1.12615 1.12095 1.13553 1.15109 1.13573
20201117 0.977973 1.00138 0.989526 0.999914 1.00418 1.01712 1.02547 1.06188 1.10494 1.11871 1.11421 1.12614 1.0651 1.09969 1.11407 1.14081 1.14817 1.1663 1.1794 1.23437 1.23114 1.24214 1.03468 1.09847 1.09445 1.09738 1.11773 1.11484 1.08971 1.13861 1.12814 1.1276
20201118 0.985439 0.989082 1.00212 1.01671 1.02574 1.03209 1.01675 1.05844 1.04946 1.08841 1.15912 1.14218 0.991126 1.08797 1.10234 1.11353 1.13787 1.14277 1.15234 1.16988 1.21525 1.1899 1.04318 1.08939 1.0748 1.09109 1.09852 1.06726 1.09828 1.09159 1.09281 1.10394
20201119 0.983262 0.98639 0.966817 1.00218 1.02093 1.01861 0.999691 1.04769 1.04793 1.05915 1.10846 1.12482 1.00576 1.03666 1.09672 1.11659 1.11874 1.1298 1.13076 1.12414 1.15767 1.20467 1.04185 1.05417 1.04969 1.08273 1.04785 1.06025 1.06535 1.05602 1.07183 1.07706
20201120 0.999186 0.993306 0.984058 0.989726 1.02552 1.04523 1.05243 1.07326 1.09368 1.10376 1.09565 1.16117 1.02971 1.07757 1.07373 1.14214 1.15994 1.1366 1.14214 1.13562 1.12437 1.1448 1.04195 1.06111 1.09821 1.06341 1.06938 1.08295 1.073 1.09052 1.09383 1.12404
20201121 1.01161 0.999129 0.968544 0.985613 0.998768 1.02795 1.04778 1.05822 1.0749 1.06851 1.0761 1.09152 1.02625 1.07002 1.10106 1.09927 1.15312 1.16237 1.14282 1.14218 1.14655 1.11394 1.0518 1.09613 1.06431 1.04855 1.06185 1.06712 1.08884 1.08551 1.10881 1.07769
20201122 1.01456 0.993944 0.990445 1.00627 1.004 1.01781 1.03087 1.05315 1.08648 1.08637 1.07299 1.08609 1.04699 1.05958 1.06339 1.08655 1.10571 1.12469 1.13188 1.13446 1.11277 1.12658 1.06682 1.064 1.01827 1.03832 1.03642 1.06211 1.05908 1.08059 1.06477 1.04623
20201123 1.05373 1.03457 1.03619 1.04622 1.04982 1.0652 1.07066 1.09861 1.10302 1.12094 1.13182 1.12248 1.08932 1.10552 1.11176 1.12554 1.11308 1.1342 1.15976 1.15151 1.15407 1.13289 1.06704 1.08209 1.06516 1.06007 1.088 1.08584 1.13795 1.09044 1.0815 1.14834
20201124 1.00959 1.0217 1.00597 1.02022 1.04278 1.04797 1.05688 1.06422 1.11791 1.1078 1.10938 1.09394 1.07649 1.11026 1.09479 1.12051 1.11967 1.09231 1.12052 1.16952 1.14729 1.15939 1.06754 1.06373 1.04546 1.07728 1.07881 1.14313 1.10268 1.08229 1.13016 1.11311
20201125 0.980994 0.985083 1.00868 1.02226 1.01845 1.02739 1.04976 1.04673 1.05783 1.10173 1.12302 1.12098 1.02645 1.09266 1.07293 1.09183 1.09774 1.0991 1.10679 1.1417 1.17473 1.16267 1.02836 1.02967 1.04291 1.07351 1.09225 1.07752 1.07519 1.10007 1.09447 1.12544
20201126 0.998957 1.00214 0.986127 1.03547 1.04246 1.05129 1.04674 1.06397 1.05621 1.07927 1.12633 1.13651 1.0155 1.08928 1.10783 1.10629 1.11654 1.10702 1.11282 1.1225 1.1519 1.18114 1.02432 1.03776 1.08088 1.07951 1.04852 1.06199 1.08593 1.07748 1.10592 1.11431
20201127 1.00223 1.00357 0.990108 1.00113 1.05354 1.06155 1.05809 1.0864 1.08275 1.08087 1.1373 1.15334 1.05053 1.08708 1.09906 1.14297 1.1442 1.14875 1.17416 1.16253 1.15758 1.15801 1.05963 1.0863 1.11168 1.07128 1.05983 1.0866 1.07823 1.11056 1.13282 1.12109
20201128 1.04669 1.05036 1.0348 1.04116 1.05898 1.10471 1.09609 1.09599 1.12573 1.09951 1.11273 1.12676 1.03279 1.08532 1.12084 1.10423 1.13639 1.17116 1.16985 1.20204 1.19428 1.18502 1.07169 1.13204 1.0797 1.04592 1.08502 1.08791 1.11454 1.13222 1.12895 1.14153
20201129 1.02951 1.02289 1.01439 1.02522 1.05041 1.04351 1.07887 1.09218 1.09586 1.11086 1.11141 1.11423 1.05948 1.0551 1.09355 1.10931 1.0873 1.13644 1.15614 1.16069 1.19135 1.20286 1.10794 1.07375 1.00838 1.05067 1.06059 1.09572 1.1035 1.09271 1.11236 1.10627
20201130 1.04411 1.02836 1.02975 1.04303 1.0423 1.04339 1.05656 1.09849 1.11154 1.12025 1.07732 1.14319 1.05719 1.05711 1.05387 1.07374 1.05876 1.08676 1.12916 1.14734 1.15312 1.17267 1.05165 1.01345 1.04157 1.05662 1.05801 1.07503 1.08373 1.09386 1.09006 1.11409
20201201 1.00331 1.0179 1.01089 1.02646 1.03956 1.0403 1.05146 1.05229 1.10698 1.08896 1.14046 1.12415 1.0584 1.10543 1.0699 1.06462 1.06037 1.05641 1.10247 1.12471 1.15134 1.1632 1.0188 1.04978 1.05989 1.06087 1.07342 1.09969 1.10882 1.10646 1.10266 1.10271
20201202 1.00474 1.009 1.01691 1.02654 1.03597 1.04221 1.04504 1.02588 1.06979 1.09536 1.08611 1.13394 1.04673 1.09587 1.10423 1.0962 1.09485 1.09706 1.09946 1.08634 1.13847 1.16447 1.03225 1.06602 1.07231 1.07931 1.0903 1.10635 1.08997 1.07984 1.09205 1.13345
20201203 0.991809 0.992046 0.988109 1.03062 1.04876 1.05862 1.07627 1.09605 1.08932 1.11434 1.14022 1.13666 1.04379 1.09585 1.11925 1.11535 1.11647 1.12597 1.13724 1.12929 1.10645 1.17042 1.06111 1.0876 1.09408 1.10331 1.11635 1.09397 1.09234 1.09645 1.14783 1.15532
20201204 1.01145 1.00992 0.994932 1.01206 1.04741 1.05075 1.05898 1.05782 1.08233 1.07077 1.10977 1.10105 1.00525 1.05981 1.08972 1.11356 1.11274 1.10127 1.12232 1.1283 1.12702 1.12981 1.06436 1.08208 1.0882 1.11127 1.1088 1.08721 1.09926 1.12696 1.13135 1.14014
20201205 1.03857 1.03093 1.00954 1.01799 1.01814 1.05882 1.08327 1.08554 1.07446 1.08941 1.0887 1.12084 1.05637 1.06252 1.08723 1.0984 1.1174 1.12991 1.10673 1.12565 1.12677 1.1306 1.08921 1.11273 1.10767 1.12351 1.10608 1.12501 1.12784 1.11826 1.13267 1.11829
20201206 1.06167 1.05494 1.02905 1.03909 1.04826 1.04408 1.09243 1.10859 1.09755 1.08937 1.09963 1.11508 1.05333 1.08671 1.07382 1.12089 1.11568 1.14026 1.15031 1.12702 1.14637 1.14428 1.12554 1.13801 1.10873 1.10796 1.1317 1.16545 1.13295 1.15794 1.14553 1.14978
20201207 1.05606 1.04543 1.02496 1.03989 1.04604 1.05497 1.04812 1.12035 1.12477 1.12618 1.13636 1.13845 1.0788 1.08895 1.05645 1.06098 1.10263 1.12167 1.14464 1.13243 1.13828 1.16246 1.10902 1.09675 1.09057 1.09455 1.11414 1.13035 1.1384 1.12517 1.11573 1.12053
20201208 1.07606 1.09098 1.06917 1.08701 1.09398 1.10698 1.11556 1.10319 1.12861 1.13845 1.16751 1.13936 1.10377 1.14693 1.12804 1.10724 1.12081 1.14166 1.18989 1.19759 1.18597 1.20977 1.09198 1.12918 1.14854 1.1465 1.16165 1.17756 1.14827 1.12708 1.14892 1.16466
20201209 1.03434 1.04122 1.05928 1.05922 1.06465 1.06863 1.08047 1.10562 1.12975 1.14289 1.17162 1.1732 1.10252 1.14142 1.15249 1.13222 1.15047 1.14405 1.17374 1.21444 1.2105 1.20742 1.10737 1.15515 1.17727 1.15971 1.19133 1.15644 1.13113 1.14798 1.16418 1.17971
20201210 1.03081 1.03357 1.0295 1.06514 1.06939 1.07364 1.06389 1.07553 1.09 1.08021 1.09635 1.15076 1.03388 1.11644 1.14876 1.14714 1.11318 1.15499 1.12933 1.14793 1.19674 1.17262 1.09907 1.16102 1.12302 1.15995 1.13527 1.11125 1.11126 1.10518 1.13117 1.15248
20201211 1.05573 1.05131 1.03047 1.04794 1.08502 1.07912 1.08153 1.08958 1.08457 1.0962 1.10417 1.14076 1.04113 1.09721 1.14686 1.16969 1.14688 1.15079 1.15845 1.15283 1.16934 1.19692 1.12459 1.12729 1.1375 1.13044 1.12127 1.10215 1.10952 1.12658 1.15279 1.14008
20201212 1.05556 1.05571 1.0553 1.06886 1.0757 1.09442 1.09649 1.09191 1.10003 1.12819 1.12609 1.12479 1.09015 1.07697 1.13655 1.16754 1.16852 1.15903 1.1631 1.15405 1.19673 1.18978 1.0998 1.1143 1.12118 1.09905 1.08999 1.10562 1.1323 1.14338 1.15315 1.16828
20201213 1.09513 1.09593 1.07375 1.0855 1.0841 1.08482 1.1232 1.12277 1.12754 1.1214 1.19127 1.17599 1.10598 1.18715 1.14533 1.19478 1.21314 1.2254 1.21104 1.208 1.23047 1.2545 1.13484 1.1416 1.1111 1.083 1.10152 1.12875 1.14807 1.1525 1.16007 1.1701
20201214 1.10053 1.09304 1.07393 1.08509 1.09182 1.09446 1.07441 1.13704 1.11784 1.13526 1.13904 1.17353 1.10587 1.1499 1.17096 1.14184 1.16429 1.19133 1.19416 1.18306 1.20395 1.20687 1.10957 1.10722 1.04951 1.07455 1.08769 1.11328 1.12061 1.1126 1.13738 1.13657
20201215 1.06204 1.08763 1.07349 1.08829 1.085 1.09999 1.10572 1.09814 1.12738 1.1384 1.15797 1.15048 1.1038 1.17135 1.16349 1.15214 1.14207 1.14129 1.17398 1.16206 1.19567 1.19657 1.05004 1.04223 1.06842 1.07913 1.08943 1.12252 1.08823 1.08826 1.1103 1.16113
20201216 0.996159 1.00093 1.03888 1.04737 1.05831 1.05935 1.071 1.07101 1.09531 1.10485 1.11881 1.11284 1.07537 1.12773 1.16296 1.12573 1.14563 1.15464 1.13945 1.15054 1.15179 1.19258 1.01996 1.06097 1.08143 1.07003 1.0976 1.11706 1.07956 1.0944 1.13353 1.13652
20201217 1.00043 1.00153 0.97777 1.04687 1.04727 1.05681 1.0649 1.07852 1.08506 1.06882 1.09234 1.10378 1.02892 1.11655 1.13654 1.14973 1.1379 1.15828 1.1545 1.13538 1.14744 1.18338 1.04723 1.08348 1.0727 1.09411 1.1406 1.0977 1.10693 1.14422 1.14689 1.17211
20201218 1.00532 1.0065 0.994642 1.01398 1.05313 1.05954 1.06951 1.07807 1.10629 1.09768 1.10506 1.10965 1.01216 1.08955 1.11296 1.13944 1.15716 1.16416 1.16965 1.14239 1.16136 1.1835 1.04715 1.06058 1.07124 1.11275 1.10241 1.10608 1.13574 1.13573 1.15792 1.13509
20201219 1.03345 1.03423 1.0302 1.04136 1.04596 1.09352 1.08839 1.10021 1.12082 1.14649 1.12863 1.14389 1.04252 1.06353 1.13602 1.12738 1.1581 1.16549 1.19265 1.20061 1.1624 1.20005 1.06239 1.08848 1.10566 1.09902 1.09391 1.11247 1.1209 1.14094 1.12747 1.12698
20201220 1.06627 1.05746 1.03608 1.04548 1.04698 1.06969 1.11837 1.10341 1.11638 1.13928 1.14633 1.16731 1.09128 1.10396 1.11337 1.16008 1.173 1.19479 1.20021 1.21476 1.237 1.21138 1.10301 1.11868 1.11217 1.10073 1.10104 1.1143 1.14124 1.134 1.12543 1.13976
20201221 1.07775 1.04833 1.02375 1.0344 1.04226 1.05712 1.04743 1.1122 1.11845 1.11842 1.13009 1.11425 1.08283 1.12863 1.12281 1.12971 1.15643 1.17418 1.20284 1.21167 1.20803 1.23908 1.09544 1.09979 1.09358 1.08846 1.09336 1.10798 1.11868 1.10909 1.12699 1.12704
20201222 1.06869 1.06617 1.04602 1.05945 1.06257 1.06617 1.07306 1.07828 1.1364 1.12724 1.13149 1.16305 1.08715 1.11358 1.14722 1.141 1.12548 1.17059 1.18301 1.21642 1.20755 1.23725 1.07976 1.11001 1.10735 1.11216 1.10963 1.1072 1.09325 1.08903 1.12993 1.11707
20201223 1.03364 1.04039 1.04977 1.05823 1.06613 1.06507 1.08512 1.10797 1.09844 1.13061 1.11536 1.15999 1.07113 1.09617 1.11377 1.12137 1.10263 1.1032 1.14674 1.16506 1.18043 1.1889 1.06086 1.09497 1.10484 1.10287 1.08104 1.05744 1.04485 1.08265 1.08894 1.09277
20201224 1.0111 1.00905 1.00857 1.03336 1.03209 1.03168 1.04505 1.0569 1.06352 1.06413 1.12703 1.09561 1.05435 1.10192 1.11074 1.1044 1.11947 1.10261 1.12378 1.1471 1.15396 1.15989 1.0642 1.09132 1.11582 1.10504 1.08567 1.07271 1.08439 1.09672 1.08789 1.10344
20201225 1.03671 1.03496 1.01662 1.03123 1.0711 1.07209 1.07149 1.06549 1.0888 1.10055 1.09247 1.15641 1.031 1.08689 1.12233 1.14766 1.12709 1.14033 1.13563 1.15179 1.15245 1.15849 1.06867 1.10199 1.11299 1.07086 1.06649 1.05485 1.08328 1.08165 1.08682 1.13483
20201226 1.05013 1.04201 1.02769 1.03864 1.05541 1.09318 1.08726 1.09531 1.10963 1.13151 1.13498 1.15085 1.07668 1.0923 1.11962 1.13186 1.16455 1.1572 1.16261 1.16683 1.16449 1.16752 1.08085 1.12022 1.05295 1.06532 1.03668 1.07658 1.08517 1.08787 1.13379 1.10535
20201227 1.05801 1.04069 1.02556 1.02909 1.03988 1.04491 1.09036 1.09627 1.09014 1.12118 1.14229 1.17373 1.09295 1.13418 1.12289 1.14645 1.1477 1.17662 1.18675 1.20903 1.2004 1.19147 1.11423 1.05866 1.09601 1.07164 1.09628 1.12176 1.12603 1.14864 1.14074 1.14749
20201228 1.06655 1.0468 1.03088 1.04931 1.05669 1.04778 1.06313 1.10772 1.11479 1.13352 1.12213 1.16858 1.07079 1.12915 1.15102 1.1309 1.15306 1.14994 1.17829 1.20101 1.20379 1.21196 1.05521 1.07704 1.0752 1.08946 1.11548 1.13503 1.09949 1.1102 1.10842 1.135
20201229 1.03722 1.05286 1.03415 1.05582 1.05985 1.04788 1.06635 1.09182 1.13247 1.15673 1.12339 1.15965 1.08877 1.11403 1.14069 1.16611 1.16272 1.17097 1.17139 1.19812 1.21162 1.2021 1.06325 1.06767 1.07797 1.09642 1.10033 1.10702 1.08861 1.08191 1.11967 1.1316
20201230 1.0026 1.00786 1.03186 1.03183 1.04095 1.06184 1.04709 1.05444 1.08162 1.09045 1.0935 1.11074 1.04487 1.09802 1.12096 1.15543 1.16267 1.16299 1.14167 1.14823 1.16371 1.1797 1.05611 1.07513 1.08151 1.09064 1.10785 1.0894 1.0688 1.11854 1.10016 1.11639
20201231 1.00085 0.998859 0.987446 1.01808 1.04415 1.05069 1.06518 1.0643 1.06675 1.06411 1.08842 1.13616 1.0009 1.03687 1.08555 1.11875 1.14672 1.14572 1.14417 1.13332 1.14718 1.17263 1.04954 1.07115 1.08229 1.08694 1.07174 1.05459 1.09293 1.07593 1.09541 1.10857
20210804 1.10439 1.10719 1.11956 1.13648 1.1504 1.15424 1.1593 1.17637 1.18813 1.20439 1.22315 1.24728 1.11948 1.1727 1.17534 1.1821 1.20247 1.19253 1.21218 1.21385 1.24086 1.21786 1.15617 1.16894 1.15659 1.19409 1.21784 1.1553 1.15495 1.15999 1.18837 1.18984
20210805 1.10938 1.10745 1.08487 1.1255 1.13064 1.14209 1.15348 1.15812 1.17608 1.1881 1.19803 1.22148 1.11471 1.1681 1.18775 1.1912 1.18804 1.20754 1.1902 1.22663 1.22006 1.24318 1.14081 1.16054 1.18209 1.22313 1.18572 1.15145 1.15213 1.17049 1.19265 1.1942
20210806 1.10634 1.09712 1.07071 1.08085 1.10987 1.12363 1.13588 1.11953 1.12269 1.15135 1.13882 1.18791 1.10319 1.13809 1.1827 1.22564 1.18956 1.20243 1.22493 1.2142 1.25798 1.23628 1.1183 1.15369 1.18667 1.17999 1.13975 1.14176 1.14052 1.15678 1.14522 1.15444
20210807 1.08663 1.06772 1.04354 1.05229 1.06159 1.11038 1.12291 1.13173 1.15378 1.14511 1.17142 1.18163 1.12297 1.11149 1.15367 1.17916 1.23229 1.19896 1.22306 1.21501 1.21774 1.25262 1.13527 1.16613 1.16511 1.13439 1.13528 1.1354 1.13739 1.13815 1.14904 1.15905
20210808 1.08689 1.06824 1.06048 1.07333 1.07923 1.09069 1.12306 1.13562 1.14476 1.16264 1.1643 1.17806 1.08606 1.11027 1.10472 1.14634 1.16993 1.21833 1.19772 1.20675 1.21286 1.22196 1.11454 1.15055 1.11187 1.11327 1.12469 1.12615 1.1377 1.13575 1.14749 1.11925
20210809 1.11577 1.10353 1.07725 1.09048 1.10103 1.10581 1.11918 1.14645 1.17606 1.17847 1.19974 1.17942 1.12783 1.14726 1.15933 1.15381 1.1733 1.2178 1.24973 1.21856 1.22706 1.23925 1.13884 1.14572 1.13679 1.133 1.15339 1.17073 1.16699 1.16802 1.14275 1.14091
20210810 1.09112 1.10357 1.07097 1.0851 1.08295 1.10624 1.11063 1.1202 1.17802 1.17055 1.18697 1.21182 1.14668 1.16539 1.16848 1.1933 1.17246 1.16729 1.2153 1.23539 1.22796 1.24608 1.11225 1.11131 1.10953 1.12469 1.14577 1.15359 1.14867 1.11875 1.09654 1.14618
20210811 1.0578 1.06647 1.08149 1.08623 1.08786 1.09965 1.10458 1.0806 1.0911 1.17222 1.16633 1.19618 1.09403 1.14513 1.13795 1.13419 1.15306 1.13652 1.14212 1.17029 1.19715 1.2045 1.07035 1.09929 1.09674 1.11549 1.12115 1.11862 1.09932 1.07672 1.13356 1.09132
20210812 1.03038 1.03724 1.02304 1.08065 1.0824 1.09872 1.11126 1.11726 1.10876 1.12765 1.18884 1.19295 1.06641 1.10833 1.13814 1.1145 1.11695 1.11942 1.11426 1.13095 1.16802 1.19035 1.06497 1.08465 1.08641 1.10348 1.10329 1.09515 1.0944 1.13789 1.12402 1.12392
20210813 1.05182 1.04272 1.02891 1.03133 1.07659 1.07549 1.08663 1.09096 1.0898 1.08497 1.09979 1.18334 1.04497 1.10713 1.10764 1.13895 1.12579 1.13087 1.13193 1.13361 1.14626 1.17529 1.06878 1.07625 1.09938 1.09794 1.1092 1.12331 1.14347 1.14817 1.13706 1.15685
20210814 1.08257 1.07575 1.04016 1.04948 1.06094 1.10751 1.10877 1.12014 1.123 1.13167 1.15771 1.15133 1.11287 1.10784 1.15557 1.14652 1.16771 1.17808 1.17897 1.16424 1.16681 1.16873 1.09199 1.13786 1.10989 1.11146 1.12961 1.14933 1.164 1.17628 1.19217 1.16647
20210815 1.11953 1.11009 1.08807 1.0909 1.09091 1.11197 1.16992 1.16961 1.19798 1.19373 1.19502 1.21223 1.12569 1.16103 1.165 1.20256 1.20291 1.22296 1.2372 1.22475 1.22349 1.22283 1.15957 1.14218 1.13045 1.13106 1.14771 1.16467 1.17392 1.21025 1.17543 1.17833
20210816 1.13631 1.12182 1.09209 1.0989 1.11728 1.13901 1.12852 1.1779 1.17281 1.20586 1.20849 1.21858 1.13066 1.14566 1.17202 1.16561 1.19654 1.22935 1.25539 1.25734 1.2568 1.26276 1.11552 1.12694 1.12819 1.13762 1.14784 1.15362 1.1918 1.151 1.14527 1.1665
20210817 1.08398 1.10041 1.07024 1.08031 1.08895 1.10095 1.11663 1.13859 1.18833 1.17509 1.21686 1.21292 1.13408 1.12955 1.14717 1.174 1.14515 1.17478 1.2132 1.23086 1.22841 1.23275 1.09285 1.10193 1.1104 1.1113 1.12252 1.16904 1.12476 1.09838 1.12949 1.105
20210818 1.05256 1.05889 1.09182 1.10088 1.10034 1.11063 1.13188 1.14233 1.15456 1.19268 1.19805 1.20506 1.08826 1.13879 1.13292 1.13631 1.17056 1.12386 1.15068 1.17458 1.1963 1.20113 1.05743 1.08865 1.08584 1.09449 1.13113 1.10642 1.07479 1.11767 1.08491 1.10877
20210819 1.0412 1.0381 1.0128 1.05012 1.05695 1.07073 1.08635 1.09522 1.12535 1.11851 1.17371 1.15489 1.05353 1.10212 1.12843 1.13063 1.12153 1.15093 1.13341 1.15619 1.16985 1.18641 1.0817 1.09081 1.10428 1.1164 1.10524 1.08499 1.11441 1.0986 1.12257 1.12256
20210820 1.04933 1.04773 1.02486 1.02651 1.08078 1.08502 1.08721 1.11012 1.12163 1.13122 1.15159 1.16108 1.06896 1.08773 1.11979 1.14327 1.14967 1.13479 1.1705 1.14692 1.17747 1.174 1.07101 1.10468 1.11912 1.11049 1.10353 1.10864 1.12186 1.14416 1.14577 1.15115
20210821 1.01976 1.01713 0.98661 0.990736 0.996208 1.05242 1.05916 1.05412 1.06774 1.07541 1.10837 1.10577 1.02336 1.06299 1.0621 1.08277 1.11816 1.12384 1.11963 1.14693 1.11259 1.15023 1.04946 1.09373 1.08242 1.06753 1.06486 1.0997 1.11742 1.10946 1.101 1.09065
20210822 1.02352 1.02799 1.01677 1.0118 1.02771 1.02651 1.07679 1.08404 1.08603 1.08734 1.12675 1.13262 1.0501 1.06665 1.09489 1.07661 1.11403 1.14549 1.14795 1.14191 1.16459 1.13456 1.07625 1.08034 1.0709 1.07168 1.08938 1.10856 1.12412 1.109 1.09507 1.07904
20210823 1.05788 1.06602 1.03906 1.04841 1.05201 1.04845 1.0447 1.12361 1.13736 1.11978 1.13155 1.16945 1.05861 1.09632 1.12571 1.15418 1.13798 1.17067 1.1903 1.19981 1.20381 1.21714 1.07708 1.08354 1.09123 1.09715 1.12323 1.1302 1.12936 1.11916 1.09165 1.09542
20210824 1.04114 1.06864 1.05809 1.06393 1.08408 1.08254 1.10205 1.108 1.14376 1.17358 1.17554 1.17369 1.06958 1.06373 1.10699 1.13934 1.14938 1.14371 1.16359 1.1901 1.20257 1.21522 1.05808 1.08542 1.10272 1.11297 1.11454 1.12251 1.10466 1.06694 1.08121 1.10776
20210825 1.0311 1.03744 1.0473 1.06129 1.06234 1.05903 1.0572 1.07593 1.09176 1.13803 1.14959 1.17292 1.07066 1.12236 1.08357 1.11421 1.13972 1.14232 1.15104 1.16618 1.1861 1.19394 1.07578 1.12023 1.122 1.09635 1.1262 1.09046 1.06374 1.08536 1.10969 1.1103
20210826 1.05625 1.056 1.02632 1.06772 1.06821 1.09956 1.10572 1.08498 1.1155 1.11596 1.16016 1.16262 1.06895 1.11948 1.14657 1.11313 1.13701 1.14456 1.15139 1.15918 1.18395 1.18717 1.09258 1.13404 1.09598 1.14824 1.10838 1.09351 1.10979 1.13126 1.1159 1.15939
20210827 1.06181 1.05998 1.03403 1.04883 1.08791 1.08006 1.08626 1.11799 1.10191 1.12972 1.14782 1.19626 1.07492 1.11233 1.14246 1.17783 1.1391 1.15422 1.15005 1.15926 1.16762 1.20329 1.1225 1.10122 1.14116 1.10566 1.10025 1.10107 1.12634 1.11258 1.1686 1.17948
20210828 1.10917 1.1165 1.07936 1.08489 1.09537 1.13439 1.1328 1.14314 1.19666 1.13454 1.15841 1.16135 1.11345 1.1379 1.15043 1.18267 1.20884 1.1655 1.17774 1.15469 1.17077 1.18478 1.10834 1.1607 1.11096 1.1084 1.1232 1.14638 1.14736 1.19798 1.20433 1.19266
20210829 1.08256 1.09169 1.07148 1.07134 1.08068 1.10118 1.14395 1.15233 1.15232 1.20047 1.18188 1.18653 1.11162 1.15585 1.16174 1.16727 1.19538 1.21701 1.19112 1.20928 1.19374 1.20441 1.12942 1.11503 1.10613 1.13224 1.15756 1.17289 1.18799 1.19924 1.18676 1.13946
20210830 1.08735 1.07729 1.05851 1.06862 1.0724 1.08736 1.08919 1.13017 1.16286 1.16431 1.18233 1.18998 1.09627 1.13828 1.15787 1.15147 1.15236 1.18366 1.20057 1.1808 1.19399 1.20824 1.0688 1.07743 1.0962 1.12025 1.14248 1.14259 1.15243 1.1499 1.10099 1.10315
20210831 1.06962 1.0828 1.07214 1.07614 1.07705 1.08225 1.09369 1.12478 1.15208 1.17301 1.15319 1.17908 1.12803 1.15641 1.18956 1.16595 1.17077 1.16613 1.18 1.20349 1.18346 1.18315 1.09434 1.12438 1.13898 1.16894 1.16121 1.16559 1.17579 1.13423 1.11816 1.18713
20210901 1.06823 1.07154 1.09274 1.10523 1.11421 1.12041 1.1364 1.11065 1.14446 1.1796 1.193 1.18343 1.09405 1.17542 1.1824 1.18942 1.18864 1.19866 1.17356 1.18027 1.21751 1.1786 1.09035 1.12333 1.15401 1.16113 1.15458 1.14756 1.1116 1.08725 1.15653 1.14412
20210902 1.05155 1.0566 1.03977 1.09996 1.11162 1.11988 1.11995 1.14027 1.16984 1.16142 1.18818 1.18509 1.06636 1.13212 1.18728 1.19911 1.18473 1.18038 1.19374 1.17631 1.19721 1.21642 1.08439 1.13734 1.15145 1.13751 1.13526 1.10198 1.08178 1.12931 1.13376 1.15298
20210903 1.06883 1.064 1.04183 1.0587 1.09783 1.11156 1.13188 1.1373 1.1422 1.14898 1.13496 1.19718 1.07503 1.09987 1.13939 1.20132 1.21764 1.18895 1.17832 1.20535 1.19433 1.22246 1.12562 1.16233 1.14643 1.15354 1.12501 1.10588 1.12691 1.14393 1.15756 1.17546
20210904 1.05118 1.04954 1.03293 1.03756 1.04291 1.1006 1.0958 1.10709 1.12654 1.13491 1.16671 1.14332 1.06415 1.07679 1.08601 1.12154 1.18341 1.18975 1.1844 1.1828 1.18895 1.16791 1.08461 1.12103 1.11154 1.09863 1.1019 1.1021 1.10331 1.1196 1.14653 1.13759
20210906 1.07554 1.06557 1.04696 1.03782 1.05137 1.05199 1.08474 1.12895 1.15069 1.15387 1.18038 1.15762 1.07414 1.10071 1.11358 1.12671 1.16019 1.17366 1.19548 1.18748 1.19722 1.20138 1.08015 1.08895 1.10763 1.09449 1.09175 1.08267 1.11714 1.08491 1.10432 1.12849
20210907 1.02935 1.04499 1.02606 1.04286 1.03661 1.03905 1.05121 1.06457 1.1506 1.14441 1.14978 1.18756 1.08731 1.11257 1.11869 1.1327 1.12525 1.16551 1.17546 1.20897 1.19785 1.20256 1.06522 1.11503 1.09423 1.10182 1.11532 1.11977 1.08929 1.11967 1.10216 1.12053
20210908 1.04446 1.04852 1.08654 1.09216 1.10399 1.10363 1.10347 1.10281 1.12276 1.15787 1.18274 1.19775 1.0869 1.15047 1.1681 1.16693 1.14891 1.13346 1.16883 1.16892 1.22162 1.21533 1.07978 1.12819 1.12459 1.15992 1.15045 1.12034 1.16138 1.10622 1.13365 1.16716
20210909 1.06164 1.06834 1.06457 1.12034 1.13051 1.13321 1.1525 1.17899 1.14292 1.18047 1.20174 1.23743 1.10381 1.15362 1.18811 1.21223 1.21005 1.16595 1.17053 1.18899 1.17984 1.25628 1.15402 1.16547 1.16737 1.17578 1.13872 1.14791 1.12636 1.14312 1.19397 1.19826
20210910 1.06993 1.0836 1.07133 1.08386 1.1261 1.13484 1.13935 1.16827 1.18327 1.16556 1.20199 1.18721 1.06889 1.10978 1.14119 1.18914 1.19446 1.17363 1.13965 1.16178 1.16315 1.17981 1.12438 1.15118 1.15774 1.13688 1.15336 1.12707 1.14821 1.16475 1.19218 1.16753
20210911 1.08666 1.08903 1.0862 1.08575 1.0806 1.12333 1.1298 1.15182 1.16418 1.20066 1.22248 1.21537 1.08969 1.10674 1.12404 1.14879 1.18552 1.17053 1.15688 1.16425 1.16397 1.15207 1.11144 1.16686 1.15464 1.13802 1.14348 1.15269 1.13547 1.17671 1.15971 1.18392
20210912 1.01307 1.01267 1.00595 1.02071 1.01985 1.03366 1.05586 1.05745 1.08266 1.09956 1.1594 1.19925 1.06411 1.08262 1.07433 1.10676 1.12413 1.14166 1.12696 1.11789 1.13315 1.12714 1.07665 1.08992 1.05889 1.07483 1.11172 1.09075 1.11599 1.11937 1.13936 1.13303
20210913 1.02547 1.01845 1.0018 1.01229 1.01835 1.0142 1.02916 1.08006 1.07636 1.10396 1.14584 1.17132 1.02688 1.07341 1.09673 1.07603 1.09621 1.1299 1.15015 1.11404 1.11413 1.11548 1.04676 1.06611 1.05956 1.09538 1.10595 1.09364 1.11363 1.13783 1.15329 1.10606
20210914 1.02924 1.04495 1.03058 1.03819 1.04653 1.05642 1.04492 1.0588 1.09567 1.11326 1.11326 1.18008 1.05305 1.0767 1.08911 1.10831 1.08551 1.09572 1.13716 1.14798 1.12608 1.12949 1.05585 1.09653 1.10448 1.12993 1.11016 1.10911 1.12596 1.1384 1.11209 1.10625
20210915 1.03153 1.04082 1.05206 1.05474 1.05847 1.07289 1.08782 1.0747 1.08603 1.11243 1.16295 1.17008 1.07783 1.11378 1.0953 1.1279 1.14146 1.12381 1.12579 1.1637 1.168 1.16796 1.08723 1.10643 1.11636 1.10372 1.1148 1.11756 1.102 1.0907 1.08944 1.08085
20210916 1.03585 1.05545 1.04642 1.07191 1.0936 1.09586 1.1058 1.09696 1.09921 1.10608 1.14144 1.15807 1.05463 1.12014 1.14789 1.1339 1.15521 1.16279 1.17994 1.16852 1.20508 1.21099 1.08743 1.11979 1.12287 1.13202 1.12988 1.11826 1.09059 1.11172 1.05933 1.09021
20210917 1.04032 1.04454 1.01803 1.03461 1.06913 1.06344 1.08699 1.09071 1.10436 1.11833 1.16402 1.18872 1.05644 1.08665 1.12938 1.1667 1.16911 1.17508 1.16973 1.18757 1.16417 1.19434 1.09428 1.13699 1.10888 1.12282 1.11874 1.09915 1.11392 1.07526 1.09806 1.12901
20210918 1.0319 1.04308 1.02439 1.03434 1.04291 1.07746 1.09261 1.1039 1.11993 1.10119 1.13427 1.16146 1.05001 1.08541 1.10338 1.14486 1.1656 1.17885 1.18875 1.15816 1.16935 1.1516 1.11539 1.1309 1.10075 1.11268 1.108 1.10688 1.08585 1.09791 1.13689 1.11577
20210919 1.05209 1.05742 1.03663 1.04195 1.05 1.05206 1.09004 1.10418 1.12103 1.13071 1.13695 1.15464 1.05403 1.09556 1.07918 1.10192 1.13027 1.13756 1.14245 1.13825 1.14284 1.15705 1.10449 1.10572 1.08406 1.08231 1.0982 1.11416 1.13865 1.12452 1.11487 1.11665
20210920 1.02947 1.02641 1.01648 1.02798 1.02664 1.03404 1.03817 1.0781 1.11534 1.10539 1.09782 1.11621 1.0591 1.10737 1.08155 1.11011 1.08639 1.10079 1.12096 1.13697 1.15199 1.17819 1.07616 1.06445 1.04968 1.09254 1.1277 1.16317 1.14845 1.11969 1.10029 1.11355
20210921 1.04462 1.06682 1.04154 1.05452 1.05808 1.07037 1.06683 1.07119 1.11755 1.153 1.14888 1.17017 1.07711 1.14125 1.16762 1.14642 1.16702 1.1337 1.14597 1.18053 1.21145 1.21379 1.05789 1.07329 1.11826 1.15904 1.18304 1.19258 1.14264 1.13606 1.14392 1.14607
20210922 1.00406 1.00751 1.0365 1.05375 1.06442 1.08756 1.09113 1.10826 1.08657 1.1573 1.1658 1.19741 1.07055 1.1495 1.16728 1.17869 1.18319 1.19109 1.1653 1.18514 1.2084 1.21929 1.08134 1.15255 1.18317 1.21125 1.21944 1.18692 1.18189 1.16841 1.18971 1.20545
20210923 1.0349 1.03825 1.01655 1.07833 1.07169 1.09397 1.10788 1.10799 1.14125 1.15868 1.18321 1.13146 1.03115 1.10537 1.14625 1.16144 1.19782 1.19084 1.20666 1.18714 1.20294 1.21003 1.12298 1.16661 1.22914 1.21937 1.18977 1.17048 1.16222 1.1666 1.19017 1.20198
20210924 1.06694 1.06569 1.04057 1.03449 1.10052 1.09911 1.13424 1.12829 1.12628 1.16799 1.13811 1.20277 1.04017 1.081 1.12012 1.14318 1.15547 1.19253 1.1687 1.2044 1.16643 1.1772 1.10676 1.19915 1.1877 1.16769 1.13728 1.15167 1.15187 1.16904 1.17935 1.21
20210925 1.06014 1.04885 1.01222 1.01381 1.01979 1.07125 1.08726 1.1372 1.15211 1.13646 1.18275 1.15598 1.09707 1.11331 1.12538 1.16768 1.1877 1.20182 1.20968 1.19445 1.21445 1.18969 1.14146 1.18317 1.18247 1.13014 1.17682 1.15977 1.1785 1.19505 1.22238 1.21508
20210926 1.06913 1.06433 1.06198 1.05932 1.06343 1.07648 1.13398 1.11228 1.14321 1.18395 1.18457 1.199 1.07694 1.14268 1.12593 1.14754 1.17881 1.20739 1.22006 1.21672 1.19512 1.20505 1.13912 1.16303 1.11478 1.17251 1.17349 1.18482 1.20725 1.22019 1.22855 1.22039
20210927 1.08912 1.08315 1.06355 1.0762 1.07678 1.09218 1.09371 1.15119 1.16831 1.13859 1.1778 1.1507 1.08809 1.13124 1.16177 1.14905 1.16073 1.18443 1.20714 1.22082 1.20807 1.19128 1.12111 1.11321 1.13345 1.16515 1.17312 1.19228 1.19702 1.21259 1.22279 1.19295
20210928 1.06289 1.06767 1.05417 1.06656 1.07103 1.07908 1.07093 1.09288 1.12236 1.15489 1.1807 1.18292 1.09364 1.11065 1.12847 1.15324 1.13897 1.15193 1.1797 1.19084 1.20904 1.21934 1.08275 1.10723 1.12601 1.14413 1.163 1.18713 1.18107 1.18501 1.17509 1.17778
20210929 1.02937 1.03487 1.06295 1.07409 1.07102 1.06589 1.0713 1.09508 1.06845 1.13367 1.14365 1.16262 1.06908 1.13378 1.13965 1.11933 1.12755 1.14962 1.16394 1.18981 1.19076 1.20927 1.08564 1.12414 1.12525 1.13995 1.16573 1.19025 1.17089 1.15711 1.16684 1.1776
20210930 1.04641 1.04086 1.02107 1.05367 1.07571 1.06507 1.08669 1.11858 1.10935 1.11209 1.14307 1.16009 1.07441 1.13441 1.17713 1.16337 1.14914 1.17407 1.20367 1.20976 1.22715 1.21835 1.11441 1.13826 1.13336 1.14547 1.17148 1.16361 1.16764 1.17002 1.19015 1.2234
20211001 1.07298 1.0728 1.06052 1.07476 1.10965 1.12021 1.12895 1.14723 1.12975 1.1625 1.15419 1.18569 1.0462 1.11617 1.1313 1.18258 1.17479 1.16852 1.20722 1.21523 1.21666 1.24001 1.10106 1.12556 1.13623 1.14242 1.12549 1.16964 1.16416 1.18766 1.22378 1.22423
20211002 1.05394 1.05073 1.03893 1.04877 1.0685 1.10347 1.11674 1.12627 1.15037 1.13662 1.17932 1.19897 1.07306 1.07664 1.11833 1.1112 1.1776 1.17477 1.16664 1.19624 1.22075 1.2233 1.09271 1.11981 1.12445 1.10925 1.13845 1.13998 1.16566 1.20361 1.19682 1.16999
20211003 1.09888 1.09392 1.07162 1.07161 1.08294 1.09157 1.15564 1.15726 1.16699 1.16874 1.17649 1.21234 1.09299 1.1302 1.12594 1.15516 1.14581 1.19942 1.20612 1.20421 1.22579 1.25373 1.12929 1.1626 1.13156 1.13901 1.16549 1.18696 1.21992 1.22494 1.19392 1.17887
20211004 1.12171 1.12595 1.09823 1.10009 1.10493 1.11495 1.12361 1.17583 1.16503 1.19071 1.18457 1.18274 1.151 1.14946 1.17719 1.16752 1.18647 1.19905 1.22004 1.21433 1.22593 1.25618 1.15655 1.16021 1.15949 1.2007 1.20686 1.23913 1.21956 1.2043 1.18207 1.20531
20211005 1.09852 1.13229 1.09125 1.09892 1.10572 1.11805 1.11607 1.12825 1.19324 1.21832 1.22725 1.22587 1.15575 1.19001 1.17463 1.18653 1.17436 1.20047 1.22373 1.21268 1.21678 1.23496 1.12425 1.16373 1.18866 1.19577 1.23336 1.20217 1.19419 1.15025 1.17568 1.14476
20211006 1.05503 1.06214 1.08462 1.09807 1.0992 1.09658 1.12685 1.111 1.13595 1.18081 1.19366 1.20468 1.09213 1.18267 1.17054 1.18297 1.16417 1.16313 1.18818 1.19949 1.20869 1.2172 1.10767 1.17002 1.16504 1.19905 1.17271 1.18025 1.12722 1.1429 1.16498 1.15786
20211007 1.07418 1.06791 1.05237 1.08613 1.09797 1.10462 1.12129 1.1266 1.1363 1.14211 1.18037 1.2124 1.09406 1.14127 1.18421 1.17853 1.1844 1.16512 1.15989 1.17995 1.20457 1.20514 1.12995 1.16801 1.17523 1.16957 1.16836 1.12962 1.16544 1.17327 1.15675 1.15121
20211008 1.07316 1.0745 1.05627 1.06741 1.11461 1.1108 1.1124 1.13266 1.13212 1.14084 1.19077 1.17553 1.09126 1.15088 1.16071 1.21186 1.20548 1.18552 1.17575 1.18112 1.18804 1.20797 1.13668 1.17513 1.17596 1.16438 1.1218 1.18688 1.17357 1.16804 1.1551 1.17378
20211009 1.10496 1.10187 1.08832 1.09649 1.10064 1.16209 1.14599 1.17134 1.18143 1.17501 1.19281 1.24154 1.11452 1.14754 1.17368 1.17404 1.24128 1.22206 1.20077 1.20392 1.2178 1.21112 1.16427 1.18143 1.17207 1.12262 1.16983 1.17027 1.18863 1.1906 1.20613 1.20545
20211010 1.09248 1.09926 1.09358 1.09773 1.08956 1.10084 1.13851 1.1469 1.13966 1.18982 1.19411 1.23312 1.11498 1.15605 1.16042 1.16773 1.14535 1.22294 1.22358 1.22308 1.22784 1.23301 1.144 1.15454 1.11833 1.1525 1.1557 1.15569 1.19169 1.23898 1.21315 1.20128
20211011 1.07391 1.07504 1.07621 1.08674 1.09982 1.10785 1.09962 1.13096 1.13304 1.14943 1.19613 1.22055 1.10493 1.1272 1.13034 1.13389 1.15247 1.14864 1.19689 1.21391 1.21123 1.19347 1.11646 1.10626 1.13866 1.14392 1.14475 1.15651 1.21109 1.19578 1.18797 1.18413
20211012 1.05359 1.07931 1.08177 1.08486 1.10526 1.09593 1.10573 1.11814 1.1524 1.15556 1.17948 1.18083 1.08357 1.14593 1.12592 1.11185 1.14305 1.13731 1.17114 1.20965 1.204 1.20294 1.06969 1.13856 1.14743 1.14784 1.14918 1.17139 1.17664 1.16434 1.14869 1.18046
20211013 1.01538 1.01737 1.04098 1.05719 1.05102 1.07685 1.09888 1.0906 1.08779 1.15289 1.14826 1.16828 1.05523 1.12183 1.13867 1.1297 1.1207 1.14233 1.12965 1.16774 1.21726 1.19963 1.09447 1.12747 1.11566 1.12683 1.15841 1.15687 1.14384 1.10846 1.16356 1.19699
20211014 1.0251 1.0215 0.99976 1.04794 1.06074 1.05479 1.06335 1.08515 1.08893 1.09755 1.10799 1.13037 1.00957 1.09039 1.12786 1.13621 1.12788 1.13821 1.13685 1.14221 1.17739 1.21246 1.09134 1.10889 1.12036 1.14863 1.14973 1.11847 1.08438 1.12992 1.15002 1.18681
20211015 1.02817 1.02468 1.0077 1.0195 1.06409 1.06793 1.07492 1.08581 1.12036 1.10862 1.10937 1.15299 1.02215 1.01787 1.08805 1.13206 1.1547 1.12564 1.13109 1.13143 1.14816 1.17924 1.05271 1.11138 1.1049 1.10306 1.0629 1.06142 1.07493 1.10009 1.13652 1.14202
20211016 1.0181 1.02247 1.02434 1.01788 1.02593 1.05893 1.05985 1.06177 1.05298 1.14256 1.13274 1.15477 1.08292 1.10562 1.07321 1.12924 1.17891 1.19988 1.17181 1.17342 1.16347 1.1648 1.10777 1.12954 1.11327 1.07691 1.07352 1.09358 1.12029 1.12544 1.15945 1.14652
20211017 1.07492 1.07297 1.05347 1.05484 1.04932 1.05358 1.11325 1.11417 1.09924 1.13274 1.16294 1.15217 1.08153 1.14365 1.15289 1.12568 1.17612 1.21375 1.22746 1.22784 1.21129 1.17991 1.15596 1.14836 1.14444 1.10209 1.1246 1.15234 1.16256 1.17895 1.15693 1.1516
20211018 1.06842 1.06813 1.06308 1.07479 1.06463 1.05508 1.07678 1.13333 1.15873 1.14431 1.16656 1.17909 1.09577 1.14357 1.14554 1.15973 1.14088 1.19731 1.23143 1.26094 1.2542 1.21347 1.1014 1.14145 1.13946 1.12461 1.11943 1.17328 1.17011 1.13342 1.13406 1.18015
20211019 1.02817 1.05226 1.03767 1.04151 1.04543 1.04684 1.04654 1.06582 1.15699 1.15854 1.1514 1.19239 1.08078 1.16737 1.17876 1.17958 1.18047 1.17899 1.2238 1.27221 1.29342 1.27045 1.08652 1.15297 1.13435 1.13189 1.13171 1.15609 1.12949 1.13309 1.16495 1.17799
20211020 1.02338 1.02906 1.05679 1.05936 1.07105 1.08745 1.07507 1.10201 1.08123 1.14667 1.17768 1.17664 1.05911 1.15275 1.22309 1.20571 1.18927 1.19536 1.19361 1.23918 1.28332 1.30205 1.10364 1.12436 1.14194 1.11191 1.16561 1.16065 1.11935 1.15042 1.1749 1.15705
20211021 1.03717 1.04114 1.03727 1.08699 1.08787 1.09303 1.12289 1.12569 1.12277 1.11067 1.16234 1.16676 1.05124 1.12794 1.17057 1.21989 1.19121 1.18861 1.17396 1.18136 1.19 1.24192 1.07675 1.13318 1.1199 1.17676 1.17051 1.11597 1.13827 1.17461 1.16109 1.17335
20211022 1.02648 1.02756 1.00543 1.01002 1.04425 1.0497 1.05818 1.06897 1.08184 1.11926 1.12429 1.18401 1.08439 1.09833 1.1301 1.15387 1.17228 1.18355 1.19893 1.17341 1.15874 1.17406 1.09703 1.14419 1.14986 1.10929 1.10683 1.12375 1.13367 1.16357 1.18162 1.22199
20211023 1.03689 1.03309 0.999349 1.01791 1.02039 1.03229 1.04002 1.03359 1.06706 1.07336 1.08396 1.14122 1.04729 1.13304 1.10808 1.11803 1.12502 1.15463 1.19564 1.19592 1.18698 1.1711 1.11063 1.14556 1.07864 1.07487 1.11227 1.09561 1.11635 1.16112 1.17501 1.16636
20211024 1.03586 1.03207 1.01023 1.02364 1.02087 1.03179 1.05054 1.07228 1.07533 1.09412 1.10249 1.08814 1.03403 1.05301 1.10273 1.06661 1.09269 1.11266 1.15405 1.16412 1.17895 1.19456 1.09126 1.08612 1.0519 1.10146 1.11541 1.11249 1.13528 1.16185 1.14523 1.13881
20211025 1.04015 1.03249 1.01797 1.02959 1.03479 1.04089 1.05239 1.08509 1.09681 1.08917 1.10303 1.15793 1.05674 1.07476 1.04742 1.07803 1.0704 1.10069 1.13832 1.15328 1.14824 1.16161 1.06567 1.05067 1.09076 1.11403 1.11566 1.11385 1.17039 1.17243 1.15436 1.12938
20211026 1.04393 1.04419 1.02906 1.04368 1.05104 1.04731 1.06004 1.06366 1.10482 1.12028 1.1463 1.17951 1.10228 1.14947 1.11466 1.1013 1.15087 1.1537 1.18616 1.19182 1.20142 1.22223 1.05304 1.11587 1.09307 1.12331 1.13979 1.16562 1.20619 1.15775 1.14189 1.13914
20211027 1.01802 1.02232 1.02617 1.02968 1.04442 1.05437 1.05198 1.05976 1.09921 1.14135 1.12184 1.2066 1.07013 1.1552 1.16943 1.12592 1.14196 1.19133 1.17599 1.20892 1.19404 1.22955 1.09715 1.09457 1.08552 1.12578 1.13558 1.17328 1.12617 1.12026 1.11448 1.16048
20211028 1.02682 1.02522 1.01217 1.05702 1.05069 1.04778 1.08213 1.07157 1.09516 1.09239 1.1419 1.13907 1.02794 1.09181 1.12889 1.14099 1.12854 1.13398 1.16184 1.14038 1.15495 1.1796 1.07475 1.08355 1.10593 1.12058 1.11246 1.09484 1.10964 1.11718 1.14374 1.13846
20211029 1.03037 1.0296 1.0186 1.03282 1.06626 1.07811 1.08826 1.08157 1.13236 1.14406 1.13434 1.1895 1.06027 1.08894 1.10819 1.13531 1.17115 1.1449 1.15613 1.17276 1.16395 1.1575 1.09666 1.10829 1.11199 1.11017 1.07804 1.11771 1.12192 1.14775 1.13506 1.13896
20211030 1.04538 1.03675 1.01442 1.02243 1.01772 1.06697 1.07012 1.06614 1.08133 1.09901 1.13882 1.10429 1.03786 1.10376 1.08338 1.10717 1.16901 1.18214 1.14223 1.15708 1.18363 1.16321 1.10649 1.11399 1.12042 1.07836 1.11109 1.13243 1.1526 1.15044 1.15551 1.14542
20211031 1.06985 1.05738 1.05253 1.05882 1.06466 1.07306 1.09914 1.09512 1.11071 1.14869 1.14104 1.1267 1.02623 1.06703 1.11994 1.07171 1.11104 1.17397 1.17049 1.1442 1.16877 1.18209 1.10952 1.10796 1.09411 1.10895 1.13962 1.15584 1.16581 1.15436 1.14423 1.15116
20211101 1.05442 1.05332 1.02496 1.0347 1.04213 1.04061 1.03935 1.08284 1.11064 1.11653 1.13842 1.14163 1.06466 1.11863 1.11337 1.14974 1.10353 1.15668 1.19035 1.21087 1.20419 1.19197 1.10248 1.11049 1.13553 1.1395 1.15635 1.1703 1.16943 1.14923 1.13049 1.18608
20211102 1.03205 1.0424 1.01802 1.0225 1.02586 1.02048 1.04704 1.04679 1.07515 1.10102 1.1189 1.14829 1.03016 1.09116 1.10842 1.12347 1.15449 1.12189 1.18461 1.2297 1.22512 1.2174 1.06551 1.13004 1.13586 1.13705 1.15734 1.14457 1.12681 1.1088 1.16035 1.16282
20211103 0.996482 0.99959 1.03464 1.04641 1.04633 1.05831 1.07809 1.07215 1.08146 1.1006 1.12275 1.14097 1.04203 1.08832 1.0858 1.10924 1.13176 1.14209 1.14391 1.16907 1.21688 1.18535 1.06791 1.10909 1.10987 1.11342 1.10262 1.10632 1.1191 1.14204 1.14821 1.18244
20211104 1.01827 1.01295 1.00105 1.06321 1.06929 1.08238 1.08068 1.10021 1.11865 1.12044 1.1515 1.16077 1.0313 1.12153 1.14406 1.11437 1.11798 1.1425 1.14211 1.14641 1.163 1.18797 1.06618 1.09455 1.09834 1.1002 1.07575 1.09913 1.11971 1.12004 1.1805 1.16465
20211105 1.03853 1.0398 1.02055 1.0373 1.09199 1.08938 1.10309 1.11104 1.09814 1.12209 1.10373 1.17031 1.04203 1.09032 1.13767 1.16405 1.14827 1.14527 1.17084 1.15969 1.15724 1.18854 1.08623 1.11208 1.11423 1.10524 1.10747 1.12158 1.11624 1.16481 1.1676 1.17089
20211106 1.06305 1.0646 1.05202 1.05692 1.06883 1.13171 1.09257 1.13141 1.1329 1.12375 1.15504 1.14189 1.06254 1.09586 1.11943 1.13475 1.18463 1.17314 1.1725 1.18695 1.15336 1.17209 1.10543 1.13658 1.12119 1.10626 1.11196 1.11308 1.15822 1.1635 1.16163 1.15606
20211107 1.06669 1.05763 1.01478 1.03513 1.03445 1.05805 1.11357 1.12882 1.13811 1.14275 1.16517 1.17394 1.0932 1.10256 1.11872 1.14167 1.17164 1.2278 1.20543 1.20507 1.19445 1.18992 1.12602 1.1211 1.08971 1.10246 1.09841 1.15883 1.16227 1.18183 1.14655 1.11466
20211108 1.03803 1.02705 1.01686 1.01951 1.03844 1.02563 1.0174 1.08169 1.08138 1.13563 1.08534 1.17465 1.06818 1.09888 1.08291 1.11852 1.15286 1.18284 1.22225 1.18411 1.1944 1.17569 1.07237 1.05871 1.09035 1.08789 1.11594 1.11733 1.14432 1.12347 1.09601 1.12429
20211109 1.05222 1.05687 1.03732 1.05024 1.05335 1.06007 1.0575 1.10327 1.15949 1.12239 1.1694 1.12135 1.07859 1.1274 1.13377 1.12341 1.15387 1.16974 1.20236 1.21891 1.19363 1.21196 1.07095 1.1188 1.12069 1.15884 1.14512 1.14995 1.15423 1.13883 1.14162 1.15492
20211110 1.06448 1.07208 1.08971 1.09993 1.1099 1.1137 1.12685 1.16098 1.15547 1.2096 1.18723 1.23795 1.08376 1.13135 1.12889 1.14492 1.15329 1.17602 1.18878 1.20818 1.21749 1.22002 1.10868 1.13219 1.17772 1.17751 1.18171 1.1685 1.15219 1.16881 1.17109 1.18451
20211111 1.05636 1.06402 1.03544 1.08405 1.08707 1.09661 1.08818 1.08181 1.10619 1.13333 1.20628 1.18885 1.07351 1.11441 1.146 1.10583 1.14173 1.1559 1.17234 1.19063 1.19162 1.20428 1.09384 1.14356 1.1661 1.17983 1.14106 1.09845 1.1409 1.15037 1.1704 1.17978
20211112 1.03518 1.03612 1.00976 1.01206 1.0758 1.07059 1.07987 1.11111 1.11477 1.10652 1.13675 1.17014 1.05227 1.0951 1.13523 1.15141 1.09308 1.13727 1.12812 1.15443 1.17498 1.17942 1.08719 1.16776 1.16482 1.12256 1.07044 1.09538 1.11701 1.14078 1.15491 1.1576
20211113 1.03029 1.0256 0.996048 1.01157 1.01092 1.05738 1.05717 1.09106 1.11756 1.09231 1.13991 1.12283 1.0568 1.07403 1.09386 1.14922 1.13238 1.10148 1.15092 1.14154 1.16478 1.19099 1.13594 1.14714 1.12042 1.0762 1.08832 1.11395 1.13816 1.13296 1.14983 1.16657
20211114 1.07288 1.0716 1.05847 1.05262 1.06834 1.07 1.09618 1.08052 1.13024 1.14045 1.16465 1.21324 1.05822 1.10792 1.11029 1.1196 1.13894 1.13383 1.16157 1.17625 1.17293 1.19531 1.14072 1.13591 1.09784 1.10531 1.13795 1.13863 1.13476 1.14745 1.17568 1.18114
20211115 1.07589 1.07142 1.05818 1.06732 1.06349 1.07002 1.04519 1.1008 1.147 1.18561 1.19066 1.16831 1.08461 1.1393 1.15398 1.15889 1.14733 1.15322 1.16055 1.20762 1.1823 1.16375 1.11867 1.09868 1.09891 1.12865 1.1616 1.14923 1.1539 1.17398 1.2089 1.19428
20211116 1.04919 1.06848 1.04897 1.05491 1.07544 1.0752 1.07399 1.10579 1.12814 1.15689 1.14539 1.1827 1.08073 1.12387 1.15265 1.15904 1.16016 1.13337 1.15076 1.19152 1.20226 1.15834 1.07452 1.0741 1.08803 1.10684 1.1217 1.13114 1.15534 1.15717 1.1643 1.16864
20211117 1.01932 1.02199 1.05448 1.0682 1.08096 1.09066 1.084 1.10084 1.1204 1.16174 1.14751 1.13315 1.06578 1.12577 1.12851 1.13541 1.1452 1.14391 1.12999 1.16358 1.18932 1.16509 1.05628 1.11704 1.10184 1.11292 1.12972 1.16688 1.12903 1.14552 1.15321 1.1458
20211118 1.0595 1.05953 1.03518 1.08266 1.09084 1.09031 1.11304 1.09564 1.10336 1.11205 1.16784 1.14516 1.062 1.11783 1.13951 1.15523 1.17929 1.16681 1.17654 1.17606 1.18055 1.18747 1.12483 1.13793 1.12015 1.14366 1.15357 1.14356 1.13177 1.16625 1.14775 1.15311
20211119 1.07896 1.07565 1.0465 1.05527 1.11702 1.12174 1.1305 1.13064 1.10585 1.13955 1.1701 1.18761 1.08282 1.12113 1.12274 1.1375 1.18374 1.21187 1.1823 1.1845 1.17991 1.18242 1.11193 1.15048 1.14297 1.12407 1.11811 1.10891 1.14018 1.15973 1.13095 1.12039
20211120 1.04566 1.04156 1.01321 1.02639 1.02691 1.0689 1.07396 1.08314 1.09402 1.09192 1.09397 1.13526 1.06748 1.08852 1.10379 1.0829 1.13322 1.1745 1.18987 1.13892 1.13537 1.12305 1.11247 1.11977 1.09557 1.0386 1.05837 1.07475 1.11739 1.11127 1.08678 1.09327
20211121 1.0552 1.05745 1.02425 1.0379 1.042 1.04166 1.0754 1.10186 1.09304 1.10938 1.10626 1.10843 1.06637 1.11308 1.08458 1.07894 1.09028 1.14943 1.1588 1.15622 1.11513 1.12391 1.08996 1.11941 1.03269 1.02623 1.06403 1.08582 1.09585 1.08072 1.11413 1.05988
20211122 1.0675 1.06803 1.06716 1.06648 1.05517 1.07273 1.08572 1.12601 1.13815 1.12991 1.12762 1.15189 1.07686 1.11473 1.1338 1.09021 1.09175 1.1326 1.15006 1.17228 1.18597 1.16323 1.10362 1.08087 1.05982 1.08865 1.10818 1.08798 1.10629 1.14041 1.08371 1.09787
20211123 1.03949 1.05923 1.04315 1.05745 1.08017 1.0814 1.08299 1.09811 1.15206 1.19305 1.20196 1.18841 1.10322 1.16158 1.15292 1.13408 1.14557 1.14761 1.16731 1.18253 1.24098 1.25763 1.06349 1.09295 1.10108 1.14314 1.11478 1.10788 1.14003 1.13745 1.15622 1.17499
20211124 1.02529 1.04691 1.08152 1.10551 1.11026 1.1055 1.10431 1.10772 1.10253 1.17933 1.2285 1.20951 1.0582 1.1354 1.1765 1.1484 1.13935 1.20506 1.15934 1.16429 1.21157 1.27018 1.08043 1.10588 1.14571 1.15033 1.12977 1.1433 1.13558 1.1654 1.17386 1.20844
20211125 1.02011 1.03224 1.0114 1.06475 1.07083 1.07634 1.06669 1.08328 1.10624 1.12605 1.15299 1.21101 1.04513 1.1027 1.15069 1.16174 1.15197 1.16006 1.20952 1.1504 1.16122 1.21846 1.07924 1.12593 1.13525 1.12246 1.12727 1.08835 1.12689 1.14278 1.1562 1.17683
20211126 1.02886 1.01686 1.00945 1.01109 1.07849 1.07951 1.07948 1.089 1.11138 1.10772 1.11801 1.17214 1.03382 1.0616 1.13985 1.16119 1.16645 1.15628 1.15859 1.21331 1.16349 1.18688 1.08973 1.11332 1.10831 1.11557 1.09437 1.12166 1.12152 1.13049 1.16127 1.19827
20211127 1.0532 1.04827 1.04453 1.06812 1.07454 1.1379 1.12292 1.10626 1.12354 1.14053 1.17256 1.13902 1.0407 1.11049 1.10909 1.17688 1.17789 1.18332 1.17739 1.17757 1.21698 1.18416 1.10052 1.11613 1.10835 1.11027 1.13194 1.1208 1.1476 1.16735 1.19025 1.16919
20211128 1.07322 1.06582 1.04927 1.06462 1.0705 1.07186 1.10926 1.11079 1.12003 1.11903 1.15375 1.15328 1.06257 1.10604 1.15164 1.15097 1.18591 1.18575 1.1864 1.17118 1.16224 1.22162 1.10881 1.11851 1.10329 1.13423 1.11953 1.14527 1.16345 1.1822 1.1504 1.11626
20211129 1.07913 1.07876 1.05582 1.07352 1.0708 1.07804 1.09161 1.12229 1.12639 1.13476 1.17043 1.17964 1.09499 1.12172 1.13395 1.1751 1.16253 1.18444 1.18442 1.20254 1.19035 1.1563 1.10871 1.10857 1.13508 1.14277 1.15555 1.17047 1.17464 1.16159 1.10571 1.12944
20211130 1.09098 1.11974 1.10303 1.11218 1.13386 1.12056 1.12207 1.12699 1.16191 1.18004 1.20574 1.20591 1.11611 1.1504 1.15415 1.15708 1.18894 1.17205 1.19596 1.20923 1.24387 1.21506 1.10677 1.1362 1.14651 1.16014 1.16703 1.17972 1.1591 1.13 1.14836 1.17529
20211201 1.03478 1.03816 1.089 1.09803 1.10017 1.11405 1.11913 1.11198 1.11823 1.15228 1.17643 1.21931 1.09179 1.14617 1.1631 1.14014 1.16334 1.18625 1.1874 1.24621 1.22702 1.26751 1.08445 1.11723 1.12789 1.1533 1.16137 1.15067 1.12507 1.15471 1.15521 1.1933
20211202 1.02725 1.03363 1.01943 1.09358 1.1084 1.1018 1.11036 1.11357 1.109 1.14614 1.16388 1.21043 1.03792 1.11698 1.14801 1.17219 1.16255 1.18629 1.19204 1.2015 1.24574 1.24226 1.07645 1.13064 1.15147 1.14476 1.14891 1.12022 1.16404 1.16242 1.18157 1.20302
20211203 1.05089 1.05087 1.03269 1.04743 1.12267 1.13592 1.1245 1.14523 1.13556 1.15879 1.19872 1.21903 1.06866 1.09257 1.14053 1.16653 1.16736 1.18307 1.17622 1.20039 1.18049 1.23852 1.11885 1.1706 1.15779 1.14123 1.13186 1.14045 1.16918 1.17368 1.17632 1.18788
20211204 1.0255 1.02817 1.01323 1.01914 1.02297 1.08077 1.13502 1.09237 1.10261 1.0971 1.10981 1.18163 1.05267 1.07348 1.07245 1.13165 1.14842 1.14861 1.16712 1.13862 1.18878 1.14138 1.09039 1.13648 1.12999 1.09834 1.10554 1.10443 1.13593 1.14539 1.14911 1.14869
20211205 0.996474 1.0031 0.987231 0.991087 0.98705 1.0028 1.06419 1.06276 1.08917 1.08133 1.16629 1.14182 1.02911 1.10081 1.0737 1.07626 1.14675 1.1449 1.16643 1.17898 1.16527 1.19076 1.10367 1.14146 1.08239 1.12313 1.08264 1.11857 1.15479 1.12894 1.12144 1.1373
20211206 1.0629 1.06144 1.04787 1.05595 1.05298 1.0506 1.04066 1.11586 1.13345 1.12473 1.13432 1.19241 1.04578 1.0946 1.11016 1.1095 1.11247 1.15204 1.16375 1.17762 1.20577 1.20977 1.12887 1.09173 1.11932 1.10093 1.101 1.14123 1.16552 1.12834 1.15296 1.14018
20211207 1.04688 1.06374 1.05795 1.07639 1.06943 1.07648 1.06475 1.06776 1.1206 1.15092 1.14087 1.15401 1.08627 1.09081 1.09986 1.09442 1.11046 1.09856 1.13056 1.16006 1.17062 1.19783 1.06067 1.10518 1.09252 1.10674 1.10499 1.13159 1.11973 1.12306 1.13961 1.17238
20211208 0.996432 1.00177 1.01486 1.02555 1.03017 1.02795 1.03643 1.05669 1.0573 1.17728 1.18182 1.13705 1.03547 1.10435 1.08327 1.10379 1.11618 1.12554 1.09629 1.15617 1.16291 1.18779 1.06932 1.07445 1.10266 1.10151 1.11659 1.10144 1.11277 1.12779 1.16411 1.17096
20211209 1.03971 1.04223 1.01062 1.06085 1.06331 1.06959 1.05877 1.06399 1.07993 1.09969 1.16767 1.18243 1.03481 1.08735 1.12073 1.10208 1.14954 1.15426 1.15571 1.13679 1.1932 1.17454 1.05734 1.09747 1.1091 1.11889 1.10745 1.10956 1.117 1.15727 1.17234 1.16711
20211210 1.02769 1.02484 1.01298 1.03218 1.071 1.07893 1.09966 1.09528 1.10563 1.09337 1.10005 1.16365 1.06436 1.07029 1.10853 1.11323 1.10843 1.15123 1.17229 1.14887 1.15137 1.2025 1.08115 1.12111 1.15431 1.11512 1.09228 1.0958 1.13576 1.15684 1.18804 1.20611
20211211 1.06968 1.06724 1.03555 1.05218 1.05244 1.09249 1.08364 1.11562 1.1076 1.13479 1.15316 1.16503 1.08711 1.13211 1.11903 1.16266 1.13899 1.15123 1.18237 1.18813 1.17954 1.16878 1.12416 1.1885 1.13387 1.10175 1.09863 1.14885 1.15444 1.18881 1.22346 1.20467
20211212 1.09691 1.09567 1.09636 1.10876 1.09999 1.10131 1.13478 1.15458 1.16341 1.16847 1.17172 1.18103 1.10131 1.14791 1.1633 1.17317 1.17555 1.17494 1.18916 1.2058 1.19259 1.21221 1.19786 1.13913 1.11838 1.11728 1.17043 1.14897 1.1953 1.22073 1.21024 1.19637
20211213 1.08881 1.08576 1.0689 1.08353 1.0867 1.0819 1.07763 1.14139 1.099 1.12178 1.13625 1.146 1.07406 1.08651 1.10503 1.12709 1.11105 1.13275 1.14912 1.16545 1.15041 1.15756 1.06929 1.06957 1.08695 1.1437 1.11577 1.12575 1.14636 1.14852 1.14406 1.1829
20211214 1.04611 1.06292 1.04313 1.05633 1.07099 1.08355 1.09076 1.07804 1.10758 1.10462 1.14128 1.11742 1.09896 1.10703 1.1032 1.13152 1.13298 1.11264 1.16222 1.13403 1.1494 1.16174 1.05115 1.08961 1.13441 1.11361 1.11041 1.13543 1.12101 1.11815 1.16789 1.147
20211215 0.996843 1.0007 1.02539 1.03622 1.03943 1.04322 1.06192 1.06856 1.06987 1.1066 1.12863 1.15712 1.03815 1.09084 1.10746 1.10371 1.12689 1.14576 1.12785 1.18284 1.13135 1.13663 1.04881 1.11722 1.11048 1.08937 1.11334 1.08696 1.09388 1.15203 1.13682 1.1318
20211216 1.01487 1.01816 1.01391 1.05499 1.05528 1.06437 1.08606 1.08366 1.10435 1.11662 1.15046 1.15513 1.03332 1.08321 1.11644 1.14711 1.13529 1.14204 1.19046 1.14904 1.19153 1.16184 1.10089 1.13447 1.11838 1.14059 1.10629 1.1041 1.1457 1.13464 1.12523 1.13317
20211217 1.07321 1.07295 1.06172 1.0746 1.10332 1.10481 1.12916 1.12623 1.12095 1.13404 1.15789 1.21332 1.09987 1.14892 1.18738 1.20323 1.20573 1.22186 1.21012 1.23633 1.20796 1.22156 1.14911 1.17283 1.19405 1.14668 1.13511 1.15289 1.13939 1.1514 1.17094 1.19463
20211218 1.09668 1.09838 1.07719 1.08777 1.09841 1.15272 1.12659 1.15046 1.1746 1.16425 1.1392 1.1884 1.11908 1.19089 1.19923 1.23747 1.23585 1.2011 1.23046 1.22206 1.24587 1.20898 1.15626 1.1974 1.15267 1.14722 1.15391 1.13659 1.14793 1.16544 1.1856 1.20136
20211219 1.12962 1.11981 1.08755 1.10525 1.10571 1.11688 1.15947 1.14434 1.15478 1.18428 1.17666 1.15831 1.10431 1.17701 1.20496 1.19921 1.23368 1.2147 1.19943 1.22095 1.21069 1.24479 1.1818 1.15618 1.16015 1.16287 1.14707 1.1688 1.16691 1.18271 1.20702 1.19287
20211220 1.11552 1.11028 1.10152 1.11224 1.11347 1.12235 1.14543 1.17159 1.16419 1.17489 1.19478 1.17786 1.09199 1.16718 1.21994 1.22782 1.2053 1.2425 1.21938 1.22956 1.23082 1.20027 1.10191 1.10942 1.13874 1.14615 1.15825 1.15629 1.15983 1.14655 1.17683 1.16885
20211221 1.06719 1.0927 1.07916 1.09328 1.09553 1.09757 1.09972 1.11981 1.18286 1.20735 1.19207 1.21266 1.12503 1.12697 1.16461 1.21016 1.21214 1.20931 1.23599 1.22547 1.23396 1.23744 1.07686 1.13014 1.14571 1.15014 1.14476 1.16172 1.13122 1.14219 1.17243 1.16422
20211222 1.05363 1.05895 1.08385 1.08417 1.09072 1.10299 1.12313 1.1418 1.1656 1.19908 1.22882 1.21124 1.13309 1.17612 1.17121 1.19266 1.20629 1.21421 1.21613 1.23496 1.23241 1.23814 1.14791 1.16267 1.17074 1.18734 1.1927 1.15441 1.14145 1.18003 1.16487 1.18688
20211223 1.07382 1.08011 1.0562 1.11662 1.12558 1.11881 1.13937 1.15224 1.16532 1.17931 1.20637 1.19883 1.0708 1.13723 1.15257 1.17224 1.19056 1.20458 1.20242 1.20739 1.22618 1.19119 1.1268 1.14876 1.15339 1.18166 1.14396 1.1426 1.15556 1.15735 1.16591 1.19131
20211224 1.07227 1.07158 1.06807 1.06963 1.12353 1.13835 1.13754 1.15806 1.1467 1.17621 1.17709 1.2066 1.07541 1.11082 1.13918 1.16355 1.14958 1.20381 1.22626 1.22158 1.22658 1.22851 1.11864 1.14162 1.17366 1.14732 1.12691 1.14917 1.16612 1.15566 1.17277 1.19587
20211225 1.07924 1.07449 1.07088 1.08229 1.07827 1.13032 1.14272 1.1374 1.13658 1.15329 1.1639 1.17377 1.09682 1.12308 1.12821 1.13749 1.17283 1.13831 1.19874 1.22414 1.23722 1.20983 1.11717 1.14986 1.1383 1.1384 1.14305 1.16267 1.15256 1.16131 1.16424 1.18551
20211226 1.05827 1.05737 1.04113 1.05192 1.05788 1.04668 1.10795 1.10794 1.09431 1.14238 1.13291 1.13148 1.07653 1.12243 1.1159 1.11859 1.13939 1.17653 1.14624 1.18715 1.19516 1.20485 1.10236 1.10559 1.09818 1.11541 1.13755 1.13237 1.15853 1.13533 1.17585 1.16778
20211227 1.10427 1.11234 1.09557 1.102 1.11394 1.11127 1.11464 1.1462 1.17641 1.18576 1.17011 1.16822 1.0821 1.11727 1.14951 1.13814 1.13899 1.16109 1.17938 1.16212 1.1924 1.19815 1.10661 1.11457 1.12809 1.13073 1.13563 1.18702 1.16649 1.20121 1.17418 1.18663
20211228 1.09514 1.11014 1.08622 1.09865 1.10954 1.11545 1.12046 1.13333 1.1897 1.20471 1.16492 1.22047 1.13598 1.13631 1.14799 1.17492 1.1699 1.14384 1.1574 1.1826 1.18089 1.21423 1.11124 1.13878 1.13528 1.14121 1.19361 1.202 1.21244 1.19124 1.22021 1.23331
20211229 1.06506 1.07057 1.09693 1.11609 1.13412 1.13808 1.14292 1.12708 1.13725 1.20251 1.21037 1.17264 1.0904 1.13684 1.14995 1.15778 1.17694 1.15403 1.13623 1.14331 1.16693 1.16705 1.10644 1.12407 1.12857 1.17132 1.19204 1.1914 1.17746 1.21493 1.22165 1.21311
20211230 1.08483 1.08516 1.07946 1.11992 1.14871 1.15285 1.16522 1.16704 1.15168 1.16499 1.2023 1.21974 1.1009 1.1315 1.16008 1.16781 1.16661 1.18825 1.17079 1.15407 1.16709 1.18351 1.10246 1.14383 1.18607 1.18243 1.16641 1.16702 1.19328 1.19711 1.1995 1.18643
20211231 1.08328 1.08012 1.07314 1.09485 1.12933 1.13861 1.15026 1.17024 1.1478 1.17005 1.19379 1.19812 1.10803 1.1374 1.15738 1.18081 1.16526 1.16288 1.19053 1.17479 1.17804 1.182 1.13317 1.2062 1.19765 1.16786 1.17022 1.1881 1.19591 1.1927 1.1998 1.21358
