20201008 -0.0559415 -0.0482108 0.0512258 0.0280668 0.0389879 0.0334327 0.06238 0.0461341 0.0501156 0.0375358 0.0094965 0.0422024 0.0225035 0.041651 0.0228761 0.0134957 0.0525412 0.0244404 -0.0129894 0.0210777 0.0643217 0.0469494 0.0441127 0.0094209 0.0590511 0.00487495 0.0437328 0.0400448 0.0551848 0.068679 0.0971041 0.0324249
20201009 0.0182174 0.017591 -0.0264323 -0.0152185 -0.0091698 -0.0244637 -0.0168563 0.00205739 0.0294401 0.042668 0.0557078 0.0116674 0.0132168 -0.00698524 -0.00105949 -0.017173 0.0302042 0.038969 0.00150316 -0.0501867 0.00146965 0.029711 -0.0223303 0.0232348 -0.0196585 0.0282591 0.031618 0.0064998 -0.0030473 0.0615935 0.0505755 0.056644
20201010 0.0128197 0.0329228 -0.0342084 -0.0154627 -0.0373547 -0.0203435 -0.0461355 0.0134652 -0.0249447 -0.0301913 0.116779 -0.00711266 0.00185614 0.0202836 0.00251784 -0.0187842 0.00566179 0.0451422 0.0117332 -0.0312587 -0.0502633 -0.00929879 0.033473 -0.0193479 0.0480497 0.0406274 -0.00653242 0.00376882 0.0423894 0.0650859 0.0864475 0.0908592
20201011 -0.00527947 -0.0271382 0.0201585 0.0301273 0.0209997 0.0193832 -0.00946335 -0.00559684 0.0336333 -0.013163 0.0162097 0.0133291 -0.03608 -0.0173163 -0.0080038 -0.0140388 -0.0213306 -0.0177397 -0.0143354 -0.0100439 -0.011903 -0.076045 -0.0590627 -0.0225937 0.0332386 -0.060846 0.00917318 0.0237375 0.00914877 0.073286 0.0249719 -0.0368671
20201012 0.0339369 0.0473957 -0.0439882 -0.0165164 -0.037863 -0.0259732 -0.0248094 -0.00100487 -0.0272961 -0.00588937 0.000597075 -0.0244437 0.0286498 -0.0167135 -0.0102157 0.047523 0.0142617 -0.00811717 0.00447911 0.00405271 0.00937576 -0.0227429 -0.00530237 -0.00727429 -0.0640204 -0.0240215 0.0131028 0.0254841 0.0713724 0.042176 -0.0143911 -0.00776932
20201013 -0.0101184 -0.0168393 0.0263655 0.0339357 0.0221111 0.0397509 0.0148552 0.0199038 0.00840273 0.0607807 0.00806152 -0.0384659 -0.0428946 0.0145626 0.0050739 -0.0180808 0.0239781 0.0173909 -0.0539315 -0.0434156 -0.0195705 0.0130163 -0.0502554 -0.0535173 -0.0358029 0.0197087 0.00216601 0.0592932 0.0235449 -0.0204493 -0.033851 -0.102269
20201014 0.0302039 0.0331709 -0.0263249 -0.00934591 -0.0126211 0.00490915 0.0140738 0.0061826 0.0602205 0.0231364 0.114205 -0.018512 0.0248311 -0.0651829 -0.00915028 -0.0197642 -0.0204741 0.035332 0.0154464 -0.0414576 -0.0174482 0.0577994 -0.0270163 -0.0481237 -0.0204169 -0.0263081 0.0440874 0.0195529 -0.00172068 0.0479444 -0.0255122 0.0816343
20201015 0.0174304 0.0497482 -0.0320798 -0.00889718 -0.00932917 0.000495636 0.00339025 -0.0154374 0.0781634 0.0675682 0.0413514 0.103394 -0.0358639 0.0335928 -0.0572756 0.0109863 -0.00194214 0.0364034 0.0483858 0.0290194 0.0199683 0.0253772 -0.0467576 -0.0141726 -0.0277636 0.0369877 0.0402616 0.0228039 0.0694423 0.00462148 0.0778044 0.0551444
20201016 0.0361411 0.0491117 -0.0266621 -0.0236004 -0.0159695 -0.0209585 0.00750332 -0.00257444 0.000769826 0.00258605 -0.016896 0.0290048 -0.0484351 -0.0125692 0.0289697 -0.058774 0.00878744 0.0379467 0.0657336 0.0639542 0.0165158 -0.0240693 -0.0237021 -0.0089861 0.035972 0.0465433 0.0175428 0.0374436 -0.024679 -0.0124762 0.00479207 0.0215326
20201017 0.00489101 -0.0135341 0.00835804 0.0188659 0.00672668 -0.00187371 0.00974021 0.0158816 0.0806235 -0.00739181 -0.0275991 0.0266749 -0.0174202 -0.0443619 -0.0480716 -0.0210396 -0.0343128 -0.00360626 -0.00542863 0.0547963 0.0712171 0.018427 0.0201823 0.0325887 0.00242938 -0.00799558 0.00227791 -0.0763328 -0.0384135 -0.0178249 -0.0183169 -0.00295271
20201018 0.0230116 0.0358654 -0.0292975 -0.0150392 -0.0102184 -0.0087776 -0.0194376 0.0119826 0.0451384 0.0223711 -0.00674614 0.0598165 -0.00589223 -0.0611644 -0.0360906 -0.0446103 -0.0106684 -0.0193869 0.00236628 -0.0118497 0.0446315 0.00257754 -0.0360103 -0.0721898 -0.0581726 -0.0221466 -0.106688 -0.0650393 -0.049319 -0.035028 -0.0129151 -0.043533
20201019 0.0517015 0.0554768 -0.0472106 -0.0251976 -0.0417774 -0.0502847 -0.0585944 -0.0529701 -0.0320809 -0.0119843 -0.02668 -0.0177589 -0.0700137 -0.0583662 -0.0845047 -0.0763755 -0.0792329 -0.0554316 -0.0355465 -0.00644319 -0.0430263 -0.0395009 -0.0801503 -0.0954148 -0.0560617 -0.0895038 -0.0736427 -0.0949414 -0.0792514 -0.0561215 -0.0747361 -0.0233158
20201020 0.02502 0.0485272 -0.0475684 -0.0262173 -0.036115 -0.0127109 -0.038049 -0.0466423 -0.00552259 0.014085 -0.00208909 0.0185817 -0.0560105 -0.0750404 -0.0465055 -0.0725885 -0.107385 -0.0838162 -0.0267026 -0.0671287 -0.000461797 -0.0365923 -0.0643446 -0.0713791 -0.0499943 -0.027155 -0.105008 -0.0509876 -0.0396041 -0.0470341 -0.0104423 -0.00478304
20201021 0.0226793 0.0191034 -0.0266909 -0.0115615 -0.0162093 -0.00888269 0.00572151 0.0266859 -0.00222308 -0.00611116 0.0494149 0.0490423 0.0141278 -0.00218884 -0.007893 0.000406135 -0.018042 -0.0485478 -0.0579627 -0.0059464 -0.0714003 0.00890791 -0.0774046 -0.0590916 3.92299e-05 -0.0212879 -0.0621987 -0.0393416 0.00131236 0.0350448 0.0410827 -0.00352175
20201022 0.0460627 0.0305003 -0.0441101 -0.0492681 -0.0577935 -0.0551297 -0.0649021 -0.00743487 -0.0179546 -0.0704049 0.00138607 0.048845 -0.00937147 0.0144097 0.0487158 0.0249286 0.0239178 -0.00883316 -0.0168424 -0.0445155 -0.0153411 -0.0631496 -0.0608854 0.0290949 -0.0167391 -0.05154 0.00412869 0.00459214 0.0332096 0.0112322 0.00298177 0.0435291
20201023 -0.00114723 0.0034294 7.66583e-05 0.00850375 -0.00863469 -0.00711848 -0.0220523 0.000414657 0.0113394 0.0343811 0.0288919 -0.00158894 0.0213662 0.0315746 0.067261 0.10497 0.064374 0.060552 0.0574707 0.0384299 0.00932118 0.0107339 0.0559432 0.0412798 0.0160349 0.0173191 0.0429835 0.056863 0.0420226 0.0434186 0.0517479 0.0169401
20201024 -0.010434 0.00242551 0.0123219 0.00784603 -0.0204667 -0.0074031 0.00582742 -0.0231305 -0.0325799 -0.0481036 -0.0218736 0.00283355 -0.0478167 -0.034867 -0.00738689 0.0232914 0.0207151 0.000199108 0.0129766 0.00585291 -0.0263975 -0.0399784 0.0198205 -0.00809542 -0.022014 -0.00740112 0.014089 0.00953025 0.033207 0.0588406 -0.00740149 -0.0122251
20201025 0.00318412 -0.000544861 0.00775377 0.0104337 0.00548317 0.026112 0.0165276 0.000885551 -0.00748143 -0.0392431 -0.00164993 -0.037311 -0.0225243 -0.107802 -0.0596954 -0.0409821 -0.00977272 -0.0187023 0.00880979 0.027552 -0.0111632 -0.0334783 -0.0369114 -0.0239723 -0.0365298 -0.0280781 0.00223311 -0.0235402 0.0324479 0.00226861 -0.0775305 0.00704533
20201026 0.0146414 0.00648389 -0.0148949 -0.0108496 -0.0328152 -0.00499029 0.00307296 -0.00611979 0.00180139 0.000502909 0.0131579 -0.0506923 0.0156861 -0.040841 -0.103901 -0.00922088 -0.00667137 0.0142372 0.0410626 0.0450848 0.0748307 0.0389332 -0.0103617 0.00329424 -0.0143295 -0.0227495 -0.0596845 -0.0226586 0.0145795 -0.0700731 -0.0138563 0.00211644
20201027 0.00939329 0.00604838 -0.00901924 -0.0258881 0.00273637 -0.00597207 -0.0157827 0.000675871 -0.0333441 -0.0218012 0.035045 -0.00223886 -0.023322 -0.001784 0.0113938 -0.0496785 0.010463 0.0142024 0.0348239 0.0736069 0.0873473 0.0609053 0.0241882 0.0300015 -0.00518856 -0.0768754 -0.0454964 -0.00419323 -0.056865 0.0141006 0.0183903 0.0106927
20201028 0.0132539 0.0126861 -0.0252202 -0.00440479 -0.0202436 -0.0495453 -0.0244771 0.0151577 -0.0250262 0.00958744 0.00744325 0.0400849 -0.0449609 -0.0803464 -0.0531235 -0.0147488 -0.103845 -0.0375429 0.00693 0.0548575 0.0748117 0.0736393 -0.0195184 -0.0382911 -0.0740166 -0.0674574 -0.0516881 -0.0439975 0.0244456 0.0178542 0.0480859 0.0220391
20201029 0.0277099 0.0213276 -0.0144823 -0.0170533 -0.0103135 -0.0275723 0.0105088 0.0223582 -0.00300286 0.0287976 -0.0105308 -0.0172409 -0.027795 -0.0440845 -0.025871 0.00842959 -0.0269726 -0.0812726 -0.0253884 0.0137044 0.0616612 0.0517195 -0.0603951 -0.101303 -0.073765 -0.0922187 -0.0394063 0.0101416 0.00275237 0.0328485 0.0177167 -0.0277641
20201030 0.000822052 -0.000957084 -0.00418464 0.00415944 0.0211615 0.0228955 0.0366266 0.0454115 0.0107658 0.0518822 0.0577806 -0.00114058 -0.00436175 -0.0393611 -0.0237632 0.00406914 0.0404245 -0.0430836 -0.0764069 -0.0105349 -0.000731025 0.0537182 -0.0571567 0.00064754 -0.0437248 -0.0528443 -0.0305126 -0.0283521 -0.00341016 0.0186456 -0.023757 -0.0351154
20201031 0.0273107 0.0263561 -0.0368813 -0.0200254 -0.0187219 -0.013605 0.00486757 -0.0339001 -0.021986 0.014119 0.0650134 0.0279177 0.0292551 0.0197001 0.000809014 -0.0245762 0.0101112 0.0560717 0.0602511 -0.0205018 0.0590863 0.0984531 -0.0277065 0.0175127 -0.000128613 -0.0523624 -0.0234393 0.0699896 0.0577897 -0.0268118 -0.0141022 -0.0051456
20201101 0.0343031 0.0346476 -0.0425358 -0.0453876 -0.0282811 -0.032258 -0.0273576 0.0123046 0.0224795 0.000820548 0.0641279 0.0196296 0.00178705 0.026759 0.0233736 0.00760535 0.0128588 0.0203868 0.094387 0.045824 -0.0321227 0.0734517 0.000702691 0.0274898 -0.0468992 0.0216746 0.0446969 0.0338472 -0.00306181 0.0061062 0.0230998 -0.00593361
20201102 0.0475999 0.0470113 -0.0466336 -0.0366644 -0.0198468 -0.0278178 -0.0316238 0.000517721 0.00723377 -0.0365008 -0.0109926 -0.0449853 -0.0355672 0.000504121 0.0563276 0.044366 0.00999706 -0.0112454 -0.00265776 0.025657 0.0167323 -0.0305359 -0.0245714 -0.0331433 0.0509881 0.036025 0.00864517 0.0224062 0.050439 0.0568015 0.0167382 -0.00561317
20201103 0.0146007 0.00404071 -0.0323044 -0.0355634 -0.0481125 -0.038022 -0.0313737 -0.0274269 -0.0283942 -0.0514421 -0.040115 -0.0553692 -0.0211714 0.00621097 0.0278692 0.0602599 0.0507577 0.0289232 0.0111664 0.000669864 0.0199759 0.0830706 -0.0500604 0.0283475 0.0519719 0.00982729 -0.0173999 0.0689369 0.0531818 0.0264011 0.0409088 0.0312581
20201104 0.00712876 0.0119923 -0.0588999 -0.0482009 -0.050295 -0.0325216 -0.0153951 0.00539565 -0.00699732 0.012352 0.0266052 -0.00174493 0.0455209 0.064273 0.0603791 0.0350884 0.0839384 0.0297076 0.0680414 0.0460568 0.011397 0.0858707 -0.0410455 -0.00858008 0.011469 -0.00540413 0.068708 0.0706416 0.0712223 0.0584823 0.0716278 0.0443894
20201105 0.0920107 0.0917938 -0.0920332 -0.085851 -0.064632 -0.0660834 -0.0718929 -0.0391403 -0.0525169 -0.10043 -0.0630058 0.010414 0.00387888 0.059059 0.0704828 0.0402131 0.0278116 0.0208613 0.00141908 0.0490478 -0.0148574 -0.0118333 -0.104444 -0.0617088 -0.00196103 0.0476697 -0.00179075 0.00613315 0.00635423 0.0434348 -0.0172222 -0.00501622
20201106 0.0491112 0.060941 -0.0552144 -0.0648958 -0.0954722 -0.0570393 -0.0291762 -0.0313088 -0.030243 -0.0249596 -0.047473 0.0160385 0.00926633 0.0504725 0.0149191 0.100578 0.0617952 0.0311959 0.0456432 0.0230887 0.0377155 -0.0190874 -0.0376696 0.0282343 0.0694237 0.0140503 0.0159897 -0.00741672 0.0395817 0.0037577 0.0365495 0.0840379
20201107 0.0147803 0.012383 -0.0299979 -0.0140925 -0.0278968 -0.0344117 -0.03653 -0.0518947 -0.0368831 -0.0330621 0.0159797 0.0340355 -0.0164096 0.0532155 0.0761708 0.0166272 0.0830832 0.0759074 0.0513876 0.0312437 -0.000809337 -0.00199898 0.00236531 0.0682715 0.0534585 0.0523618 0.015218 0.0628129 0.047651 0.0737146 0.0994537 0.100837
20201108 0.0445929 0.0569353 -0.0685157 -0.0650702 -0.0612902 -0.0484569 -0.0361242 -0.0343418 -0.0412783 -0.0196212 -0.0389444 0.0730887 -0.0201715 0.00628155 0.00637251 0.0432854 0.0498504 0.0859494 0.0353725 0.0126628 -0.00478718 -0.0305594 0.00824811 -0.0050972 -0.0086777 -0.0233935 0.0264111 0.000298129 -0.00237632 0.00714771 0.0711985 0.0716415
20201109 -0.0112569 -0.0268819 0.0245668 0.0123691 -0.0303802 -0.00993994 -0.0078945 0.0302807 0.0208374 0.0241275 -0.0108098 -0.0469911 -0.0012385 -0.0277602 -0.0336394 0.00230364 0.0214631 0.075152 0.0999524 0.0182478 0.00403734 -0.0173544 -0.0476946 -0.01313 -0.0239701 0.0121804 -0.0286087 0.0302297 -0.0245397 0.0193042 0.0505288 0.0554678
20201110 0.000666899 0.00954158 -0.023379 -0.0183257 -0.0320784 -0.0112733 -0.015714 -0.00619066 -0.00615948 -0.00850599 0.0323097 0.0222942 0.0393579 0.00970451 -0.0410193 -0.0512919 -0.0354818 0.0155973 0.0404719 0.0529498 0.00407239 0.00858336 -0.0172892 -0.0483623 -0.0303619 -0.039521 -0.0128429 0.00312855 -0.0204148 0.0406612 0.0168814 -0.0284941
20201111 0.0711228 0.0580376 -0.072892 -0.0622056 -0.0691925 -0.0470037 -0.0409226 -0.0362796 0.00487175 -0.0317922 -0.0185869 0.0051169 0.0117847 0.0583305 0.0298332 -0.0369937 -0.049207 -0.0338163 -0.0222481 0.00796234 0.0343713 -0.0111884 -0.0674294 -0.0219637 0.00525357 -0.0142196 0.0435935 0.00224885 0.0499518 0.0128674 0.0065716 0.013873
20201112 0.0590587 0.0561398 -0.0634129 -0.0586094 -0.0629894 -0.0536676 -0.0458332 -0.0529576 -0.071069 -0.0335342 -0.0375736 -0.065383 -0.0912277 0.00469639 0.010004 -0.00402639 -0.041298 -0.0343379 -0.0827495 -0.0381608 0.0119379 0.0111514 -0.0597798 0.00162278 -0.0269675 0.0339157 0.00949422 0.0314615 -0.0034267 0.00259936 -0.0201307 -0.00272635
20201113 0.0547789 0.0710339 -0.0794637 -0.0450841 -0.0770124 -0.036202 -0.0350096 -0.0529697 -0.0739247 -0.0539622 -0.0287482 0.0154863 -0.0662469 -0.121502 -0.0586532 -0.00777103 -0.0135853 -0.0328034 -0.0445596 -0.0763755 0.0105836 0.0019299 -0.0110929 -0.012305 0.0674366 0.0298167 0.0216028 -0.00159438 -0.0258812 -0.0157934 -0.00966176 0.00189023
20201114 -0.0062181 -0.00554055 -0.00125061 -0.0112037 0.0116438 -0.0228178 -0.0312248 -0.0020677 0.031451 -0.026347 0.0238723 -0.00462562 -0.0360029 -0.033196 -0.061398 0.0144459 0.00486124 0.0153889 -0.00479527 0.00969551 0.0278952 0.0155448 0.0262667 0.07042 0.0478539 -0.00596702 0.0612095 0.0214795 0.0481066 0.0160198 0.0345188 0.0638264
20201115 -0.0393342 -0.0294239 0.040763 0.0300191 0.0221836 0.0177323 0.0142147 -0.00800001 0.0100666 0.0464715 0.0136025 0.0556034 0.00712006 -0.0202295 -0.029062 -0.00542276 0.0503753 0.0151153 0.0345623 0.0487474 0.0586653 0.0164754 0.0520799 0.0776174 0.00819122 0.0112372 0.029497 0.0369342 0.0435531 0.046934 0.0608365 0.0441916
20201116 0.0094279 -0.00961529 0.00319211 -0.00374188 -0.0210771 -0.0164955 0.00773247 0.00566034 0.0295785 0.0563948 0.0243541 -0.0141425 0.0183494 0.0430787 0.0237506 -0.0399746 -0.00269542 0.0532174 0.0381034 0.0439912 0.0508076 0.0486523 0.0288087 0.00196722 -0.0268066 0.0129472 0.000592874 0.0237179 0.037113 0.036056 0.0559456 0.0690355
20201117 0.00611106 0.00273496 -0.00929435 -0.00565391 -0.00159285 -0.0175821 0.0219949 0.028338 -0.0288332 -0.0249072 0.0160769 0.0461301 0.00625919 0.0270635 0.054129 0.00435755 -0.0412451 0.0153498 0.0361395 0.0745078 0.0484881 0.0429087 0.0219589 -0.0125394 0.0126316 -0.00439768 0.0133579 0.0217253 0.0459797 0.0450695 0.0972373 0.0188035
20201118 -0.0214421 -0.0142248 0.0313776 0.0390968 0.0217881 0.0334397 0.0451325 0.0387162 0.026851 -0.00149276 0.0587744 0.0768187 0.0110403 0.0379332 0.00985538 0.0170123 -0.0310991 -0.0306305 0.0320716 0.0481036 0.0671773 0.0717786 0.0379487 0.0350277 -0.011545 0.00504494 0.00480909 0.0183387 -0.00114274 0.0230229 0.00687327 0.028105
20201119 -0.0497906 -0.0376639 0.0314207 0.0268985 0.0436952 0.0337875 0.058446 0.00431976 0.0357041 0.0715561 0.000146694 0.057152 0.0181898 0.0612838 0.0153672 -0.000776848 0.0352261 -0.0319111 0.0431533 0.0393776 0.0260621 0.0214437 0.0204014 0.063989 0.0168669 -0.0126178 0.0212422 -0.0558483 0.0101194 0.0188343 0.0230394 0.0310295
20201120 -0.00385801 -0.00754842 -0.00293296 -0.00519025 0.0200938 0.0243126 0.0399319 0.0321015 0.0320728 0.0333016 0.0406849 0.024614 -0.0157508 0.00283402 0.0314727 0.00617252 -0.00745955 -0.00229596 -0.0512603 0.00164451 0.00605413 -0.00408253 0.0193244 0.0144453 0.0481246 0.0295975 -0.0453879 0.0296795 0.0201925 0.0348045 0.055895 -0.00155075
20201121 -0.0105756 -0.00148837 0.0228325 0.00485985 0.0177239 0.0650816 0.0466122 0.0448965 0.0207174 0.0421505 0.0346117 0.0275661 -0.02064 -0.00155417 0.00766986 0.0216114 -0.0107099 -0.00733338 0.00335083 -0.0227194 -0.00301393 0.0494505 0.0309446 0.0700415 0.0791152 -0.0152965 0.0581291 -0.00176011 0.0539291 0.0424763 -0.00458185 0.0222251
20201122 -0.00427699 -0.00797091 -0.00785404 0.00440194 -0.0030762 -0.0291972 -0.0103804 -0.0167294 -0.0328182 -0.0311189 0.0657502 0.0450044 0.0413529 -0.00848148 -0.00886848 -0.00602319 0.0204232 -0.0126036 0.0167573 0.0149448 -0.0158532 -0.0297546 0.010045 0.0682235 -0.0326905 0.0280333 0.0211816 0.0377592 0.0103247 -0.0221611 0.0375331 0.00345814
20201123 -0.0375329 -0.0459187 0.0593925 0.0263165 0.0265612 0.0151929 0.0240668 0.013107 0.0645596 0.0281657 0.0145416 -0.00427224 0.0242964 0.00730695 0.0201091 0.00832878 0.0114442 0.0490139 0.0384058 0.0127995 0.00693007 -0.0148119 0.0278003 -0.0222251 0.0529751 0.020901 0.0404645 0.00868574 -0.00568782 -0.0013233 0.00185123 0.0735105
20201124 -0.0268046 -0.0314767 0.0192877 0.0336353 0.0286068 0.0255606 0.0148035 0.0137197 -0.0166741 0.00564487 0.00332809 -0.0268588 0.0222913 -0.0317247 -0.0545593 -0.0532929 -0.0433335 -0.0104835 0.0241283 0.0418929 0.0267411 -0.0215283 -0.0352099 0.0377216 0.0118801 0.0642896 0.0430321 -0.00624686 0.0560645 0.0113453 0.0745199 0.0254454
20201125 0.0542195 0.046749 -0.0415381 -0.0512812 -0.0269109 -0.0248878 0.0250773 -0.0215204 -0.0111201 0.0339459 0.0263696 0.0403547 0.0483653 -0.0404831 -0.0358065 0.0033026 -0.0948323 -0.0159458 0.00298683 -0.00465252 0.0381057 0.00596162 0.00543404 0.0292891 0.0333457 0.0710646 -0.010743 0.0268358 0.0427239 0.0719158 0.0859508 -0.0353942
20201126 0.0382039 0.0358499 -0.0173549 -0.0473703 -0.041567 -0.0239877 -0.0329188 -0.0038852 -0.0441644 -0.0283251 0.0105666 -0.00608906 -0.0235623 0.0535963 -0.00982829 -0.0373898 0.0188357 -0.0248077 -0.0108639 -0.0197399 0.0193324 -0.0312053 0.0251201 -0.00599462 0.0374803 0.0171112 0.0204429 0.0357946 0.0684054 0.0918423 0.0187777 0.0519626
20201127 0.00300561 0.0222706 -0.0221426 -0.0218013 -0.00249801 -0.0202471 -0.0340785 0.0480366 0.0512318 0.0391937 0.0499829 0.0862872 0.00657372 0.00893414 0.0508324 -0.00363731 0.0390345 0.0726397 0.0124866 -0.00516614 0.00302145 0.00975223 0.0179459 0.0325299 0.0322578 0.0365033 0.039271 0.091608 0.0531218 0.0121703 0.048488 0.0598213
20201128 -0.021683 0.00331591 0.00946023 0.00446242 -0.00851431 -0.0323374 -0.022545 -0.0302609 0.002951 0.0338792 0.0444994 0.0158959 0.0133809 0.0412451 -0.00166553 0.0110489 -0.0123491 0.0149603 0.0442807 0.0407197 0.0189039 0.018525 0.0404611 0.0601478 0.0138872 -0.0190926 0.0587003 0.0348399 -0.0162751 0.0180342 0.0422315 0.00376726
20201129 -0.0472841 -0.0387076 0.0467437 0.0532798 0.0339855 0.0318999 0.0266035 -0.0074525 0.0255015 0.0290237 0.0944563 0.0373858 0.0187891 0.0673126 0.0261228 0.00211039 0.0350468 0.0210906 0.0266812 0.00796418 0.0228365 0.0288528 -0.0119874 0.017351 -0.00891556 0.0669092 0.0625505 -0.00114102 0.0288125 0.0439853 0.0457311 0.0422464
20201130 0.014622 0.0262546 -0.0260008 -0.0264 -0.0327778 0.0109478 0.000359417 -0.0130302 -0.00374211 0.0425286 0.0102519 0.0811375 0.0162816 0.02688 0.0431482 -0.0240534 -0.0150959 0.0275242 -0.0141961 -0.01973 0.0260205 -0.0272197 -0.00484485 0.00300398 0.0326786 0.0161241 -0.0098949 0.0344236 0.0279847 0.0595152 0.0754037 -0.00488293
20201201 0.0326509 0.0329808 -0.0521147 -0.0476736 -0.0385719 -0.0359526 -0.0295414 -0.0475328 -0.0743463 -0.0367208 -0.0206482 -0.01462 -0.0369717 -0.0277035 -0.00682395 -0.0105983 -0.0189021 0.0296002 -0.0163521 -0.0282598 -0.000413001 -0.0118875 -0.0132518 -0.017128 -0.0139252 -0.032887 -0.0225213 0.00496753 0.0324226 0.0790578 -0.00489621 0.00647095
20201202 0.0273561 0.028067 -0.0724892 -0.0617592 -0.0761658 -0.0598919 -0.0528286 -0.0485076 -0.0732727 -0.0462497 -0.0578172 -0.0214919 -0.0283804 -0.0295231 -0.0411639 -0.00400917 0.0211336 0.0119756 -0.00772087 -0.0274419 -0.0348968 -0.0153947 -0.0441615 -0.000873369 -0.021098 -0.0264239 0.0109449 -0.0024514 0.0388061 -0.00406604 0.0155925 0.00423583
20201203 0.0128657 0.0148124 -0.0188738 -0.0452084 -0.0395561 -0.0177725 -0.0365199 -0.0389365 -0.0499013 -0.0670221 -0.035375 -0.0694075 0.00253502 -0.00235725 0.00386634 0.00281114 0.0291094 0.0343292 0.0644652 0.0154484 -0.00459924 0.0301419 0.0112254 -0.00216893 0.00103783 0.0211439 0.0247501 0.0525681 -0.0279763 -0.04469 0.00237896 0.0114134
20201204 -0.023223 0.00185642 -0.00100998 0.0303414 -0.0107889 0.0269849 0.0489243 0.0322066 0.0495624 0.046403 -0.00854165 -0.0101437 0.00429288 -0.0170723 0.0145808 -0.00229565 0.0072744 0.0217718 -0.00431249 -0.0116096 -0.0206052 0.00907261 0.0155114 0.0148965 -0.006852 0.0296635 0.055992 0.0101715 0.000155221 -0.0261271 0.0299905 -0.000701762
20201205 -0.0243498 -0.0102293 0.00672112 0.00567861 0.00207953 0.0131739 0.051339 0.0137211 -0.0133863 0.0125242 0.00576749 -0.0294818 -0.00967485 -0.00531771 -0.0280737 -0.0212557 0.00934605 0.0112364 0.00440583 -0.0116267 -0.0176243 -0.0261767 0.00442995 -0.0584136 0.0374975 0.0490373 0.012979 0.0187799 0.0225656 0.0496334 0.00704241 0.0429674
20201206 0.014579 0.0113905 -0.0255173 -0.0397429 -0.0231662 -0.0122401 -0.000324049 -0.00117907 0.00281552 0.0174306 0.0073738 0.0117606 0.0111979 -0.0592492 -0.012457 -0.00323942 -0.0443626 0.0089943 -0.0238166 0.0349091 -0.0150457 -0.0307917 -0.0700052 0.031767 0.0539992 0.042495 0.028845 0.0475603 0.0226309 -0.0355857 -0.0499197 0.00109286
20201207 0.0273902 0.0234197 -0.0302329 -0.0394788 -0.0436282 -0.0364555 -0.0259005 -0.0487033 -0.018814 -0.00557058 -0.00317947 -0.0205362 -0.00220885 0.0379345 -0.0143368 -0.00150572 0.00198396 -0.0144557 0.0173747 -0.0112901 0.032402 -0.019677 0.00458742 0.0462328 0.0142932 0.038838 0.0195728 0.00449622 -0.0385236 -0.0541618 -0.0474513 -0.0089883
20201208 0.0341333 0.00655511 -0.0157195 0.00341701 -0.0157125 -0.0129203 -0.0239683 -0.0244568 -0.040867 -0.00914957 0.00759133 -0.014663 -0.0855012 -0.0324076 -0.0191617 -0.00861769 -0.0276806 -0.0515006 -0.0284395 -0.0315117 -0.0796555 -0.0500727 -0.016043 -0.0766692 -0.0108778 -0.082043 -0.0621737 -0.0788243 -0.0810432 -0.0749732 -0.0750835 -0.0242034
20201209 0.00763027 0.00404631 0.0279183 0.0197665 0.00412286 -0.0100796 -0.0379176 -0.0277833 -0.03395 0.052764 0.0148649 -0.0419913 -0.0568485 -0.0886437 -0.0343943 -0.0411429 -0.0172188 -0.0557888 -0.0843422 -0.0693717 -0.0872459 -0.0858421 -0.13161 -0.0428324 -0.0602465 -0.122128 -0.0775732 -0.043951 -0.0579011 -0.122125 -0.0440904 -0.0525264
20201210 0.0869048 0.087049 -0.0672599 -0.0594996 -0.0716935 -0.0795242 -0.0660652 -0.0463631 -0.000754652 -0.0282091 -0.0275074 -0.00837932 0.0200571 -0.0464297 -0.0851677 -0.0791236 -0.0795304 -0.10151 -0.0821351 -0.0658165 -0.0907221 -0.0840984 -0.0374141 -0.0637488 -0.0701616 -0.104147 -0.0573072 0.00161789 -0.0762395 -0.0218676 -0.0217624 -0.0329795
20201211 0.0523404 0.0354858 -0.0363288 -0.0327195 -0.0310587 -0.0347729 -0.0335791 -0.0195562 -0.0469781 -0.0308354 -0.0121168 -0.00783242 -0.0180348 0.0402891 -0.0352402 -0.0972209 -0.112218 -0.125447 -0.120134 -0.095958 -0.0970258 -0.106261 -0.0851524 -0.0392174 -0.0927293 -0.0583462 -0.00504484 -0.0230834 -0.0291926 -0.0333491 -0.0102836 0.00918037
20201212 0.0290919 0.0297062 -0.0356741 -0.0441941 -0.0506221 -0.0406668 -0.00967265 -0.0568552 -0.0459566 -0.0194928 -0.0142822 -0.0266983 -0.0325252 -0.0319038 0.025369 -0.0798167 -0.0640397 -0.084981 -0.095891 -0.0475909 -0.0840123 -0.0805869 -0.0204551 -0.0624251 -0.0465601 -0.0298006 -0.0317797 -0.0559195 -0.0299684 0.0152704 0.012726 0.0316964
20201213 -0.00838686 0.00903579 -0.0198263 -0.0110516 -0.0196672 -0.0195434 -0.0124402 -0.0189487 -0.0611244 -0.0542842 0.0269456 -0.00760447 0.00422887 0.0161908 -0.0209564 0.0101826 -0.0104195 0.00889749 -0.0159372 -0.021568 0.00172809 -0.0271386 0.0262894 -0.00469699 0.0119604 -0.0179716 -0.0174842 -0.00928245 0.0321709 0.0365297 0.0198007 0.0532659
20201214 0.0100076 0.0110839 -0.0174768 -0.0107477 -0.0248628 -0.00148618 0.000698082 0.0113144 0.00535504 -0.00717921 -0.0247589 0.0340665 -0.00148007 -0.0457162 -0.0634485 -0.0718439 -0.0417732 -0.0323449 -0.0985279 -0.106259 -0.0265737 -0.0283273 -0.0142885 -0.00189263 -0.0284188 -0.038266 -0.0286807 0.00718277 0.0453861 -0.00477244 0.0152017 -0.0234251
20201215 -0.00659993 -0.0151888 -0.00290943 0.00259616 0.00698026 0.0173029 0.0247954 0.000654307 -0.0128096 -0.0227725 0.0231766 0.010726 0.00980661 -0.0142276 -0.040636 -0.0609837 -0.0592457 -0.049314 -0.0599249 -0.0701983 -0.0696605 -0.0556347 -0.0434548 -0.0436139 -0.0157964 -0.0132334 0.0146152 0.0134733 0.00251265 -0.0099572 0.00308073 0.017011
20201216 0.0222234 0.0280632 -0.0335826 -0.0368339 -0.0353755 -0.0535171 -0.0225453 -0.0084219 -0.0237875 -0.0799454 -0.00181348 0.0144448 -0.00161333 -0.00896474 -0.0248987 -0.0179094 -0.0366784 -0.0789104 -0.0805924 -0.0871035 -0.0949779 -0.0544083 -0.0606455 -0.0406609 -0.044855 -0.051848 -0.0714918 -0.0176953 -0.0208979 -0.00562454 0.0050978 0.00219508
20201217 0.0419525 0.0579733 -0.0642367 -0.0730629 -0.0640656 -0.0492768 -0.0541881 -0.0441438 -0.036889 -0.0429004 -0.0850763 -0.0108238 -0.00266854 0.0146849 -0.00573967 -0.00875643 0.00305101 -0.0181844 -0.0487123 -0.0502448 -0.06182 -0.0513547 -0.00903606 0.00218291 -0.00282862 -0.000380802 -0.00325536 0.0226637 0.0530023 0.0851988 0.0084867 0.0785578
20201218 -0.0127421 -0.00338834 -0.0095949 -0.000185519 -0.0141908 -0.0400757 -0.0397582 -0.023228 -0.0433216 -0.0275395 -0.049166 -0.074321 -0.0140911 0.0118047 -0.00312411 -0.0381179 -0.0550921 0.00366321 -0.0312457 -0.054016 -0.0716115 -0.0687487 0.036233 0.03779 0.0374817 0.00355434 -0.00271422 0.0566885 0.0781236 0.000801709 0.0733576 0.0399045
20201219 -0.00910198 -0.0168261 0.00703568 0.00214296 -0.00764302 -0.000833078 -0.00555793 0.0140333 -0.0195926 -0.00315294 -0.0065332 0.00268002 -0.0224963 -0.0209371 -0.0204645 -0.0374241 -0.0838648 -0.0805819 -0.033044 -0.0622587 -0.069251 -0.0612252 0.0101754 0.0101317 -0.0278592 -0.0528126 0.014617 0.0408632 -0.0192846 0.037823 0.0276188 0.00958873
20201220 0.0281521 0.0184072 -0.0190269 -0.00318595 -0.007277 -0.0120883 -0.0177129 -0.00449167 -0.0139305 -0.0255197 0.00952762 -0.0134949 -0.00858021 -0.0253244 -0.0213116 -0.0418775 -0.0422689 -0.0751853 -0.0752203 -0.0901713 -0.0560856 -0.0744356 -0.0165455 -0.00296369 0.00108268 -0.0107672 0.0411344 0.00186992 0.0395022 -0.00137956 0.00168584 -0.0281375
20201221 0.0390901 0.0339218 -0.0367774 -0.0373147 -0.041322 -0.0355886 -0.0273575 -0.0182302 -0.0271657 -0.0320743 -0.0624295 0.00217222 0.0196113 0.0175987 0.019563 -0.00874071 0.00430272 -0.0105194 -0.0283291 -0.0467175 -0.0229659 -0.0197039 -0.0209264 0.00606856 -0.0150688 0.0382064 0.00893729 0.00106435 -0.0551745 -0.0214931 -0.021304 0.014635
20201222 0.00411462 -0.00182422 0.00235574 -0.00690155 -0.0196847 -0.00724604 -0.00128154 0.0101705 -0.0267354 -0.0330438 0.0087662 0.0383172 0.0346126 0.0623407 0.017043 0.0263598 -0.0200594 -0.00256444 0.0123303 -0.0207759 -0.0543996 -0.0197253 -0.0198521 -0.00468976 0.0656954 -0.0109522 0.0381968 -0.0237419 0.0107662 0.0375555 0.00213757 0.0342908
20201223 0.0080259 0.0125849 -0.0207443 -0.0187491 -0.024121 -0.0185593 -0.0226452 0.0159731 -0.00582199 0.052888 0.0433988 0.0820508 0.0422213 0.0792924 0.0846683 -0.0132592 -0.0143738 0.000831063 0.0161491 0.0297526 -0.00184962 -0.0220268 -0.0331653 0.043087 0.0323885 0.0789122 0.00201102 0.0238092 0.069638 0.00322855 0.0420818 0.0139191
20201224 0.0176518 0.0173734 -0.00498097 -0.0425578 -0.0380589 -0.0254442 -0.031339 -0.00918765 -0.0403482 0.0139672 0.0404874 0.00640928 0.0352831 0.041176 0.0582907 0.0692578 0.0383153 0.0112143 0.0374091 0.0459128 0.0595943 0.029619 0.014662 0.0264426 0.0700873 0.0214155 0.0492469 0.06854 0.0455111 0.0448899 0.0138091 0.0235551
20201225 -0.0148141 0.000442352 -0.00337162 0.000462108 0.00192223 -0.0159985 -0.0127129 0.015412 0.0420663 0.0172359 0.022265 -0.0233324 0.0555993 0.0862513 0.0651606 0.0518195 0.0779681 0.0534711 0.0905521 0.0799855 0.0348054 0.0599975 0.0627285 0.102452 0.0363178 0.0322244 0.0535517 0.0731539 0.0578061 0.0240544 0.0190523 0.0100989
20201226 -0.0541672 -0.00591688 0.0127525 0.0206596 0.0304948 0.00458138 0.00553396 0.0109176 -0.0130588 -0.0121558 0.00613089 -0.0167062 -0.009992 0.0667408 0.0434396 0.0244945 0.0474975 0.07002 0.018903 0.0660832 0.0804715 0.0342342 0.019344 0.0357595 0.03333 0.00893945 0.0408548 0.0192892 0.0280015 0.0403421 0.0146396 0.0284059
20201227 0.017034 0.0439469 -0.0491299 -0.0401023 -0.0381825 -0.0465147 -0.0354194 -0.0488865 -0.0449625 -0.0256833 0.0131518 0.0127631 0.0205247 -0.0281313 0.0230752 -0.0225597 0.0033243 -0.00787546 0.0162973 -0.0235768 0.0146715 0.0219914 -0.0257626 0.00427013 -0.0357635 -0.00420665 -0.0339736 -0.0174336 -0.00924115 -0.0302035 -0.0470158 -0.0454151
20201228 0.0403686 0.0703549 -0.0486607 -0.0348343 -0.0293433 -0.0305289 -0.0292856 -0.00924053 -0.00626537 0.0230557 0.036105 0.0016335 -0.0113564 -0.00589077 -0.0121379 -0.0158455 -0.0299456 -0.0215858 -0.0207196 -0.00704603 -0.0577722 0.00367725 0.00369219 0.0254237 -0.0112985 -0.0142075 -0.0370203 -0.0194989 -0.0343352 -0.0629222 -0.0482153 -0.0274484
20201229 0.00414166 -0.0156304 0.0179528 0.00135015 -0.00178991 0.0101067 0.00548345 0.0082307 0.0312017 0.0345555 0.0249844 0.0360881 -0.0346104 -0.0216571 -0.070253 -0.0569192 0.0201758 -0.0368024 -0.04663 -0.000562268 0.0190573 -0.0273343 0.00116137 -0.0113486 -0.0187962 -0.0434017 -0.0195521 -0.035456 -0.0521268 -0.021875 -0.043664 -0.000770132
20201230 -0.0214362 -0.0199393 0.0439649 0.0639185 0.0475791 0.0339868 0.0439891 0.0561632 0.0544889 0.0462507 0.0361258 0.0266694 0.0171561 -0.0438081 0.022385 -0.0779384 -0.0514456 0.00137899 -0.0657132 -0.0195212 0.0249946 0.00603004 -0.0129786 -0.0109842 -0.0350627 -0.00334203 -0.0108891 -0.0472339 -0.0303972 -0.0546485 -0.0251759 -0.0318159
20201231 0.0204409 0.00940644 -0.0027727 0.00735082 0.0372858 0.0290961 0.0123422 0.0321328 0.0497771 0.0668392 0.0260488 0.0553161 0.0549214 -0.0029539 -0.0376149 0.0141867 0.00501474 -0.0248755 -0.0139552 -0.0699512 0.016056 0.0271735 -0.0319298 -0.028137 -0.0217145 0.00574716 -0.0622587 -0.0161458 -0.0389662 0.0218997 -0.0541706 -0.0558686
20211013 -0.0555022 -0.041239 0.0219999 0.0487298 0.0176942 0.0349876 0.0311308 0.0543886 0.0506739 -0.0393327 -0.00273836 -0.023163 0.025491 -0.0221139 -0.073138 -0.0493532 -0.00126894 -0.0178267 -0.0450474 -0.0302049 0.0123318 -0.0109684 0.00401454 -0.000284133 0.0167199 0.0525458 -0.046254 -0.0580097 -0.0337142 0.017995 -0.00312389 -0.00766309
20211014 -0.0189793 -0.00325677 0.0140478 0.0175826 0.0145668 0.00288094 -0.0138419 -0.00143873 0.00246415 0.00624529 -0.0160435 0.00746594 0.00221557 0.035905 -0.0464603 -0.00651876 -0.0208045 0.0102797 -0.00169208 -0.0134521 0.00252498 0.049449 0.0198594 0.0502723 0.0554594 -0.00163779 -0.0174591 0.0112129 0.0544902 0.0252632 0.0803534 0.0219401
20211015 -0.0270173 -0.0175088 0.0129373 0.0185166 0.0390925 0.0174132 0.0361168 0.00998136 0.0301503 0.0280322 0.0448688 0.0745837 0.0628532 0.00123203 0.0257668 0.0174218 0.0409206 0.0342896 -0.00128012 0.0320006 0.00780157 -0.0100531 0.0362729 0.0976686 0.034012 0.026522 0.00529266 0.0344471 0.0454967 0.0992012 0.0346083 0.046212
20211016 -0.0467018 -0.0502801 0.00477933 0.025455 0.00586171 0.0312856 0.0343409 0.00644269 0.0120644 0.0611824 0.0953801 0.0584183 0.0789074 0.065973 0.0277721 0.0823489 0.0718151 0.0321955 0.0206203 0.00306628 0.0533832 0.00838115 0.0868994 0.0634956 0.0169065 0.0270205 0.0571004 0.0892385 0.152987 0.0854004 0.046559 0.0694614
20211017 -0.00535009 -0.00189323 0.0148612 0.0118651 0.0251692 0.0189014 0.00699193 -0.000633339 0.0165099 -0.0192523 -0.038317 -0.00857015 -0.0186757 -0.0235288 -0.00871902 -0.0301138 -0.0174115 -0.0181741 -0.0385511 -0.0233083 -0.0625651 -0.0624211 0.00930866 -0.0239999 -0.0250378 0.0154655 0.00476529 0.0140473 0.0188532 0.0173957 -0.0149328 -0.0224984
20211018 0.0191008 0.00780945 -0.0240868 -0.0123339 -0.0151547 0.000608886 -0.0131582 -0.0573086 -0.043052 -0.0507706 -0.035154 -0.0152474 0.0200039 -0.0274644 -0.0148422 0.0108818 -0.00214343 -0.0156452 0.0119232 -0.0576988 -0.0224766 -0.0438466 0.00422197 -0.0285869 -0.00357784 -0.0473601 -0.0163183 -0.0402443 0.0076828 0.00885294 -0.0304925 -0.0135765
20211019 0.0400872 0.027963 -0.0344864 -0.0210834 -0.0186561 -0.0288611 -0.0377907 -0.0473098 -0.0898019 -0.0913062 -0.0372077 -0.0330231 -0.00989512 0.0363409 0.00248677 0.0256259 0.0216571 0.0356128 0.0341556 0.0510555 0.0273911 0.00995396 -0.0355466 0.0365358 -0.0132193 0.0248383 -0.0445218 0.0124344 0.0308324 -0.010053 0.0675363 0.0871733
20211020 0.00732566 0.0126147 -0.00500763 -0.00312481 0.0162088 0.0159132 0.0348087 0.00774467 -0.0143366 0.0379888 0.00141518 -0.0422737 -0.0284623 0.0208189 0.053445 0.0352486 0.0470761 0.0912846 0.0827644 0.0596476 0.0690137 0.0649061 0.0196393 0.0895076 0.067597 -0.0104448 0.0178483 0.0173243 -0.0189568 0.0486135 0.130274 0.00601938
20211021 -0.0416169 -0.046102 0.0264519 0.0338525 0.024093 0.0172169 0.0545374 0.0605263 0.0465297 0.0124675 0.0709301 -0.00646607 0.0754066 0.00403511 0.0681843 0.0800437 0.0950433 0.0861573 0.127704 0.100186 0.0504217 0.0660889 0.0881031 0.0773996 -0.0235619 0.012797 0.0221381 0.0183213 0.023451 0.104618 0.0354979 0.0274861
20211022 -0.0120852 0.0069004 0.0213305 0.00691945 -0.00739324 0.0219036 0.0135881 0.0480383 0.0290508 -0.0200617 -0.0519607 0.0674409 0.062893 0.0789886 0.000367346 0.0465501 0.0707306 0.0701655 0.0338803 0.0624559 0.00938398 -0.0523971 0.0338414 -0.0648762 -0.00320996 -0.0256243 -0.0329203 -0.000877098 0.0624614 0.00655168 -0.0203692 0.00976338
20211023 0.0101673 0.0232919 -0.0230142 -0.0213807 -0.0344484 -0.0421949 -0.0154136 -0.0629638 -0.0248545 -0.0578198 -0.0510758 -0.0881004 -0.0685095 -0.0384753 -0.0238677 -0.0674418 -0.00511033 0.0410849 -0.0134395 0.0201772 -0.00241239 -0.0358925 -0.0820769 -0.0374944 -0.0628643 -0.0670417 -0.0228206 -0.0169981 -0.0484937 -0.0416009 -0.00607214 -0.0118476
20211024 0.058499 0.0658326 -0.0486743 -0.053674 -0.0699688 -0.0549609 -0.0558555 -0.0751977 -0.0414363 -0.0128207 -0.0421348 -0.0574989 0.0178912 -0.0421747 -0.0500904 -0.00657366 -0.0568378 0.0186952 0.0370862 0.01192 0.0308055 -0.0137181 -0.029943 -0.0461625 -0.0399284 -0.0418756 0.00186668 -0.0149636 -0.0670355 -0.0228689 -0.000994858 -0.0132814
20211025 0.0190684 0.00931121 -0.0328209 -0.0399862 -0.0505986 -0.0398605 -0.0376339 -0.0359721 -0.030849 -0.0187764 0.00574248 0.0183218 -0.0494964 -0.0178955 -0.0590964 -0.0358819 0.0146542 -0.0192195 0.0391252 0.00326719 0.0167099 0.0444228 -0.0360463 0.017027 -0.0254811 0.0572307 0.0328484 -0.0220503 0.0192747 0.0223085 -0.0208508 0.00471878
20211026 0.0399567 0.0609861 -0.0672046 -0.0742624 -0.0640901 -0.0454733 -0.0133639 -0.00463473 -0.0679421 -0.0139057 -0.0735079 -0.0103397 -0.0323612 -0.0215846 -0.0312321 -0.061129 -0.0301188 -0.0516153 -0.0152325 0.0190706 0.0268018 -0.00384907 -0.0339442 -0.00896569 -0.0344114 -0.0384119 -0.0134213 0.00803401 0.0278153 0.00828749 0.0223057 0.00585278
20211027 0.0779016 0.0772392 -0.109508 -0.104712 -0.0993154 -0.0915514 -0.0982535 -0.0940632 -0.0547589 -0.0712756 -0.0446702 0.0226638 -0.028152 -0.0133985 -0.0534203 -0.0136337 -0.0691173 -0.0249474 -0.0830682 -0.0530625 -0.058536 -0.0385536 -0.0369587 -0.0116295 -0.0194471 0.00852622 0.032787 0.0351602 0.0638608 0.0423588 0.0759027 0.0901205
20211028 0.0889686 0.0864026 -0.0905315 -0.0843752 -0.0747596 -0.0739447 -0.051601 -0.0588228 -0.0645165 -0.0396762 -0.0507135 -0.0568785 -0.0959925 -0.0948598 -0.0843836 -0.139963 -0.0457956 -0.121222 -0.0823442 -0.0848319 -0.124015 -0.113521 0.0107924 -0.0493546 -0.0535641 0.0324439 -0.00560842 0.0171462 -0.000956487 0.01059 0.0231303 0.0150672
20211029 0.00731884 0.00381609 -0.000382866 -0.0254124 0.0176031 0.0213986 0.0167052 0.000957574 0.0307534 -0.0041479 0.0182391 -0.00464887 -0.0410531 -0.0637299 -0.0649777 -0.0293341 -0.0871892 -0.0270388 -0.0978434 -0.0664435 -0.0594534 -0.0815975 -0.0259062 -0.0438566 -0.0250793 -0.0197227 -0.00925744 -0.00841851 0.0164438 0.00346606 0.027168 -0.0369178
20211030 0.0278486 0.0162927 -0.0211729 -0.0252323 -0.0201595 -0.00156279 0.012559 -0.00636947 0.0193107 0.0278762 0.0145523 0.050794 0.0136455 -0.00444208 0.00182531 0.0103959 0.0301751 -0.0365173 -0.013256 -0.060192 -0.0211506 -0.0752621 -0.0173375 0.0188037 -0.00691599 0.0357593 0.0625161 0.0618072 0.0735667 0.0265008 -0.0172079 -0.00740576
20211031 -0.00465278 -0.00433757 -0.00112449 -0.00847095 -0.0273818 -0.0201074 -0.0251517 -0.0259934 -0.0273305 0.0202848 -0.086153 -0.00223602 -0.028132 0.0250535 -0.0515423 0.0130387 0.0203212 -0.0317714 -0.0787561 -0.0261916 -0.0515984 -0.0215429 0.0324208 0.00158296 0.0377503 0.0466454 0.0415905 0.052917 0.0496052 -0.0012943 0.0142036 0.0246323
20211101 -0.00455456 0.012262 -0.0293748 -0.0358867 -0.0304501 -0.0282248 -0.00670108 0.0279154 3.18427e-06 -0.0137283 0.000122846 -0.0342699 -0.0388945 -0.0378443 0.0192355 -0.018882 -0.0157662 -0.0291312 -0.0670629 -0.124061 -0.0977945 -0.114279 -0.0543493 -0.0360249 -0.0120922 -0.00415846 0.00961609 -0.000341752 0.000894348 -0.0232054 -0.00173445 -0.0847934
20211102 0.00993074 -0.000161423 -0.005426 -0.0164941 -0.0149643 -0.0318671 -0.0244998 -0.0698966 0.0311329 0.0267616 0.00616118 0.0387197 0.0325737 0.00341174 -0.00287732 0.0739975 -0.0286987 0.00469459 0.00850997 -0.0599634 -0.106535 -0.071077 -0.0096187 -0.0129618 0.025751 0.0120789 0.0161245 -0.0155326 -0.0331143 -0.00819024 -0.0443277 -0.0382196
20211103 -0.00242998 -0.0020692 0.0214824 -0.00185248 0.00692874 0.00924999 -0.00614432 0.00583937 0.00207114 0.0227548 0.0374385 -0.0476181 0.00811349 0.0602084 0.0406748 0.068949 0.0804626 -0.00401096 0.0616474 0.0579424 -0.0161651 -0.0742939 0.0240502 0.00153127 0.0446156 0.0471292 -0.00472438 -0.027828 0.00317059 -0.0266228 -0.00691105 0.00193647
20211104 0.0291443 0.0257813 -0.0274553 -0.0198362 -0.017688 -0.0152969 -0.0167898 -0.0430242 -0.0459663 -0.0439833 -0.0347972 0.00869699 -0.0278854 0.00649404 0.0317598 0.00633115 0.0212811 0.0316303 -0.0493587 0.0359795 0.00238643 -0.0223878 -0.0482132 0.0287076 0.0296377 -0.0175506 -0.0461497 0.0136391 -0.0431022 -0.00242134 -0.0176285 0.00687259
20211105 0.0247097 0.0357307 -0.0379012 -0.0416113 -0.00703587 -0.00174596 0.00745863 0.0668568 0.00747026 0.0324372 0.0289429 -0.0336133 -0.0200256 -0.00795528 0.0210048 0.0281993 0.0169541 0.0081619 0.0377273 -0.047105 0.0408825 -0.0418423 0.0203676 0.0335402 0.00354232 0.00179442 0.0369706 -0.0260839 0.0262568 0.0278008 0.0518102 0.0142388
20211106 0.00159809 -0.00898231 0.0190642 0.0160364 0.0300288 -0.0143477 0.0099418 0.0393343 0.0517749 0.0299451 0.0231185 0.0439089 -0.000574728 -0.00461457 0.00150395 0.0406918 0.00974567 0.0398743 0.0190661 0.0564318 -0.0156353 0.0184339 0.0427602 0.00544844 0.0738965 0.0444525 0.0492976 0.0215088 0.0247632 0.036464 0.0118811 0.0274303
20211107 0.0036751 0.021099 -0.0132297 0.00504985 -0.0171733 -0.00608558 -0.0232023 0.0418758 0.0181257 0.00208209 0.033501 0.0543109 0.0257483 0.00165378 -0.0353532 -0.023051 0.00356766 -0.0156742 0.0113467 0.000554241 -0.00236855 -0.0151933 -0.0192837 0.0279202 0.0134478 0.0493779 0.0128193 -0.00511787 -0.0329877 -0.00727566 0.0448445 0.0280558
20211108 0.0522338 0.0928169 -0.0888335 -0.0876575 -0.0945182 -0.0965993 -0.0549238 -0.0976038 -0.0437078 -0.0362501 -0.0310472 -0.00948423 -0.017454 -0.0278866 -0.0644235 -0.052691 -0.0668616 -0.0201459 0.0259572 0.00974869 -0.0331477 -0.0368268 -0.0338992 0.0080228 0.0200977 0.0332138 0.00894436 -0.0213279 0.0281078 0.052708 0.0033067 0.0733149
20211109 0.0511923 0.0272359 -0.036589 -0.0632043 -0.0462841 -0.0411214 -0.0628489 -0.0500407 -0.0206285 -0.0187186 -0.0298475 0.0043982 -0.0707605 -0.0128532 0.00878276 -0.0560644 -0.0709689 -0.0641137 -0.0513607 -0.0345322 -0.0625542 -0.0496338 -0.0297354 -0.0102588 0.00871771 0.0114401 0.0308322 0.0397555 0.0191097 -0.0324948 0.000894994 0.00274388
20211110 0.0189506 0.0213391 -0.00354296 -0.0277477 0.00678769 -0.0113345 -0.00444468 -0.0282041 -0.0630762 0.00933555 0.00619207 -0.0450147 -0.039173 -0.0510814 -0.0427861 0.00311655 -0.0755738 -0.077128 -0.00187334 -0.0308406 0.0173313 -0.0202169 -0.0808831 -0.0583809 -0.0658524 -0.0019687 0.0267807 0.0114818 -0.0147151 0.0205828 0.0341026 -0.0100298
20211111 0.0116465 0.000492176 0.00450298 0.00194734 0.0203974 0.0331418 0.041908 0.0425891 0.0153863 -0.000440265 0.00726249 -0.0601592 0.0575912 0.00563776 -0.00595025 0.0483349 0.0790204 0.0083508 -0.0249592 0.0722816 -0.0185681 0.00168615 0.0414349 -0.0106668 0.0584238 0.0684068 0.0590076 0.0125024 0.0657127 0.0651799 0.0169549 0.0712811
20211112 -0.00322248 -0.0187921 0.00370994 0.000545237 0.0211872 0.0311565 0.0422601 0.0718881 0.0418693 0.0300717 0.00946406 0.0285173 0.0151108 0.0689283 0.0294397 0.0318541 0.0325873 0.0659341 0.0226391 -0.0160591 0.0849197 0.00420807 0.00301945 0.0718713 0.115401 0.0650801 0.0428219 0.0860619 0.0595587 0.0422369 0.0592616 0.0561837
20211113 0.0215473 0.0306968 -0.0370958 -0.0418614 -0.0205789 -0.0225447 -0.0482485 0.014433 0.0228832 -0.00743042 -0.0141766 -0.0361085 -6.91481e-05 -0.0267942 0.0465151 0.00434191 -0.00911866 -0.0232848 0.0129686 -0.00418637 -0.0521915 0.0683165 -0.024048 0.0693099 0.0214925 0.0268833 0.0824893 0.0491224 0.0419028 0.0336885 0.0126193 0.0182726
20211114 0.0233415 0.0219235 -0.0153729 -0.0176986 -0.0250781 -0.0275538 -0.0226481 -0.00484391 0.0449182 0.0292831 0.0258162 0.0298183 0.0146478 0.0166611 -0.034084 0.00703566 0.00041715 -0.0110052 -0.0424143 -0.0278593 -0.0216268 -0.0248472 0.0239523 -0.0115318 0.0168802 0.0369013 0.0465613 0.0113412 0.0788068 0.0342316 0.0583965 0.0473109
20211115 0.0226748 0.0230726 -0.0423519 -0.0404455 -0.0534821 -0.0466366 -0.0672237 -0.0100498 -0.00497193 0.107215 0.0777777 0.0651347 0.0357936 0.0347586 0.0197582 0.0112795 0.0279775 -0.0127041 0.039089 0.00478009 -0.0126123 -0.00969474 -0.00535533 0.0454615 -0.0306023 0.0146882 0.00328152 0.0392979 0.0148314 0.0415092 0.0859251 0.0426011
20211116 0.0181048 0.0211767 -0.0297906 -0.033506 -0.04192 0.0375364 0.0521747 -0.00191509 0.0211015 0.0214321 0.0233412 0.0733383 -0.0188382 -0.00643835 -0.0261742 -0.0519599 -0.0365459 -0.00688172 -0.0541125 0.0271942 -0.00972272 -0.0301338 0.0307424 -0.00796635 0.0348955 0.00307141 0.0260962 0.0194548 0.0399746 0.0402989 -0.00144744 0.0114631
20211117 -0.0351249 -0.0228601 0.0198928 0.0158504 0.0224003 0.0512513 0.0471673 -0.0107749 0.00190856 0.0654018 0.0182359 0.0335573 0.00113903 -0.0163759 -0.014715 -0.00444482 -0.0463743 -0.00787334 -0.00797079 -0.0491421 -0.0209663 0.0306955 0.0351687 0.064148 0.0498207 0.0293385 0.0149138 0.0385556 0.0179348 -0.0252494 -0.0156496 -0.0442548
20211118 0.018376 0.0360806 -0.0238305 -0.00355412 0.00355594 0.028055 0.0139424 0.0502794 0.0129891 -0.0320113 0.0208532 -0.0517627 -0.0100819 -0.0103512 -0.0367016 -0.00738184 0.0179583 -0.0289911 -0.0278551 -0.0253139 -0.0397323 0.0159105 0.0155882 0.0476675 0.0224869 -0.066076 -0.036775 -0.0102299 0.0122378 -0.00479559 0.0128844 -0.00238325
20211119 0.0248128 0.0436692 -0.0246772 -0.0420283 -0.0432667 -0.0790712 -0.0542917 -0.035791 -0.0169027 -0.0125063 0.0011201 0.045261 -0.00684338 -0.00287365 -0.0320509 -0.0556853 -0.00397796 -0.0370904 -0.0784489 -0.0871822 -0.0646249 -0.0678724 -0.0526418 -0.0156801 -0.0659246 -0.127186 -0.141392 -0.0534686 -0.0749128 -0.0465607 -0.0519135 -0.0538105
20211120 0.0566067 0.0622468 -0.0610612 -0.0651477 -0.0658823 -0.0791143 -0.0470231 -0.0320478 -0.0430781 -0.0545008 -0.0568063 -0.0137249 0.0129141 0.0272956 -0.0290805 -0.0209715 -0.034966 -0.0647604 -0.0519282 -0.0427839 -0.0605235 -0.0643583 0.00206411 -0.00297624 -0.0879751 -0.121032 -0.0790117 -0.0699283 -0.0783856 -0.0635896 -0.0548292 -0.0326411
20211121 -0.0178906 -0.0131881 0.0151267 0.0292897 0.0404963 0.0494138 0.0184724 0.0313084 0.0130603 -0.00934058 0.0155736 -0.0105491 0.0186215 0.0441711 0.039887 -0.0201413 0.00894719 -0.0377016 -0.0197362 0.0285133 -0.0374081 -0.0374464 0.0401195 0.00784349 0.0136929 -0.0334466 -0.0143258 -0.0232748 -0.0167471 -0.0242784 0.0322189 0.00756593
20211122 -0.0409392 -0.0407204 0.0424576 0.0296506 0.0157268 0.039137 -0.00570557 0.0209194 0.00543287 0.0224134 -0.0241088 -0.00984495 0.0461446 0.00398244 0.00794982 0.0631314 0.038507 0.0632111 0.00166073 0.0520971 0.049448 -0.0122731 0.0352745 0.0110883 -0.0133749 0.0471437 0.0535595 0.0576705 0.012946 0.0257485 0.0371427 0.088792
20211123 -0.00504399 0.0100246 -0.0128157 -0.0147067 -0.0186011 -0.00901017 -0.0262469 -0.0100046 -0.0398735 -0.0533816 -0.0867141 -0.077639 0.013477 0.0300965 -0.0186856 -0.0257797 0.0489083 0.0127016 0.0528111 0.044305 0.0509209 0.032723 -0.0314649 -0.0442679 -0.0105068 0.0202479 0.0257098 -0.00381417 0.000884291 0.0107446 0.0414846 0.07969
20211124 0.0235248 0.0547228 -0.0317089 -0.056882 -0.0416749 -0.0282422 -0.0573424 -0.0309727 -0.0677467 -0.095041 -0.0500918 -0.0369076 -0.0460328 0.0235936 0.0186312 -0.00945585 0.0511827 0.0603182 7.99302e-05 0.0503339 0.0660956 0.0415941 -0.0300858 -0.0415175 0.0068944 0.00317197 -0.0180859 -0.0364077 -0.028517 0.00913065 0.0353855 -0.0233102
20211125 0.0489754 0.0105673 -0.0229175 -0.0350128 -0.0267857 -0.0267871 0.00186629 -0.0512582 -0.0119997 -0.00108109 0.0118624 -0.00613338 -0.0425338 -0.00624433 0.0341786 0.0632292 0.0529459 0.107459 0.103502 0.0344458 0.0797144 0.0840717 -0.00596898 0.0137613 -0.000670988 -0.0299037 -0.0227625 0.0010348 0.011371 0.0148052 0.0424675 0.0213121
20211126 -0.00248495 0.0141244 -0.022731 -0.0427372 0.00285491 -0.0116671 -0.0170893 -0.0179732 -0.0537333 -0.00136485 -0.0754916 0.00918834 -0.0434814 -0.0759123 -0.0517308 -0.00181555 0.0200802 -0.00121217 0.0856272 0.0568338 0.0251138 0.0451116 -0.0435615 -0.0252776 -0.0508367 -0.0311027 -0.00492055 -0.0117857 0.0159313 -0.0341182 -0.0075951 0.024912
20211127 0.0543644 0.0721266 -0.0608485 -0.0662822 -0.080868 -0.0382605 -0.0601282 -0.0785041 -0.0706874 -0.072674 -0.025267 -0.0599788 -0.053024 -0.0558199 -0.0558406 -0.0400266 -0.0520935 -0.057398 -0.0401873 0.00723017 -0.00107711 -0.0437967 -0.0471406 -0.0743389 -0.024515 -0.0223448 -0.026282 -0.0188189 -0.0494005 -0.0914404 -0.0370465 -0.0464305
20211128 0.0532882 0.0278666 -0.0451996 -0.0320661 -0.0401957 -0.0665361 -0.0382606 -0.0494598 -0.00732807 -0.0293202 -0.0801421 -0.0052023 -0.032602 -0.0324797 -0.0325685 -0.00221909 0.0310931 0.0425408 -0.00845006 0.0284134 0.0490077 0.0474575 -0.0461853 -0.00788138 -0.0341344 -0.0196979 0.0110353 0.0103918 -0.0509742 -0.0155974 -0.0217551 -0.00197909
20211129 0.0531498 0.0407455 -0.0365914 -0.0305846 -0.0445381 -0.0355075 -0.0316771 -0.0286139 -0.0125023 -0.0114526 -0.00447085 -0.0155389 -0.0229716 0.0127979 0.0372447 0.004911 0.00455357 0.0749022 0.0361014 0.0165626 0.0506787 0.0577757 0.00948282 0.00554648 0.0156726 0.0523362 0.0403844 -0.00535962 -0.000435842 -0.00575954 0.00261475 0.0616691
20211130 0.0293412 0.0308778 -0.0395378 -0.0393923 -0.0562795 -0.0445146 -0.0291916 -0.0627231 -0.0998485 -0.0276228 -0.0769646 -0.0441607 -0.0198472 -0.0278867 -0.0286705 -0.0368998 -0.0383859 0.000658525 0.0927534 0.00261945 -0.00490468 -0.0275837 -0.0259758 -0.00780897 0.0249663 0.0047957 -0.0393282 0.0129815 -0.0412404 0.00205304 0.00444899 0.00628283
20211201 0.0707221 0.0759779 -0.0792273 -0.0808316 -0.103468 -0.075487 -0.0382682 -0.0550519 -0.0966476 -0.0760724 -0.049289 -0.0840015 -0.0325531 0.0159362 -0.0146163 -0.0307607 -0.0126045 -0.0452444 -0.00881597 0.0664237 0.0118385 -0.00469999 -0.0344912 -0.0070674 -0.0273881 -0.0538665 -0.0316582 -0.0809595 -0.0505859 -0.071997 -0.052235 -0.00809388
20211202 0.0589436 0.0531051 -0.0697802 -0.0409611 -0.0512883 -0.0594751 -0.0702058 -0.0466533 -0.0678741 -0.0234887 -0.0338777 -0.0509587 -0.0905367 -0.0717182 0.0116166 -0.0250624 -0.0542604 0.0105495 -0.0881882 -0.0227126 0.0670602 0.0264902 -0.0314911 -0.0839247 -0.0840471 -0.0705219 -0.116156 -0.0844736 -0.14417 -0.0708545 -0.018816 -0.0285095
20211203 0.0589887 0.0708202 -0.091787 -0.0758532 -0.0706001 -0.0628535 -0.0276164 -0.0561758 -0.081097 -0.0590377 -0.0942653 -0.0968992 -0.0538309 -0.0817188 -0.0498442 0.0326718 -0.0308939 -0.0218576 0.030414 -0.0884706 -0.0418697 0.0299132 -0.105262 -0.0902052 -0.0291459 -0.1042 -0.0924575 -0.0636025 -0.0369246 0.0109935 0.0437532 0.0153176
20211204 0.0322322 0.0501048 -0.0556216 -0.0457473 -0.0533625 -0.0441868 0.0110483 -0.0627873 -0.0650767 -0.0613516 -0.110496 0.0128104 0.00369231 -0.00284162 -0.0607426 -0.02095 0.0583944 -0.0179541 -0.00286562 0.012867 -0.0505446 -0.0718677 -0.00353951 -0.0277587 -0.0673877 -0.105984 -0.0325848 -0.0237245 0.026187 0.0739287 0.0833743 0.0434678
20211205 0.0200449 0.0332709 -0.061055 -0.0610625 -0.0546589 -0.0518199 -0.0819223 -0.0291615 -0.0807365 -0.0705259 -0.00677314 -0.055368 -0.0103904 0.0295399 -0.000846092 -0.0183598 0.00484683 0.0572836 0.0394118 0.0262077 0.0432074 0.00163018 -0.0243577 -0.0812201 -0.0629946 -0.0585081 -0.0358789 -0.0207301 0.04148 0.0691373 0.0149344 0.00726571
20211206 -0.0023422 0.0429513 -0.0459445 -0.0173635 -0.0229013 -0.0411195 -0.0231159 -0.00552848 0.0468526 0.00238514 0.000627935 0.0313229 -0.0277322 -0.00848596 0.000663735 0.00531951 7.67069e-05 -0.0126705 0.0603386 0.0444387 0.0295046 0.0359655 -0.0450315 -0.0598786 -0.0243657 -0.0289268 -0.0089866 -0.0156661 0.0127685 0.0094998 -0.00137643 0.00490351
20211207 0.00977545 0.0379448 -0.0454925 -0.0304352 -0.0276373 -0.0619683 -0.0678633 -0.0528794 -0.0403246 -0.0198914 0.0086896 0.0260157 0.0162042 -0.0112645 -0.0224364 0.00940582 -0.0198076 -0.0113279 0.00894786 0.0239166 0.049192 0.0357954 -0.0103129 0.0358783 0.0271584 0.0203257 0.0350232 0.0169024 0.00667341 0.0642713 0.0617265 0.128289
20211208 0.0464306 0.0526218 -0.0652117 -0.0572997 -0.0446886 -0.0431246 -0.0703208 -0.0670288 -0.0725081 -0.0328175 -0.0101494 0.0588388 -0.0521454 -0.0343085 -0.0403646 -0.010709 -0.0490894 -0.0495123 -0.0197156 -0.0216784 0.00176106 0.0168017 -0.00756247 -0.0117448 -0.0285061 0.0310839 0.0251886 -0.0297772 0.0377213 0.020456 0.0750668 0.0817479
20211209 0.0132266 -0.00477353 0.010896 -0.0176065 -0.0315283 -0.00774696 -0.0180866 -0.0650536 -0.0457035 -0.0393825 -0.0194416 0.0209406 -0.038984 -0.0437498 -0.0272713 -0.0201576 -0.00828733 -0.0602696 -0.0441463 -0.0653696 -0.0425019 0.0198372 -0.00980524 -0.0179093 0.0576846 0.0164212 -0.0282255 -0.00286384 0.0100737 0.0722858 0.0705905 0.00601537
20211210 0.0473516 0.0360799 -0.0390335 -0.0479721 -0.0275662 -0.0526626 -0.0543404 -0.0146094 -0.0203833 -0.0496769 -0.047532 -0.0295581 -0.0366085 -0.0170337 -0.073464 -0.0264829 -0.0302653 0.0255565 -0.0404033 -0.0166735 -0.0466068 0.00436562 -0.0654426 -0.0177621 -0.0303758 -0.0405168 -0.0479879 -0.0266199 0.0366537 0.0116231 -0.0178789 0.00553518
20211211 -0.000893813 0.00959276 -0.0327962 -0.0355291 -0.0174269 -0.042672 -0.0646118 -0.0254256 -0.00600649 -0.0188208 0.0150398 0.00485383 -0.0215695 -0.00153284 0.0210031 -0.0539065 -0.0078953 0.0456068 0.063192 0.00929196 0.0467611 0.0158934 0.0221574 -0.0343677 0.0273211 0.0111043 -0.0106373 0.0529976 0.0406261 0.0145802 0.0159852 -0.0239946
20211212 -0.0658203 -0.044613 -0.00500287 0.0113689 0.00579691 -0.000673883 -0.0270578 0.0115824 -0.0434388 0.0153248 0.0049931 -0.0291731 0.0250667 0.00964251 -0.0318722 0.0110763 -0.0614895 -0.00230388 0.0599823 0.06916 0.00478138 0.0415958 -0.0488421 0.0273983 0.0407176 0.0421608 0.100129 0.0264629 0.0209495 0.0239491 -0.0159663 -0.0325564
20211213 0.0302943 0.0583911 -0.0749769 -0.0658675 -0.0450079 -0.0500152 -0.0475584 0.00583413 -0.00288937 0.00723273 -0.00536314 -0.0358576 0.0725612 0.059179 0.0226545 0.00249689 0.0341457 0.0130339 0.0359687 0.108064 0.123508 0.0934886 0.00304551 0.0075982 0.051686 0.060734 0.068888 0.0363855 0.0651172 0.0486997 0.0321528 0.0201102
20211214 0.0230628 0.0467183 -0.055669 -0.0661911 -0.0406005 -0.0337616 -0.00801111 -0.00493025 0.0020478 0.0411147 0.0370841 0.0398566 -0.0421766 0.0898933 0.0517514 0.0118921 -0.0515128 0.00343986 -0.0145531 0.0226273 0.0972149 0.132532 -0.0311199 -0.0159486 0.0315583 0.0549231 0.0571527 0.112347 0.069464 0.0614166 0.0803946 0.048207
20211215 0.023992 0.0265669 -0.0546087 -0.0679428 -0.0511734 -0.0671752 -0.0436447 -0.00814086 -0.0034733 -0.0333643 0.046269 0.0333357 -0.0144797 -0.0417162 0.0652802 -0.0252408 -0.00504775 -0.0871071 -0.0447635 -0.0539657 -0.0418901 0.0448824 -0.03165 0.0165958 0.0513737 0.000390451 0.0667189 0.0482804 0.0523455 0.0900659 0.0443486 0.0497808
20211216 0.0730353 0.067119 -0.0552584 -0.0438079 -0.0392606 -0.0577966 -0.0228398 -0.0639352 -0.0820883 -0.0692889 -0.0456721 -0.0272012 -0.0323336 -0.00573887 -0.0495986 0.0124026 -0.0268833 -0.0215672 -0.0622515 -0.0533388 -0.0517915 -0.0549867 -0.0425889 -0.00992732 -0.0281178 0.0433853 0.00749453 0.0318965 0.0928823 0.056162 0.0669706 0.0346719
20211217 0.0733133 0.067189 -0.0599188 -0.0754675 -0.0970577 -0.09019 -0.0538339 -0.075784 -0.0939699 -0.070219 -0.0282709 -0.0302197 -0.0522448 -0.034096 0.00652224 -0.0231788 -0.00728853 -0.0488545 -0.0511905 -0.00779471 0.000762166 -0.00473964 -0.0641169 0.00655732 0.0176892 -0.0605505 -0.0734989 0.0284654 0.0351125 0.00123458 -0.0222198 -0.0305471
20211218 0.0602804 0.0758503 -0.0587689 -0.0304331 -0.0335884 -0.0639615 -0.00352186 -0.00452175 -0.0216551 -0.0129159 0.025789 -0.00299288 -0.0329446 -0.0296094 -0.0376287 -0.0611938 -0.0563874 -0.0634688 -0.0380107 0.00245011 -0.00736607 -0.0416895 -0.0128906 -0.0359515 -0.0823563 -0.119889 -0.0605707 -0.000243208 -0.059648 -0.073107 -0.0780481 -0.0442623
20211219 0.0298189 0.016605 -0.0247202 -0.0373758 -0.0355581 -0.0229708 -0.0360549 -0.0345539 -0.00791492 0.0131757 0.000561497 0.00594775 -0.0176541 -0.0232994 -0.0260749 -0.0409861 -0.0527172 -0.0723184 -0.0352162 0.0243611 0.0227752 0.00758587 -0.0820846 -0.0639977 -0.08881 -0.040547 0.0170319 -0.0202263 -0.055364 -0.053481 -0.0746286 -0.0788013
20211220 0.0389952 0.0408797 -0.041175 -0.0307299 -0.0469211 -0.0434551 -0.0567989 -0.0462248 -0.0431544 -0.067316 0.0175803 -0.074706 0.0161612 0.0176622 0.0180745 0.0313309 0.0240693 -0.0398198 -0.0686824 -0.019185 -0.0198319 0.0125218 -0.0608096 -0.042311 -0.0876173 -0.046014 -0.0642918 0.00170312 -0.0339551 -0.0599559 -0.072959 -0.0205344
20211221 0.082325 0.0529356 -0.0763362 -0.0835311 -0.0934957 -0.109415 -0.0740399 -0.0568548 -0.0750251 -0.0919338 -0.0255027 0.000924065 -0.0523483 -0.000466092 0.00353704 0.0469033 0.0583166 0.0452441 0.0111984 -0.00299636 0.0281897 0.0277442 -0.0420564 -0.0865552 -0.0880176 -0.0603149 0.00145901 -0.0349076 -0.0603694 -0.0387685 -0.0029093 -0.00424185
20211222 0.0387349 0.0378796 -0.022495 -0.0323797 -0.0196648 -0.0110682 -0.00211503 -0.0234249 -0.0170386 0.0130537 -0.05758 -0.00897147 -0.0331198 -0.0444712 -0.0220227 -0.0120662 0.0862716 0.052966 0.0395067 0.0176505 -0.0255253 0.010056 -0.0715199 -0.0646696 -0.0594254 -0.0179973 -0.00344902 -0.0396121 -0.0411042 -0.0201221 -0.00694348 0.0354609
20211223 0.00570095 0.00432623 -0.00743917 -0.0084701 -0.00563332 0.0109606 0.00530796 -0.0161247 -0.00799531 -0.0118812 0.0161546 7.8496e-05 0.0109892 0.00756931 0.0102454 0.0526946 0.0388302 0.087564 0.0507748 0.0513251 0.0324254 -0.0013136 0.00279023 -0.013676 -0.0451504 -0.0597743 -0.00814024 -0.0532357 -0.00534993 -0.00639991 0.0236642 0.00612787
20211224 -0.0415881 -0.0513364 0.0337718 0.0333292 0.0398513 0.0218043 0.0625848 0.047754 0.00696191 0.0115067 0.0764257 0.0346996 0.0124424 0.072474 0.0728416 0.0597936 0.0910431 0.0989272 0.103861 0.0104481 0.0505909 0.0361883 0.0159632 0.0423987 0.0304727 0.0557049 -0.0210689 0.0427043 0.0190124 -0.00428185 0.0373256 0.0527871
20211225 2.53866e-05 -0.00055594 1.44134e-05 -0.0179501 -0.0229991 -0.0165313 0.00906752 0.025538 -0.0054482 -0.0284934 5.27033e-05 0.0122541 -0.0057555 -0.0136911 0.0450264 -0.00747275 0.0037112 0.0282777 0.0454129 0.0619215 -0.0116936 0.00411382 -0.0149979 0.00551525 0.013919 0.0162158 0.0147735 -0.0069635 -0.0140933 0.0139732 -0.000577415 0.0196349
20211226 0.0189421 0.0319788 -0.0365524 -0.0493339 -0.0278951 -0.0531938 -0.0273072 -0.0199497 -0.0169083 -0.00139027 -0.029555 -0.0324355 -0.0518777 -0.0236335 -0.0068269 0.0313271 -0.0233961 -0.0304547 -0.0136956 -0.0131056 0.0442768 0.00473242 -0.00832288 0.00460202 -0.00616502 -0.0222147 -0.0275902 -0.00548672 0.0120254 -0.0124833 0.0223352 0.0604418
20211227 -0.0159712 -0.0365908 0.0229603 0.0182259 0.0140622 0.0255981 0.0400533 0.0331059 -0.0218009 0.0126952 0.00840225 0.0212063 -0.000275042 -0.0261137 -0.0380229 -0.0394517 0.0347376 0.027223 0.0156696 0.012079 0.0307446 0.0530541 0.00971432 0.00148651 -0.0171449 -0.00243935 0.025105 0.0311475 0.039377 0.0495039 0.0946732 0.0651808
20211228 -0.0249366 -0.00769966 0.0139219 0.0259286 0.0248767 -0.000852216 0.025706 0.017241 0.0318941 0.00119343 0.0689433 0.013468 0.00585419 0.0100247 -0.0244863 -0.0431957 -0.0740944 -0.0101686 0.0140178 -0.0159741 0.0213317 0.0270271 0.0238828 0.0188442 0.0343841 0.0511125 0.0396776 0.0549846 0.0305264 0.0770623 0.0716038 0.113199
20211229 -0.0460094 -0.0395298 0.0436806 0.0488413 0.0514413 0.0514297 0.0423279 0.0265468 0.0412665 0.0351581 0.00587544 0.0247116 0.0299705 -0.0563102 -0.0635062 -0.0161257 -0.0800391 -0.0681757 -0.0444912 -0.0149538 -0.0448117 -0.028123 0.0257495 0.0510153 0.0626061 0.0513861 0.0829801 0.0643656 0.0365044 0.0559468 0.068967 0.0378414
20211230 0.00287432 0.00822057 -0.0354662 0.0139034 0.0253918 -0.00702545 0.00756941 -0.0213936 0.00776301 -0.0485231 -0.020879 -0.0486155 0.0107087 0.0125478 -0.0667059 -0.0246519 0.0224518 -0.0239892 0.0154995 0.00361358 0.0388552 -0.00644022 0.01811 0.0190687 0.0620449 0.0796845 0.0661543 0.0656433 0.0199734 0.00776358 0.0355157 0.0601339
20211231 0.00431425 0.011892 -0.00359689 -0.0180487 -0.0294551 -0.0291303 -0.0331089 -0.0224172 -0.0588102 -0.0486419 -0.0627547 -0.0153013 -0.0358203 0.0125886 -0.0112208 -0.0496771 -0.0203718 -0.026432 -0.022343 -0.0229598 -0.0135718 0.0229892 -0.000319221 0.0123059 0.0182272 0.023912 0.039822 0.0141593 0.0152254 0.00698915 0.0340717 -0.00812709
