20200918 0.111754 0.111437 0.110478 0.110064 0.115119 0.115708 0.115027 0.116485 0.115752 0.116128 0.117013 0.120918 0.113409 0.113818 0.116812 0.117602 0.118088 0.116938 0.118149 0.120334 0.117621 0.120305 0.115632 0.118111 0.117994 0.117732 0.117947 0.117252 0.117295 0.117347 0.120269 0.120386
20200919 0.113986 0.113666 0.112271 0.111781 0.111822 0.114999 0.116963 0.116545 0.116951 0.117273 0.118608 0.11658 0.114446 0.11523 0.114727 0.118087 0.117183 0.116564 0.115975 0.116608 0.11821 0.115956 0.114496 0.11596 0.114755 0.116083 0.116691 0.116173 0.117105 0.117365 0.118252 0.117615
20200920 0.115636 0.114738 0.113741 0.113135 0.114017 0.113987 0.117533 0.118592 0.117833 0.119719 0.120285 0.121099 0.118751 0.119255 0.119399 0.118695 0.122064 0.121108 0.120941 0.119941 0.120276 0.120492 0.116634 0.116929 0.117097 0.119255 0.118021 0.118335 0.11798 0.119055 0.118372 0.118461
20200921 0.115293 0.114434 0.111965 0.112286 0.112678 0.11271 0.11418 0.116112 0.11748 0.118187 0.118125 0.118553 0.11708 0.120323 0.119974 0.119168 0.119816 0.122254 0.121593 0.121795 0.12068 0.121374 0.114952 0.116093 0.11706 0.117618 0.117344 0.116762 0.117187 0.116353 0.116144 0.117447
20200922 0.113434 0.11365 0.112889 0.113209 0.114313 0.114338 0.114316 0.114216 0.113544 0.116876 0.117509 0.117065 0.116872 0.11828 0.119583 0.120132 0.119367 0.120777 0.124149 0.123203 0.122378 0.122861 0.113642 0.114311 0.115935 0.117436 0.116104 0.11644 0.115799 0.114311 0.115654 0.117123
20200923 0.111208 0.111418 0.111437 0.11185 0.112704 0.11284 0.112756 0.112481 0.113116 0.114753 0.116916 0.114807 0.113441 0.117536 0.118766 0.118398 0.120073 0.118663 0.119643 0.122011 0.120919 0.120366 0.112349 0.11467 0.116726 0.115913 0.11729 0.116677 0.115075 0.115362 0.117291 0.11696
20200924 0.112047 0.111718 0.1101 0.112623 0.11312 0.112924 0.11286 0.113213 0.113418 0.115208 0.117811 0.120012 0.114265 0.118402 0.120768 0.121697 0.12189 0.121759 0.120447 0.120492 0.123031 0.124226 0.114215 0.117681 0.117561 0.119941 0.118827 0.117696 0.116441 0.118564 0.117881 0.119147
20200925 0.113757 0.113859 0.11184 0.112697 0.116931 0.117365 0.117629 0.117794 0.118254 0.11765 0.116851 0.120665 0.116273 0.118362 0.120689 0.122606 0.123838 0.12402 0.12231 0.121337 0.12245 0.123952 0.117045 0.118417 0.120669 0.119606 0.11718 0.115273 0.117755 0.117374 0.11858 0.119816
20200926 0.112168 0.112575 0.111829 0.11126 0.112378 0.116535 0.116408 0.117499 0.116605 0.116478 0.117323 0.116903 0.113637 0.116741 0.117191 0.119581 0.120693 0.12137 0.12223 0.12194 0.12076 0.122328 0.115431 0.117368 0.116313 0.114853 0.114186 0.115731 0.116257 0.116575 0.117303 0.117488
20200927 0.114541 0.115319 0.11423 0.11334 0.113973 0.113725 0.116833 0.117407 0.116984 0.116905 0.119564 0.117783 0.114493 0.116291 0.118266 0.117777 0.120235 0.121846 0.123018 0.122819 0.123148 0.122071 0.115336 0.115384 0.112223 0.112619 0.114527 0.11503 0.114501 0.115355 0.115004 0.117219
20200928 0.115173 0.114664 0.112668 0.112771 0.112004 0.111781 0.113152 0.115342 0.115735 0.117609 0.118328 0.119369 0.116344 0.116909 0.117837 0.119939 0.119127 0.119965 0.121129 0.123957 0.123507 0.124926 0.115952 0.113107 0.114095 0.114789 0.115226 0.115165 0.115204 0.11449 0.11704 0.1159
20200929 0.113536 0.114894 0.113426 0.113279 0.113253 0.11322 0.113243 0.113937 0.116031 0.116687 0.117535 0.116144 0.114891 0.116604 0.116752 0.11735 0.118823 0.118404 0.118289 0.118586 0.122482 0.123514 0.111723 0.113974 0.115729 0.115326 0.115424 0.115193 0.114454 0.116294 0.114492 0.1175
20200930 0.112911 0.113385 0.114229 0.114679 0.115767 0.116556 0.115517 0.11656 0.117672 0.118608 0.118879 0.120432 0.117485 0.119723 0.119997 0.119974 0.12032 0.119707 0.120748 0.120271 0.119746 0.122981 0.113858 0.117485 0.118081 0.118201 0.11941 0.118297 0.118421 0.117494 0.118784 0.119217
20201001 0.116101 0.116151 0.113504 0.116648 0.117072 0.117137 0.118271 0.118999 0.120459 0.121182 0.122836 0.122923 0.118464 0.122285 0.123208 0.122992 0.122116 0.122619 0.123002 0.124667 0.1243 0.125305 0.118827 0.121479 0.120209 0.122685 0.123001 0.122736 0.121653 0.121109 0.121826 0.123251
20201002 0.115581 0.115185 0.112695 0.113003 0.116189 0.116523 0.116431 0.117156 0.118122 0.120133 0.120427 0.121481 0.116484 0.118483 0.120635 0.121515 0.121243 0.121004 0.120466 0.121963 0.123523 0.122939 0.117464 0.117153 0.119193 0.119165 0.119006 0.11751 0.118442 0.118441 0.12065 0.121794
20201003 0.113903 0.112823 0.110112 0.110527 0.111414 0.113828 0.113296 0.113511 0.11479 0.113447 0.116695 0.115835 0.11476 0.116027 0.116263 0.117963 0.120344 0.119741 0.118704 0.118755 0.120208 0.121342 0.114393 0.117284 0.116182 0.115891 0.114521 0.115882 0.115107 0.11719 0.118967 0.118724
20201004 0.111851 0.111202 0.109509 0.109516 0.109975 0.109351 0.112367 0.113147 0.112968 0.112044 0.11432 0.113878 0.112621 0.113857 0.114605 0.113694 0.116059 0.117782 0.118708 0.117057 0.117333 0.119449 0.11422 0.114636 0.114871 0.113777 0.115184 0.114239 0.115111 0.117548 0.116096 0.115288
20201005 0.112168 0.111435 0.110085 0.10984 0.109824 0.110755 0.110926 0.114612 0.115213 0.113826 0.116385 0.11471 0.112868 0.114241 0.114596 0.114873 0.114788 0.117396 0.118095 0.120194 0.119444 0.119868 0.112715 0.114536 0.113865 0.114807 0.113854 0.114755 0.117272 0.11601 0.114903 0.11444
20201006 0.110756 0.111043 0.109139 0.109782 0.110194 0.109859 0.110416 0.110642 0.112851 0.112902 0.113444 0.116226 0.113096 0.114029 0.114615 0.114667 0.114785 0.114618 0.117624 0.118004 0.119772 0.119174 0.111711 0.113756 0.114887 0.114571 0.113416 0.11651 0.115401 0.115131 0.114144 0.115865
20201007 0.110047 0.110301 0.11017 0.109936 0.109505 0.110561 0.110527 0.110632 0.110108 0.112353 0.113799 0.115008 0.111913 0.113791 0.114174 0.115247 0.115163 0.116322 0.114767 0.116966 0.11728 0.118027 0.111673 0.114593 0.114027 0.112559 0.115658 0.114299 0.113256 0.112482 0.11436 0.114947
20201008 0.109629 0.110009 0.109069 0.111842 0.112162 0.11063 0.11201 0.11177 0.111503 0.112304 0.113496 0.114214 0.112107 0.114272 0.114317 0.114899 0.116611 0.115975 0.116682 0.116357 0.118176 0.118091 0.112345 0.113035 0.113298 0.115639 0.114544 0.11246 0.112512 0.114587 0.114153 0.114365
20201009 0.113116 0.114206 0.113388 0.11285 0.11533 0.115776 0.11557 0.115633 0.114022 0.115552 0.116076 0.118924 0.114189 0.116961 0.118647 0.117916 0.118456 0.119088 0.11771 0.118404 0.119391 0.120517 0.114338 0.115265 0.116156 0.114985 0.113773 0.113746 0.116345 0.115412 0.116627 0.118866
20201010 0.115582 0.115371 0.113644 0.113279 0.111963 0.114205 0.114814 0.115369 0.11487 0.116096 0.115794 0.116829 0.115556 0.115817 0.117392 0.118302 0.118645 0.118011 0.11893 0.117659 0.117859 0.118898 0.115583 0.116437 0.11661 0.115075 0.114668 0.116643 0.116117 0.116719 0.11946 0.119099
20201011 0.114285 0.114788 0.114154 0.113549 0.113483 0.113059 0.115745 0.115349 0.114804 0.114076 0.116337 0.115498 0.115626 0.115932 0.115413 0.116973 0.118056 0.11914 0.119016 0.119831 0.118088 0.118066 0.114659 0.115287 0.114265 0.113461 0.115101 0.116668 0.117097 0.119236 0.118954 0.117281
20201012 0.114808 0.114594 0.113385 0.112938 0.113075 0.112134 0.112755 0.115088 0.11679 0.115587 0.114948 0.115462 0.1149 0.117226 0.117783 0.116922 0.119319 0.119616 0.119973 0.119326 0.120449 0.119017 0.114252 0.113901 0.113019 0.11403 0.115726 0.117088 0.118556 0.117983 0.116631 0.117349
20201013 0.113331 0.115632 0.114398 0.114582 0.114036 0.113625 0.11336 0.114598 0.115951 0.115798 0.116654 0.116906 0.116482 0.115768 0.116521 0.117091 0.117433 0.120585 0.120617 0.12035 0.119336 0.121028 0.112537 0.113416 0.114512 0.114921 0.11526 0.116761 0.116129 0.114783 0.114871 0.116176
20201014 0.113199 0.1137 0.115368 0.115536 0.115144 0.115222 0.116086 0.117446 0.117799 0.120009 0.119342 0.121281 0.118401 0.121316 0.11983 0.120025 0.120079 0.118641 0.121679 0.122203 0.122557 0.121084 0.114431 0.117454 0.117584 0.118232 0.118375 0.118283 0.118262 0.117457 0.118812 0.118089
20201015 0.115309 0.115201 0.113106 0.116012 0.116226 0.117028 0.117121 0.118363 0.118145 0.119012 0.121204 0.11956 0.117628 0.121627 0.123339 0.121909 0.122105 0.121872 0.119109 0.121844 0.122135 0.12405 0.118145 0.119704 0.120202 0.120808 0.118455 0.119407 0.118941 0.118523 0.118556 0.120396
20201016 0.115098 0.114718 0.114035 0.113336 0.117136 0.118223 0.117914 0.116862 0.118198 0.118696 0.119239 0.122945 0.115695 0.117025 0.119341 0.120231 0.119922 0.120361 0.121403 0.119939 0.121774 0.122111 0.116453 0.119108 0.119619 0.117122 0.117888 0.117872 0.116494 0.117601 0.118691 0.119314
20201017 0.114511 0.113801 0.112706 0.113586 0.114282 0.116435 0.117017 0.117764 0.117727 0.118073 0.117873 0.117855 0.11562 0.116205 0.116516 0.120517 0.121292 0.120778 0.120136 0.119759 0.119461 0.120865 0.116323 0.118036 0.116634 0.114418 0.115607 0.114295 0.115067 0.115733 0.116299 0.118115
20201018 0.112382 0.111327 0.109851 0.110402 0.110431 0.110859 0.114633 0.113594 0.114868 0.115421 0.116276 0.11603 0.114609 0.116367 0.115336 0.11501 0.120175 0.122263 0.120293 0.119137 0.119012 0.118413 0.115028 0.113938 0.112758 0.114391 0.113072 0.112615 0.114408 0.115739 0.115729 0.115087
20201019 0.116468 0.114996 0.113513 0.112781 0.113361 0.113402 0.113925 0.115655 0.11569 0.118456 0.118414 0.11945 0.116762 0.117753 0.118994 0.117606 0.117459 0.122958 0.12439 0.122254 0.122313 0.123627 0.114025 0.11478 0.116954 0.115582 0.115917 0.118056 0.119234 0.117375 0.115166 0.117236
20201020 0.113995 0.113974 0.112177 0.112055 0.112976 0.112422 0.113022 0.114019 0.116588 0.116536 0.118378 0.11921 0.117536 0.118132 0.118178 0.1186 0.117858 0.118981 0.122347 0.123322 0.122297 0.122385 0.11378 0.117443 0.1168 0.117497 0.118754 0.119605 0.118392 0.115856 0.117016 0.119489
20201021 0.108038 0.108425 0.108577 0.108862 0.108978 0.109604 0.110554 0.111327 0.111132 0.112976 0.115004 0.116045 0.11207 0.115637 0.115889 0.116637 0.116745 0.116041 0.117348 0.120494 0.121576 0.120434 0.110933 0.111925 0.111589 0.113379 0.115096 0.114003 0.112639 0.113254 0.114751 0.114817
20201022 0.108237 0.108439 0.106425 0.109071 0.109624 0.109457 0.111265 0.111797 0.111818 0.112702 0.113179 0.115848 0.108732 0.113577 0.115359 0.115386 0.116478 0.115988 0.115636 0.116702 0.118367 0.118582 0.10839 0.109644 0.110999 0.11056 0.110392 0.108559 0.110248 0.111881 0.113004 0.112847
20201023 0.110365 0.110263 0.108714 0.108979 0.112354 0.113155 0.115739 0.114839 0.116314 0.114546 0.116775 0.116362 0.113791 0.114305 0.117925 0.119344 0.118714 0.119557 0.118181 0.117148 0.11736 0.119092 0.111661 0.116117 0.114002 0.112076 0.1105 0.113216 0.114234 0.115697 0.114819 0.116015
20201024 0.113914 0.113752 0.110923 0.111265 0.112932 0.115612 0.117208 0.119354 0.121371 0.119302 0.121201 0.119698 0.118349 0.120411 0.121188 0.122488 0.124007 0.123513 0.123486 0.123651 0.121554 0.12093 0.118617 0.119979 0.116964 0.115984 0.118697 0.119944 0.120621 0.121771 0.120382 0.121997
20201025 0.116252 0.116274 0.113211 0.112527 0.113736 0.114404 0.117186 0.117199 0.118758 0.121462 0.122785 0.123948 0.115181 0.119206 0.120238 0.120262 0.121343 0.123448 0.122536 0.122123 0.123156 0.121712 0.119084 0.117064 0.116243 0.118475 0.117937 0.118742 0.121569 0.119693 0.120675 0.120849
20201026 0.117877 0.117159 0.114627 0.115422 0.115561 0.116968 0.117153 0.12056 0.119382 0.123279 0.121297 0.119521 0.117807 0.11743 0.11933 0.121678 0.120737 0.121085 0.123794 0.121923 0.122548 0.122723 0.117073 0.117222 0.118593 0.117284 0.117273 0.119261 0.119514 0.119017 0.119155 0.117596
20201027 0.11535 0.117183 0.114577 0.115097 0.11499 0.115475 0.116606 0.1169 0.119204 0.118659 0.120861 0.120805 0.119696 0.11969 0.115758 0.118553 0.12138 0.120774 0.121077 0.123195 0.122591 0.122926 0.115539 0.118111 0.117275 0.117011 0.119215 0.119287 0.11942 0.11909 0.116482 0.118732
20201028 0.11405 0.114236 0.113914 0.113197 0.112879 0.1141 0.115271 0.116261 0.117953 0.12015 0.119009 0.121313 0.11741 0.121045 0.11963 0.116753 0.118958 0.121183 0.121277 0.122393 0.126321 0.125865 0.116066 0.118469 0.118186 0.118974 0.119375 0.120121 0.118273 0.117097 0.118243 0.118295
20201029 0.115383 0.115602 0.112607 0.115213 0.115571 0.116027 0.116615 0.116386 0.116937 0.12008 0.122007 0.12108 0.116475 0.120412 0.121435 0.11963 0.117735 0.119921 0.122356 0.123007 0.123237 0.126658 0.116664 0.118975 0.119602 0.119728 0.120501 0.118385 0.117103 0.119141 0.118645 0.119607
20201030 0.115131 0.115171 0.112149 0.112106 0.115793 0.116178 0.11654 0.116996 0.118237 0.116872 0.120385 0.120619 0.117767 0.116786 0.119439 0.122794 0.119841 0.118351 0.122332 0.124198 0.124441 0.125139 0.117351 0.120142 0.119811 0.119673 0.11842 0.118536 0.119232 0.119912 0.119574 0.120132
20201031 0.115682 0.115644 0.112792 0.113578 0.11342 0.1163 0.115949 0.116625 0.119962 0.119729 0.1205 0.122249 0.117133 0.120224 0.118196 0.120933 0.124318 0.12211 0.121959 0.12525 0.126572 0.126196 0.118975 0.12088 0.119728 0.119267 0.119578 0.12041 0.12073 0.121191 0.122086 0.122291
20201101 0.117476 0.116916 0.115171 0.116091 0.116967 0.116639 0.11857 0.119151 0.118423 0.119354 0.119816 0.120463 0.118987 0.120666 0.120618 0.119956 0.120962 0.122712 0.122629 0.120888 0.123487 0.123673 0.120482 0.122092 0.121008 0.120957 0.122062 0.120959 0.123452 0.124095 0.125108 0.12418
20201102 0.113953 0.112443 0.109731 0.110768 0.11033 0.110808 0.112037 0.11464 0.117218 0.114142 0.116273 0.11689 0.115137 0.115057 0.115325 0.114417 0.114928 0.116457 0.118547 0.119014 0.117123 0.119115 0.11526 0.115072 0.115859 0.116136 0.115146 0.118453 0.118498 0.120415 0.119153 0.119161
20201103 0.115158 0.115082 0.11425 0.11369 0.113332 0.114863 0.116695 0.117352 0.119178 0.12182 0.115516 0.118288 0.116572 0.117623 0.11634 0.115955 0.116859 0.116732 0.117795 0.119297 0.12003 0.118475 0.113748 0.114611 0.114773 0.114938 0.115926 0.116824 0.117048 0.117488 0.117558 0.116797
20201104 0.116686 0.116571 0.116972 0.116917 0.116942 0.117257 0.116853 0.118074 0.119357 0.122973 0.122601 0.123309 0.119592 0.122214 0.121187 0.1199 0.119798 0.122793 0.121308 0.122895 0.123572 0.124583 0.117053 0.118357 0.119639 0.120489 0.122032 0.120497 0.120014 0.12017 0.119285 0.12001
20201105 0.117109 0.116645 0.113885 0.116233 0.118008 0.117549 0.118785 0.118329 0.117889 0.12038 0.12196 0.124334 0.120524 0.122019 0.1233 0.123613 0.124025 0.121808 0.124405 0.122115 0.123896 0.125705 0.118496 0.121567 0.122971 0.124867 0.122491 0.120605 0.119962 0.119523 0.119751 0.119649
20201106 0.116223 0.114735 0.11175 0.112546 0.115475 0.115602 0.115917 0.117214 0.116875 0.117836 0.119432 0.122387 0.117469 0.12098 0.121857 0.122842 0.123863 0.12308 0.122149 0.123523 0.122548 0.12326 0.11879 0.121656 0.123643 0.1219 0.119862 0.118804 0.118832 0.119323 0.118671 0.120962
20201107 0.114108 0.113856 0.111414 0.111568 0.111879 0.113563 0.113796 0.113368 0.116929 0.115367 0.117678 0.119096 0.114024 0.116403 0.117769 0.118959 0.120937 0.120566 0.120421 0.118702 0.120414 0.119181 0.117303 0.120485 0.119445 0.117829 0.117101 0.117292 0.117929 0.11739 0.119386 0.116654
20201108 0.112421 0.112897 0.110618 0.110259 0.110105 0.10991 0.112106 0.112605 0.111375 0.114502 0.113729 0.116479 0.112951 0.114635 0.114651 0.115326 0.115839 0.118379 0.118471 0.118066 0.116029 0.118181 0.115937 0.11518 0.11375 0.112753 0.113772 0.115466 0.1154 0.116644 0.115138 0.114734
20201109 0.110506 0.109751 0.107589 0.107582 0.107682 0.108067 0.108849 0.111677 0.111644 0.111425 0.110616 0.112012 0.110302 0.11203 0.11266 0.112139 0.113477 0.114289 0.115364 0.116173 0.115361 0.115456 0.110371 0.109363 0.108535 0.109485 0.111267 0.111254 0.112418 0.112407 0.111149 0.111709
20201110 0.112711 0.113896 0.11085 0.110802 0.110852 0.110916 0.111403 0.111714 0.113899 0.114365 0.114646 0.11482 0.114258 0.113634 0.113248 0.112898 0.113545 0.114519 0.11591 0.118325 0.118897 0.11731 0.112592 0.112303 0.112249 0.11257 0.113003 0.115102 0.114186 0.111926 0.112761 0.113039
20201111 0.111892 0.111973 0.113009 0.113522 0.113558 0.114008 0.113622 0.114479 0.114024 0.116634 0.117614 0.116888 0.114648 0.116907 0.115091 0.114048 0.113439 0.114661 0.116258 0.117514 0.119547 0.120551 0.110482 0.11311 0.112603 0.113349 0.116696 0.115184 0.11364 0.115261 0.116123 0.114485
20201112 0.110381 0.110682 0.108515 0.110958 0.110702 0.11118 0.110902 0.11278 0.113344 0.113989 0.117085 0.11802 0.113274 0.115464 0.117345 0.115291 0.115294 0.115345 0.117087 0.118521 0.119972 0.119488 0.112919 0.113608 0.114296 0.117086 0.115599 0.115752 0.116527 0.117471 0.11761 0.118269
20201113 0.112779 0.113394 0.112046 0.112007 0.115462 0.117295 0.116772 0.117287 0.118624 0.118795 0.117959 0.119234 0.113965 0.115961 0.116881 0.118768 0.117332 0.116677 0.115932 0.11748 0.119347 0.120757 0.114695 0.117268 0.118955 0.117733 0.118747 0.120093 0.119742 0.120498 0.121662 0.122036
20201114 0.112008 0.111304 0.108694 0.109145 0.109271 0.113129 0.113574 0.11512 0.113776 0.116523 0.115517 0.117524 0.112441 0.112854 0.113404 0.115001 0.11631 0.115033 0.114237 0.116045 0.117068 0.118711 0.114136 0.115898 0.115012 0.115481 0.117882 0.117086 0.118843 0.118971 0.119029 0.119577
20201115 0.112966 0.112556 0.110528 0.110362 0.110169 0.110201 0.114195 0.114563 0.116215 0.117205 0.120395 0.118584 0.113605 0.114254 0.113965 0.114614 0.115906 0.116408 0.116489 0.116339 0.117975 0.118227 0.115032 0.11461 0.114794 0.117603 0.117028 0.118593 0.118679 0.118911 0.11905 0.118651
20201116 0.118256 0.11766 0.114128 0.11431 0.114577 0.115447 0.11577 0.118335 0.119833 0.121084 0.121615 0.121936 0.119159 0.120062 0.119858 0.120621 0.121597 0.121467 0.119951 0.121449 0.121896 0.122323 0.117089 0.117277 0.120982 0.120085 0.122368 0.122249 0.121674 0.122023 0.120924 0.12191
20201117 0.118812 0.118991 0.117063 0.117221 0.117393 0.117558 0.11833 0.117938 0.121372 0.123254 0.12207 0.122925 0.121497 0.122559 0.121608 0.121525 0.122097 0.124437 0.124143 0.122964 0.123605 0.122877 0.117403 0.121367 0.121824 0.12337 0.123345 0.122245 0.12064 0.11885 0.120509 0.120109
20201118 0.11332 0.113509 0.112225 0.113293 0.113438 0.114076 0.115486 0.113996 0.11548 0.118605 0.118749 0.120981 0.115896 0.118893 0.118334 0.117091 0.117568 0.11819 0.119321 0.121162 0.12343 0.122343 0.115354 0.116873 0.118851 0.119886 0.119784 0.11889 0.117182 0.118363 0.118835 0.119216
20201119 0.111745 0.11213 0.109391 0.112656 0.113617 0.11337 0.11416 0.115115 0.115216 0.11505 0.118145 0.120151 0.113409 0.115983 0.11777 0.117926 0.117888 0.118448 0.119169 0.119876 0.120985 0.121881 0.113824 0.117073 0.117001 0.117745 0.116365 0.115503 0.116966 0.11704 0.117516 0.118398
20201120 0.112634 0.113637 0.10998 0.110311 0.113528 0.113358 0.114183 0.115298 0.115159 0.114573 0.114746 0.117999 0.113637 0.114982 0.117847 0.119814 0.120124 0.120378 0.119766 0.119942 0.121697 0.121805 0.115581 0.117258 0.117946 0.115655 0.115026 0.11631 0.116847 0.116521 0.118946 0.118578
20201121 0.112885 0.113431 0.11073 0.111133 0.111973 0.114501 0.1152 0.115952 0.117103 0.116095 0.114616 0.116217 0.114248 0.116113 0.116656 0.11983 0.121898 0.121022 0.120529 0.11995 0.120377 0.121196 0.114676 0.116318 0.113751 0.112278 0.112304 0.113427 0.114025 0.115951 0.116399 0.116592
20201122 0.113381 0.113975 0.111156 0.110969 0.1105 0.109378 0.112653 0.113852 0.116452 0.115313 0.114448 0.117864 0.114757 0.114572 0.11606 0.116368 0.116946 0.118803 0.117994 0.117562 0.117089 0.117217 0.114968 0.111802 0.109697 0.108915 0.110568 0.111226 0.112946 0.112252 0.113178 0.111891
20201123 0.113737 0.11488 0.11066 0.111347 0.110737 0.110809 0.110538 0.112343 0.113611 0.113961 0.115772 0.115889 0.114819 0.115783 0.11422 0.115446 0.114656 0.115113 0.11736 0.116566 0.116255 0.116365 0.111299 0.109952 0.109233 0.111514 0.111458 0.112365 0.111465 0.112376 0.110167 0.110785
20201124 0.114907 0.116141 0.114438 0.114922 0.11453 0.114193 0.114811 0.114078 0.118237 0.117471 0.119339 0.119861 0.119044 0.1193 0.119974 0.11778 0.117203 0.118201 0.118715 0.12073 0.119733 0.120093 0.11373 0.114382 0.115488 0.114135 0.114267 0.114281 0.115686 0.113082 0.113539 0.114403
20201125 0.11517 0.116001 0.115962 0.116744 0.116753 0.117679 0.118979 0.117036 0.118887 0.118877 0.121289 0.122937 0.120105 0.122082 0.122074 0.12392 0.120747 0.120209 0.12156 0.121292 0.123421 0.122157 0.117496 0.119217 0.118996 0.118408 0.115864 0.117967 0.114382 0.116263 0.117168 0.118992
20201126 0.112813 0.113125 0.110151 0.11438 0.113865 0.114591 0.114627 0.11496 0.115079 0.115775 0.117836 0.118022 0.113678 0.117391 0.118686 0.119698 0.121487 0.11738 0.118614 0.118515 0.118459 0.120314 0.114988 0.11634 0.115978 0.114668 0.115191 0.113077 0.113741 0.114308 0.11611 0.114269
20201127 0.114352 0.114514 0.111274 0.111568 0.114601 0.114524 0.1142 0.114833 0.114917 0.116017 0.117072 0.116302 0.114607 0.115985 0.117589 0.118283 0.118778 0.120029 0.116138 0.117253 0.116622 0.116636 0.114214 0.114923 0.115076 0.115259 0.113242 0.114 0.114981 0.115523 0.113899 0.115754
20201128 0.115607 0.1159 0.1128 0.113286 0.112904 0.113937 0.114929 0.115175 0.115801 0.116184 0.117175 0.115051 0.117414 0.117374 0.11733 0.118608 0.119444 0.119918 0.120131 0.119269 0.120164 0.120808 0.116761 0.117383 0.117171 0.115501 0.114781 0.116038 0.117103 0.115395 0.116587 0.118844
20201129 0.115082 0.114688 0.112625 0.112774 0.112522 0.113466 0.112689 0.114039 0.114822 0.11443 0.115051 0.114922 0.116 0.116745 0.116211 0.116838 0.117579 0.119297 0.119306 0.119758 0.119152 0.118236 0.114628 0.115813 0.112461 0.112486 0.11234 0.113694 0.114937 0.115407 0.116336 0.116934
20201130 0.115371 0.115129 0.112514 0.112424 0.113098 0.113701 0.11403 0.11419 0.115891 0.117309 0.116378 0.118402 0.118044 0.119713 0.119532 0.118865 0.119323 0.120669 0.122954 0.122723 0.123516 0.122371 0.118122 0.115273 0.115877 0.115326 0.116061 0.118628 0.118906 0.118996 0.119302 0.119015
20201201 0.118173 0.120639 0.117836 0.11794 0.118351 0.118089 0.118143 0.117739 0.119438 0.12019 0.120137 0.117372 0.119622 0.121946 0.122228 0.122821 0.122259 0.122528 0.122962 0.125197 0.125818 0.126422 0.116551 0.11858 0.117691 0.118233 0.120328 0.121394 0.122321 0.121074 0.120543 0.120554
20201202 0.113841 0.113889 0.114421 0.114198 0.114869 0.115009 0.115299 0.11506 0.11497 0.117817 0.118104 0.119908 0.117139 0.119519 0.11936 0.119053 0.119314 0.11934 0.120707 0.120813 0.121776 0.123154 0.115601 0.116201 0.116524 0.11763 0.11894 0.119636 0.117608 0.11649 0.116019 0.117486
20201203 0.111919 0.11195 0.109345 0.113923 0.113856 0.113028 0.112969 0.114347 0.113535 0.116161 0.116394 0.117149 0.112687 0.117505 0.118605 0.11896 0.119321 0.119122 0.119434 0.120155 0.121097 0.123801 0.11414 0.114867 0.116183 0.11825 0.118543 0.116132 0.116738 0.115843 0.116772 0.118554
20201204 0.113851 0.114261 0.111174 0.111197 0.115375 0.115945 0.116357 0.115226 0.116518 0.117158 0.116377 0.117985 0.113627 0.115626 0.120076 0.12058 0.122466 0.122649 0.121742 0.122721 0.124134 0.125322 0.112658 0.11695 0.119584 0.119157 0.118293 0.119236 0.119469 0.120907 0.12185 0.120583
20201205 0.118232 0.118749 0.11475 0.115218 0.115357 0.118816 0.119965 0.120453 0.121789 0.122215 0.121391 0.123345 0.121254 0.120786 0.123115 0.126255 0.125098 0.128306 0.128679 0.128522 0.127767 0.128266 0.12227 0.125572 0.123093 0.1222 0.122193 0.122465 0.123609 0.124056 0.123758 0.124142
20201206 0.117239 0.117235 0.112848 0.112982 0.112024 0.111643 0.117364 0.117512 0.116754 0.119554 0.116236 0.117682 0.11552 0.117736 0.117909 0.119412 0.12088 0.120201 0.124159 0.124232 0.124016 0.123138 0.120682 0.118953 0.118231 0.118246 0.117931 0.118783 0.119814 0.119862 0.12016 0.120192
20201207 0.116376 0.116629 0.113688 0.113373 0.113079 0.113724 0.113116 0.11943 0.119175 0.117599 0.118372 0.118476 0.116399 0.11538 0.116338 0.116293 0.115656 0.119377 0.119719 0.122153 0.121539 0.121847 0.115929 0.11435 0.114554 0.113689 0.115107 0.115843 0.116185 0.115819 0.116365 0.115687
20201208 0.112176 0.1138 0.109564 0.109462 0.110134 0.109136 0.110274 0.110489 0.111893 0.11186 0.111641 0.11354 0.114759 0.114521 0.113286 0.114729 0.113871 0.113738 0.117629 0.117571 0.11821 0.118146 0.110223 0.112075 0.112859 0.114438 0.114487 0.113228 0.112277 0.112286 0.111346 0.11271
20201209 0.114614 0.115059 0.114295 0.114659 0.114864 0.116494 0.116298 0.11645 0.118057 0.119615 0.120228 0.119851 0.119915 0.122089 0.120306 0.11939 0.120623 0.118976 0.119909 0.122085 0.122471 0.122598 0.11767 0.119121 0.120703 0.121415 0.12042 0.118823 0.117173 0.116971 0.118172 0.117651
20201210 0.11955 0.119881 0.116472 0.117968 0.117915 0.118229 0.118701 0.117972 0.12009 0.119744 0.121559 0.123118 0.121125 0.123758 0.125724 0.123694 0.122845 0.123885 0.123107 0.124557 0.126071 0.125814 0.119285 0.124813 0.125184 0.123961 0.12226 0.122512 0.120721 0.120668 0.121603 0.122724
20201211 0.113869 0.114258 0.110558 0.110516 0.113393 0.11413 0.11384 0.11289 0.113409 0.115581 0.115014 0.118346 0.116868 0.119182 0.120618 0.122414 0.120847 0.119924 0.121008 0.120743 0.121855 0.123182 0.117981 0.118833 0.118909 0.119325 0.118737 0.11764 0.116394 0.117342 0.118482 0.120121
20201212 0.110642 0.110364 0.106611 0.106968 0.106283 0.109716 0.109766 0.109901 0.110229 0.111436 0.111115 0.110296 0.111419 0.112852 0.114253 0.116761 0.117771 0.118375 0.116942 0.118413 0.118779 0.119553 0.111959 0.114283 0.114521 0.112832 0.112722 0.112697 0.114385 0.115271 0.116561 0.115218
20201213 0.11163 0.110615 0.107622 0.107722 0.108255 0.108013 0.111695 0.111271 0.111932 0.110412 0.114307 0.113032 0.112143 0.113593 0.113497 0.115057 0.115948 0.115817 0.116761 0.11534 0.115876 0.116616 0.113477 0.112878 0.111016 0.111326 0.112812 0.114562 0.116273 0.115964 0.115535 0.114642
20201214 0.114626 0.113017 0.111126 0.111898 0.11222 0.111869 0.111928 0.114298 0.111793 0.113247 0.113477 0.112782 0.114182 0.113212 0.113956 0.113629 0.115071 0.114344 0.114823 0.115254 0.114158 0.115354 0.112504 0.11241 0.111843 0.112421 0.114168 0.11747 0.117439 0.117405 0.116272 0.117571
20201215 0.114192 0.114514 0.112532 0.113138 0.113857 0.114555 0.1152 0.114324 0.116473 0.116526 0.115976 0.117033 0.117955 0.118246 0.116353 0.117075 0.118279 0.118101 0.118223 0.119356 0.120539 0.119784 0.113489 0.114878 0.114919 0.115569 0.119071 0.119736 0.118965 0.117973 0.119058 0.118821
20201216 0.110628 0.110753 0.1108 0.111077 0.110677 0.110742 0.11177 0.11262 0.11395 0.115162 0.115596 0.11642 0.116678 0.120567 0.12005 0.117797 0.11951 0.120684 0.119557 0.121169 0.123282 0.124057 0.113082 0.115485 0.115079 0.118313 0.119546 0.119224 0.117661 0.118675 0.11856 0.119604
20201217 0.109473 0.109501 0.106098 0.110196 0.110815 0.111209 0.112522 0.112313 0.112284 0.113416 0.115872 0.117491 0.111832 0.116838 0.120962 0.11977 0.119379 0.120301 0.12058 0.119551 0.121008 0.124051 0.111906 0.111792 0.114125 0.114475 0.115532 0.11393 0.115213 0.116135 0.116584 0.116612
20201218 0.110681 0.110942 0.107598 0.108115 0.111796 0.11192 0.111756 0.112425 0.11341 0.112883 0.1143 0.115388 0.109668 0.114028 0.115917 0.118328 0.117289 0.11667 0.117228 0.118355 0.118039 0.118962 0.108997 0.110903 0.111726 0.112409 0.111903 0.111543 0.112198 0.11361 0.11301 0.114803
20201219 0.109369 0.109023 0.105568 0.105955 0.106388 0.110875 0.111339 0.111481 0.111956 0.111867 0.111211 0.11228 0.111519 0.110316 0.113373 0.113226 0.115716 0.115402 0.113298 0.115301 0.116696 0.11816 0.111031 0.111088 0.112359 0.111492 0.111304 0.111207 0.112665 0.111444 0.113634 0.112928
20201220 0.112177 0.111318 0.10887 0.108644 0.109488 0.110046 0.112027 0.112928 0.112974 0.113505 0.114719 0.113804 0.112402 0.113084 0.113129 0.114456 0.114819 0.116176 0.116512 0.115084 0.117597 0.118512 0.112749 0.113608 0.111587 0.112224 0.111746 0.111953 0.112172 0.113277 0.112414 0.112943
20201221 0.113328 0.112826 0.109957 0.1105 0.110023 0.109244 0.110377 0.112213 0.113063 0.113849 0.11461 0.115357 0.114809 0.113882 0.113563 0.11495 0.115489 0.115125 0.116837 0.116005 0.115398 0.117587 0.113975 0.113399 0.114165 0.114549 0.115217 0.113871 0.115035 0.114966 0.113404 0.113771
20201222 0.11302 0.11333 0.110577 0.110986 0.112098 0.111339 0.111988 0.112172 0.114328 0.113268 0.114063 0.115743 0.114687 0.117582 0.115393 0.11494 0.116705 0.117115 0.116107 0.118182 0.117853 0.117397 0.111884 0.114229 0.114613 0.115976 0.114503 0.115888 0.116076 0.114017 0.11416 0.114025
20201223 0.110931 0.111102 0.109473 0.109957 0.109932 0.110269 0.111236 0.111211 0.111213 0.113186 0.112987 0.111141 0.113799 0.114864 0.116051 0.114838 0.114569 0.115232 0.11662 0.115772 0.117614 0.117027 0.113944 0.114582 0.115019 0.113539 0.114946 0.116242 0.113797 0.114706 0.114424 0.115731
20201224 0.112277 0.111622 0.10811 0.110078 0.110559 0.10987 0.110616 0.110951 0.11264 0.112109 0.115093 0.113448 0.110671 0.113997 0.114177 0.114564 0.114992 0.114687 0.115559 0.116979 0.117442 0.118947 0.113524 0.114129 0.113866 0.114788 0.115465 0.11278 0.114338 0.114526 0.115572 0.116308
20201225 0.113454 0.112372 0.109793 0.11072 0.11265 0.112381 0.11312 0.113873 0.115254 0.114787 0.114443 0.116615 0.115006 0.115122 0.116586 0.117165 0.11711 0.117416 0.116988 0.118714 0.118464 0.118337 0.115125 0.116312 0.116296 0.11706 0.114033 0.114087 0.114879 0.11641 0.116903 0.115965
20201226 0.115826 0.115828 0.112674 0.112393 0.112656 0.114508 0.114745 0.113351 0.114718 0.1147 0.11885 0.117802 0.11614 0.118566 0.11918 0.117829 0.118623 0.118481 0.118749 0.118233 0.119175 0.119834 0.115558 0.116882 0.118175 0.114738 0.114603 0.1145 0.116936 0.117627 0.116675 0.118607
20201227 0.115802 0.114838 0.112763 0.112852 0.11322 0.1126 0.115731 0.115595 0.116559 0.118192 0.117121 0.118393 0.11838 0.11974 0.120183 0.120669 0.12053 0.121998 0.122622 0.122843 0.12203 0.121382 0.116829 0.117482 0.11454 0.115657 0.115341 0.11815 0.118833 0.117464 0.119448 0.117599
20201228 0.11494 0.112769 0.10995 0.110312 0.110874 0.110715 0.111346 0.114578 0.113262 0.114335 0.116238 0.117258 0.115376 0.116816 0.11736 0.117844 0.11664 0.117235 0.118263 0.119939 0.120092 0.12013 0.11468 0.113265 0.114206 0.114647 0.11641 0.116575 0.115288 0.117327 0.114611 0.116877
20201229 0.109427 0.110613 0.10838 0.108127 0.108767 0.108071 0.108871 0.108949 0.111136 0.113142 0.111679 0.113437 0.110372 0.111741 0.111989 0.113639 0.114436 0.113663 0.113722 0.115492 0.118129 0.117016 0.108003 0.10986 0.11067 0.110756 0.110683 0.110222 0.111658 0.109306 0.111093 0.110136
20201230 0.108412 0.108452 0.109713 0.109952 0.109732 0.109613 0.110375 0.11097 0.110615 0.113542 0.113218 0.111919 0.11143 0.113022 0.113913 0.113222 0.114544 0.116462 0.116238 0.116632 0.118118 0.119984 0.109997 0.111286 0.112201 0.112011 0.111879 0.111941 0.11025 0.111235 0.111064 0.112672
20201231 0.111341 0.11105 0.108301 0.112173 0.111888 0.111238 0.111406 0.110831 0.111715 0.114344 0.115963 0.118267 0.112928 0.116079 0.117981 0.118798 0.117853 0.118866 0.120308 0.119624 0.120895 0.122587 0.112838 0.116517 0.116461 0.116668 0.116928 0.114355 0.115814 0.115902 0.116327 0.118126
20210919 0.115056 0.115128 0.112324 0.112931 0.112205 0.111947 0.115813 0.115519 0.115642 0.116379 0.117062 0.11617 0.114825 0.115876 0.116713 0.116371 0.119283 0.121531 0.120505 0.121298 0.12039 0.120298 0.1145 0.115401 0.110429 0.112893 0.117571 0.117992 0.117474 0.120859 0.121039 0.119862
20210920 0.116353 0.115571 0.111931 0.11293 0.113107 0.11313 0.11451 0.117733 0.118947 0.119119 0.118647 0.120636 0.120198 0.120291 0.120392 0.121824 0.121205 0.121978 0.122185 0.121574 0.123255 0.122239 0.117429 0.114692 0.115666 0.120464 0.120599 0.118931 0.122561 0.122491 0.122105 0.121725
20210921 0.115434 0.116771 0.114053 0.114527 0.114628 0.115166 0.116343 0.115734 0.118487 0.119237 0.119586 0.117954 0.116922 0.121271 0.118861 0.119889 0.122324 0.121086 0.122471 0.121677 0.121085 0.122091 0.112589 0.115863 0.119592 0.119682 0.119454 0.12174 0.121275 0.120656 0.120788 0.12161
20210922 0.114891 0.115521 0.114023 0.113684 0.116127 0.1166 0.118253 0.120617 0.12169 0.121341 0.124379 0.124963 0.123228 0.124371 0.126803 0.124552 0.125628 0.126481 0.1257 0.128378 0.128699 0.12607 0.118343 0.123377 0.123553 0.124536 0.126423 0.125903 0.126421 0.126959 0.126797 0.127546
20210923 0.119569 0.119513 0.116473 0.118334 0.118367 0.119185 0.12034 0.121524 0.121874 0.123896 0.125043 0.124598 0.119065 0.12629 0.12619 0.127505 0.126043 0.126708 0.127672 0.126009 0.127547 0.127831 0.123732 0.125136 0.125398 0.127669 0.126687 0.126648 0.126673 0.127638 0.128389 0.130795
20210924 0.11766 0.116762 0.113473 0.113701 0.115519 0.114997 0.115349 0.116495 0.115336 0.117046 0.115453 0.119947 0.115844 0.114631 0.120069 0.121347 0.121287 0.11935 0.121031 0.122556 0.120967 0.122942 0.118868 0.119354 0.120282 0.119097 0.119326 0.119335 0.121647 0.121529 0.122454 0.122569
20210925 0.116483 0.116035 0.113284 0.113486 0.113607 0.118453 0.118871 0.119426 0.120152 0.119565 0.11973 0.118453 0.117344 0.115776 0.11387 0.117798 0.120013 0.120581 0.12022 0.120638 0.123164 0.122243 0.116122 0.117787 0.116975 0.116348 0.117062 0.11896 0.119864 0.119263 0.119918 0.119767
20210926 0.120863 0.120139 0.116858 0.116843 0.117164 0.117228 0.121919 0.123178 0.122978 0.121736 0.124415 0.125464 0.123945 0.124742 0.122375 0.119851 0.123789 0.125409 0.126691 0.125684 0.125204 0.127957 0.122869 0.122384 0.12131 0.122081 0.122741 0.123537 0.122883 0.124827 0.125068 0.122916
20210927 0.118125 0.118138 0.115621 0.1158 0.115307 0.115239 0.116004 0.118299 0.118632 0.118125 0.118145 0.120708 0.117575 0.120621 0.119972 0.119023 0.115931 0.120259 0.121651 0.123261 0.123451 0.123061 0.118267 0.118932 0.120241 0.119359 0.120582 0.118173 0.120169 0.121173 0.119154 0.120878
20210928 0.11455 0.115499 0.112872 0.112548 0.114017 0.11304 0.113616 0.114017 0.11658 0.116587 0.117464 0.117787 0.116286 0.117398 0.118574 0.117878 0.116623 0.11431 0.118589 0.120337 0.121987 0.121115 0.11648 0.117535 0.117423 0.118105 0.115513 0.117587 0.118697 0.116663 0.118445 0.118013
20210929 0.112612 0.113113 0.113173 0.113174 0.112711 0.112891 0.11265 0.114512 0.112818 0.115616 0.116222 0.115219 0.114174 0.118004 0.117626 0.117483 0.116756 0.1161 0.113766 0.116983 0.118072 0.119947 0.113823 0.116143 0.115687 0.115567 0.117299 0.118084 0.114321 0.117553 0.115852 0.118365
20210930 0.111876 0.111858 0.109173 0.110911 0.112147 0.112479 0.112969 0.115574 0.114531 0.114185 0.114402 0.115761 0.114427 0.116365 0.117982 0.117303 0.116852 0.115784 0.115332 0.115042 0.117235 0.118836 0.11532 0.116915 0.116942 0.117531 0.118447 0.115612 0.11854 0.118211 0.118877 0.122147
20211001 0.114362 0.113914 0.111707 0.111916 0.114461 0.114789 0.115309 0.11697 0.118154 0.116268 0.116362 0.120051 0.113297 0.116504 0.116902 0.11877 0.118022 0.116464 0.116611 0.116922 0.117361 0.120377 0.115849 0.11649 0.118198 0.118068 0.115005 0.116794 0.117985 0.118411 0.121921 0.119522
20211002 0.115892 0.114706 0.1126 0.112548 0.113113 0.11496 0.115968 0.114565 0.117042 0.116409 0.117578 0.116237 0.11579 0.115519 0.118112 0.116379 0.117366 0.118227 0.11828 0.117983 0.119421 0.118634 0.116548 0.11981 0.119293 0.115714 0.117956 0.117074 0.118709 0.121342 0.120121 0.119528
20211003 0.119115 0.118704 0.117256 0.116758 0.116349 0.116892 0.116672 0.119168 0.118348 0.119775 0.120186 0.1204 0.121208 0.119627 0.119712 0.121156 0.118834 0.120008 0.121781 0.121892 0.120875 0.122478 0.12172 0.121951 0.118397 0.120086 0.119655 0.119868 0.121912 0.121068 0.120947 0.122387
20211004 0.121284 0.121288 0.118287 0.117282 0.117705 0.117228 0.116644 0.117841 0.117907 0.11985 0.119646 0.119922 0.121448 0.122666 0.120877 0.120569 0.120762 0.119492 0.120102 0.12013 0.12083 0.121155 0.122502 0.118361 0.120017 0.119481 0.119667 0.121706 0.122124 0.121995 0.121614 0.121113
20211005 0.118748 0.119115 0.1183 0.118669 0.118164 0.118344 0.118066 0.118619 0.121006 0.121027 0.121514 0.122082 0.119819 0.119492 0.120934 0.119014 0.118909 0.119423 0.118594 0.11934 0.118872 0.119814 0.116278 0.119195 0.118768 0.119097 0.121194 0.121815 0.122344 0.122312 0.122271 0.122692
20211006 0.1166 0.11694 0.117247 0.11806 0.119258 0.120079 0.120308 0.120018 0.120131 0.125885 0.123711 0.123274 0.121314 0.12144 0.119917 0.121564 0.121401 0.121076 0.12099 0.121184 0.12215 0.120665 0.118185 0.118991 0.120534 0.121326 0.119959 0.120842 0.120873 0.121272 0.122264 0.121301
20211007 0.115476 0.11574 0.114424 0.116242 0.117237 0.117756 0.117897 0.118301 0.118002 0.11705 0.121908 0.122081 0.117529 0.122426 0.121317 0.119071 0.12018 0.121225 0.121603 0.120831 0.12082 0.122343 0.116963 0.119033 0.120779 0.120139 0.119421 0.119408 0.120161 0.120874 0.119897 0.118366
20211008 0.115096 0.115083 0.113772 0.11408 0.116562 0.116008 0.115972 0.117764 0.117754 0.116757 0.118694 0.120458 0.116792 0.117846 0.120713 0.120179 0.118731 0.119168 0.120376 0.119468 0.119985 0.118144 0.117718 0.119883 0.120736 0.119929 0.11902 0.119503 0.121859 0.12079 0.120333 0.119055
20211009 0.116569 0.116219 0.114738 0.115545 0.115158 0.118499 0.118185 0.119692 0.120272 0.117977 0.117835 0.118996 0.114669 0.11729 0.11747 0.119417 0.118287 0.118192 0.118631 0.120123 0.11945 0.118788 0.119023 0.119 0.118609 0.118237 0.117269 0.119513 0.120274 0.121213 0.12169 0.121376
20211010 0.118682 0.118723 0.117723 0.117867 0.118269 0.118923 0.122524 0.121495 0.121796 0.121284 0.121315 0.1222 0.119224 0.117627 0.119134 0.117727 0.120767 0.120825 0.120323 0.121909 0.122415 0.12317 0.118658 0.119247 0.117131 0.115661 0.116907 0.117908 0.118291 0.119546 0.116964 0.119504
20211011 0.115752 0.115384 0.114017 0.113198 0.114227 0.114896 0.114031 0.118512 0.118225 0.118272 0.1193 0.119249 0.118071 0.117306 0.116546 0.118149 0.117002 0.120287 0.120752 0.120467 0.121067 0.121106 0.116487 0.114291 0.113294 0.114556 0.114563 0.114532 0.116149 0.113083 0.115117 0.116528
20211012 0.115277 0.115647 0.113097 0.113924 0.114258 0.114443 0.11545 0.114274 0.116524 0.116642 0.116717 0.118614 0.116864 0.118824 0.118347 0.118011 0.120008 0.1189 0.120729 0.121638 0.12236 0.122696 0.114168 0.114589 0.116198 0.115962 0.116804 0.116892 0.115827 0.116338 0.116693 0.117808
20211013 0.114203 0.114568 0.115477 0.116177 0.116914 0.117224 0.116973 0.117015 0.117047 0.11992 0.120223 0.120475 0.11701 0.119441 0.119486 0.119609 0.119469 0.120737 0.119793 0.122357 0.123234 0.122756 0.115844 0.119123 0.119136 0.119889 0.119448 0.11889 0.119721 0.12003 0.121273 0.121331
20211014 0.115295 0.115284 0.11238 0.115094 0.115455 0.115709 0.115501 0.11713 0.116749 0.116847 0.117827 0.118483 0.115473 0.118582 0.119994 0.120717 0.119355 0.119154 0.119342 0.118849 0.121356 0.121545 0.117566 0.117729 0.118471 0.119018 0.118778 0.117809 0.119525 0.120402 0.121997 0.123704
20211015 0.114044 0.114322 0.111694 0.111929 0.113249 0.113743 0.113883 0.114694 0.113055 0.11428 0.113544 0.114505 0.113882 0.113464 0.116464 0.116549 0.118063 0.116893 0.116063 0.117867 0.119337 0.119855 0.114242 0.11484 0.11637 0.11536 0.113691 0.11576 0.115162 0.116058 0.117123 0.114921
20211016 0.114968 0.115415 0.112948 0.112007 0.11177 0.113829 0.113812 0.112605 0.11265 0.116113 0.115112 0.114922 0.116648 0.116708 0.116021 0.119833 0.119127 0.120994 0.119919 0.12065 0.121285 0.122844 0.114837 0.117286 0.116978 0.114938 0.116316 0.115419 0.115247 0.116948 0.11597 0.117324
20211017 0.113558 0.113854 0.11089 0.11045 0.109993 0.109932 0.111456 0.111187 0.112345 0.11448 0.114837 0.115376 0.116742 0.118542 0.118116 0.116817 0.121525 0.121335 0.123044 0.121682 0.122885 0.123311 0.115978 0.116246 0.116301 0.117429 0.11806 0.117619 0.118221 0.117756 0.118882 0.120232
20211018 0.116863 0.116615 0.113613 0.11297 0.112216 0.112157 0.113294 0.115898 0.114091 0.115809 0.118139 0.118032 0.118269 0.121172 0.121955 0.120943 0.118688 0.122864 0.122943 0.123899 0.122893 0.123503 0.118537 0.118447 0.12027 0.120616 0.119972 0.120804 0.12155 0.120791 0.121478 0.123256
20211019 0.116174 0.117787 0.114618 0.114306 0.115363 0.115535 0.115121 0.11464 0.118113 0.115954 0.118764 0.11925 0.118931 0.121341 0.122516 0.123234 0.122157 0.120568 0.124264 0.124335 0.12485 0.123769 0.116856 0.119698 0.119971 0.119257 0.119732 0.121216 0.120846 0.121072 0.123079 0.122616
20211020 0.115361 0.115455 0.117971 0.117643 0.11697 0.118181 0.11781 0.119024 0.117458 0.118983 0.119827 0.118631 0.117337 0.120973 0.120946 0.122346 0.122727 0.122322 0.1209 0.123411 0.124121 0.125551 0.117512 0.11809 0.117023 0.117366 0.119587 0.118823 0.118952 0.12106 0.120929 0.121894
20211021 0.120862 0.120946 0.118757 0.121118 0.121265 0.121711 0.122134 0.122618 0.122456 0.12104 0.12362 0.124509 0.121645 0.124855 0.126578 0.125563 0.124907 0.126683 0.126723 0.125298 0.127216 0.126532 0.120948 0.123473 0.122763 0.123796 0.122911 0.124002 0.125425 0.125981 0.127212 0.126735
20211022 0.121743 0.122068 0.119168 0.119146 0.121001 0.121294 0.120889 0.12134 0.121362 0.123562 0.123666 0.124553 0.124143 0.125045 0.127442 0.128654 0.127441 0.126663 0.129275 0.128768 0.127384 0.128634 0.123396 0.125208 0.125579 0.125268 0.125618 0.127402 0.127395 0.128143 0.128388 0.128892
20211023 0.119694 0.120146 0.115753 0.117069 0.117371 0.119813 0.120095 0.120011 0.121131 0.121182 0.12228 0.124442 0.121858 0.122701 0.122588 0.124832 0.126141 0.125711 0.127048 0.128744 0.127452 0.126577 0.121737 0.123848 0.123496 0.123642 0.126431 0.125919 0.126353 0.127372 0.12735 0.127043
20211024 0.117274 0.116541 0.113649 0.11371 0.113308 0.114648 0.115709 0.116885 0.117768 0.120826 0.120872 0.119964 0.119442 0.12075 0.120542 0.119537 0.121326 0.123192 0.12453 0.124727 0.126462 0.125834 0.120714 0.120149 0.119792 0.122269 0.12261 0.122159 0.123196 0.123599 0.122277 0.123278
20211025 0.118317 0.117599 0.114764 0.11465 0.11516 0.116387 0.116739 0.118364 0.118786 0.119278 0.118642 0.122096 0.118652 0.120927 0.119187 0.120269 0.119751 0.122064 0.122808 0.123198 0.122783 0.124706 0.118529 0.118412 0.120656 0.120995 0.120742 0.121511 0.122283 0.122033 0.122498 0.121037
20211026 0.11674 0.116724 0.113702 0.114375 0.11525 0.115145 0.116779 0.116744 0.117086 0.119541 0.120478 0.120116 0.117935 0.119889 0.120161 0.118748 0.120231 0.119982 0.121839 0.122072 0.121648 0.121774 0.117426 0.120325 0.121152 0.120272 0.120156 0.120895 0.12073 0.12303 0.122038 0.122519
20211027 0.111205 0.111269 0.111236 0.111232 0.110785 0.112772 0.112714 0.113163 0.11287 0.114958 0.115062 0.117514 0.11488 0.116556 0.117579 0.117164 0.116827 0.118735 0.117218 0.117433 0.116768 0.117171 0.114316 0.114894 0.114254 0.115737 0.114067 0.114577 0.115387 0.115948 0.117419 0.118281
20211028 0.111005 0.111347 0.109135 0.111071 0.111294 0.112179 0.112083 0.112411 0.113275 0.113834 0.114076 0.114876 0.108965 0.113371 0.114489 0.115284 0.1155 0.115789 0.117259 0.115486 0.115404 0.114385 0.111174 0.111837 0.114032 0.112219 0.113483 0.112044 0.111895 0.11342 0.114299 0.113833
20211029 0.109744 0.110287 0.107433 0.106989 0.109758 0.110787 0.111231 0.109929 0.111761 0.113373 0.113133 0.115265 0.111516 0.109444 0.11209 0.114054 0.114196 0.113893 0.115281 0.115453 0.113417 0.114099 0.110665 0.112543 0.112281 0.111159 0.110054 0.110975 0.111945 0.113829 0.114405 0.113945
20211030 0.114023 0.113954 0.110489 0.110749 0.110253 0.113159 0.112367 0.112997 0.114215 0.114309 0.115452 0.114999 0.113629 0.115245 0.11313 0.115964 0.117152 0.117435 0.116305 0.11781 0.117357 0.11583 0.114684 0.114026 0.115332 0.114371 0.114133 0.115803 0.117303 0.117844 0.117721 0.118653
20211031 0.123297 0.124494 0.121885 0.120953 0.121459 0.120771 0.123578 0.124999 0.125141 0.124683 0.124466 0.125953 0.123656 0.124368 0.124978 0.123787 0.126203 0.126922 0.12588 0.125703 0.126939 0.127242 0.124034 0.126048 0.124562 0.124067 0.126296 0.126802 0.127966 0.127551 0.128643 0.128182
20211101 0.121024 0.123202 0.119667 0.119583 0.119576 0.119172 0.119504 0.120829 0.122017 0.121369 0.12303 0.122033 0.123841 0.124012 0.125092 0.126999 0.123739 0.125316 0.126931 0.126509 0.127219 0.127872 0.122876 0.123865 0.123218 0.124591 0.124759 0.123853 0.124215 0.125006 0.126673 0.127672
20211102 0.117361 0.119898 0.117135 0.117534 0.117216 0.117258 0.118819 0.117466 0.117583 0.119682 0.119479 0.120975 0.118339 0.120558 0.120294 0.121361 0.123035 0.121043 0.121974 0.123278 0.123802 0.124113 0.118053 0.119669 0.121547 0.122154 0.121817 0.120419 0.121587 0.122255 0.122243 0.122423
20211103 0.113992 0.114413 0.115706 0.116402 0.116392 0.116518 0.11642 0.117155 0.117084 0.118679 0.117915 0.11981 0.116769 0.121208 0.120883 0.120039 0.120651 0.122428 0.119925 0.121199 0.121816 0.123047 0.116069 0.119161 0.119773 0.11951 0.117952 0.119431 0.118992 0.119622 0.120544 0.120697
20211104 0.11425 0.114668 0.113025 0.116943 0.116679 0.116278 0.116003 0.115768 0.115817 0.115386 0.116575 0.117601 0.114468 0.116961 0.12004 0.119969 0.119352 0.119718 0.121604 0.11932 0.121468 0.121719 0.116728 0.117885 0.118545 0.117522 0.117274 0.117028 0.118092 0.11966 0.119313 0.120731
20211105 0.112891 0.112702 0.109235 0.109008 0.113245 0.112914 0.113972 0.111427 0.111813 0.112666 0.111372 0.114465 0.111515 0.113324 0.114432 0.115726 0.116332 0.114703 0.116594 0.117482 0.115468 0.117902 0.114699 0.11527 0.114594 0.113135 0.113666 0.115711 0.115458 0.116255 0.1181 0.11799
20211106 0.113537 0.113567 0.111216 0.110944 0.111602 0.11532 0.115045 0.115724 0.115644 0.115806 0.114239 0.112866 0.113321 0.112239 0.113518 0.113673 0.115225 0.115809 0.115717 0.11666 0.118257 0.11615 0.113496 0.115442 0.113879 0.112785 0.114448 0.113992 0.114571 0.116725 0.116659 0.114214
20211107 0.115882 0.116012 0.112815 0.113461 0.112183 0.113266 0.115356 0.116213 0.117112 0.116415 0.117448 0.116717 0.118474 0.118148 0.117782 0.118792 0.118691 0.119498 0.119305 0.119871 0.119985 0.120557 0.11829 0.118202 0.116345 0.117217 0.117296 0.117286 0.120231 0.120936 0.118743 0.117649
20211108 0.122164 0.121935 0.120119 0.119654 0.119564 0.119626 0.1203 0.122864 0.123968 0.126356 0.124402 0.123001 0.123256 0.125439 0.124505 0.124461 0.125505 0.124404 0.123329 0.123807 0.124702 0.125452 0.122815 0.121926 0.12173 0.122144 0.121648 0.125583 0.125494 0.123363 0.122918 0.123918
20211109 0.123054 0.125299 0.122209 0.121814 0.122386 0.121476 0.121395 0.122765 0.124784 0.126748 0.126305 0.125772 0.12432 0.125571 0.126506 0.125388 0.12507 0.125592 0.124524 0.122985 0.122645 0.124746 0.123124 0.123709 0.124645 0.123143 0.126493 0.126799 0.123983 0.124407 0.1246 0.127532
20211110 0.118626 0.118946 0.118968 0.119058 0.119563 0.118671 0.119221 0.11951 0.120083 0.122335 0.123056 0.123375 0.119731 0.121198 0.122089 0.123322 0.121574 0.121748 0.12334 0.122035 0.121648 0.121418 0.120311 0.120474 0.118835 0.122016 0.122482 0.119054 0.119955 0.120085 0.122653 0.123163
20211111 0.118099 0.118295 0.115156 0.117272 0.117189 0.118332 0.117184 0.116659 0.117438 0.118883 0.121391 0.120539 0.117644 0.118731 0.119685 0.120166 0.122355 0.120429 0.120447 0.121114 0.119935 0.120825 0.1178 0.118222 0.1208 0.121426 0.118213 0.117303 0.118318 0.12047 0.12102 0.120779
20211112 0.11768 0.117078 0.11379 0.114219 0.116686 0.116837 0.116723 0.116838 0.117223 0.1178 0.11899 0.120696 0.118399 0.11836 0.120189 0.121461 0.121821 0.124095 0.121533 0.121956 0.122245 0.121845 0.118049 0.120315 0.121586 0.11923 0.117612 0.118296 0.12085 0.120996 0.120157 0.122004
20211113 0.116366 0.116711 0.114887 0.11565 0.115797 0.117134 0.117457 0.120511 0.122096 0.120107 0.119569 0.122596 0.119094 0.118146 0.119814 0.12202 0.123312 0.123913 0.125509 0.123715 0.123876 0.123988 0.119823 0.12221 0.119967 0.118732 0.119271 0.120467 0.120868 0.120083 0.121814 0.121601
20211114 0.112689 0.112762 0.111709 0.111387 0.111532 0.110936 0.113721 0.113504 0.11436 0.11699 0.116099 0.11493 0.112967 0.115329 0.113163 0.11478 0.115774 0.117415 0.118383 0.119144 0.119105 0.119001 0.116036 0.115131 0.113903 0.114524 0.116143 0.115787 0.116608 0.118479 0.116542 0.116711
20211115 0.116243 0.117258 0.11498 0.115723 0.115308 0.115139 0.114405 0.114961 0.11595 0.116693 0.116899 0.118476 0.115959 0.11634 0.117457 0.117127 0.117288 0.117809 0.120033 0.121963 0.122447 0.122125 0.116218 0.115136 0.117262 0.117602 0.118085 0.118695 0.120111 0.11859 0.118224 0.118648
20211116 0.117277 0.117978 0.11636 0.117145 0.116798 0.118015 0.118063 0.116036 0.117904 0.120334 0.119495 0.11968 0.120021 0.121284 0.119224 0.119993 0.119133 0.119083 0.120349 0.121074 0.123087 0.123546 0.1158 0.11852 0.119288 0.119712 0.120561 0.121668 0.121517 0.118086 0.120281 0.118544
20211117 0.113519 0.113883 0.11499 0.115755 0.11615 0.116282 0.117218 0.117611 0.118307 0.118961 0.119664 0.116558 0.117002 0.119729 0.120371 0.117803 0.119446 0.118041 0.118442 0.11876 0.119288 0.121333 0.117263 0.118258 0.117855 0.118249 0.118784 0.119293 0.116617 0.119206 0.117042 0.120981
20211118 0.112815 0.112448 0.110836 0.113406 0.113699 0.113939 0.114478 0.114439 0.114708 0.114963 0.115848 0.116832 0.112345 0.114899 0.115462 0.115745 0.113627 0.115901 0.113946 0.114459 0.115011 0.116009 0.113495 0.113947 0.114201 0.114796 0.114348 0.112448 0.115567 0.11433 0.118016 0.117797
20211119 0.11094 0.111289 0.109542 0.109272 0.112961 0.112481 0.112773 0.112554 0.110884 0.112439 0.112621 0.113739 0.111651 0.111897 0.11369 0.115028 0.115439 0.112963 0.116347 0.115236 0.116166 0.115876 0.11227 0.114456 0.113003 0.112026 0.110595 0.113404 0.112501 0.115457 0.116712 0.117644
20211120 0.112236 0.111871 0.110638 0.111399 0.111252 0.113102 0.113273 0.113733 0.113427 0.111871 0.111908 0.113021 0.112586 0.114287 0.113143 0.113159 0.116288 0.114935 0.112703 0.116439 0.116781 0.118326 0.114093 0.114647 0.113883 0.110505 0.113169 0.113035 0.114743 0.117183 0.11815 0.116886
20211121 0.112605 0.11233 0.111101 0.111427 0.111641 0.112058 0.114512 0.114104 0.115058 0.116372 0.114648 0.114649 0.113778 0.115305 0.115716 0.114042 0.113912 0.116542 0.11555 0.113992 0.116918 0.117433 0.113482 0.113723 0.111551 0.113938 0.115488 0.114951 0.117161 0.118704 0.117776 0.116375
20211122 0.114555 0.114146 0.112017 0.111727 0.11221 0.112301 0.112174 0.114067 0.114811 0.114307 0.116349 0.113636 0.116178 0.117559 0.117523 0.117543 0.11551 0.116797 0.118942 0.118139 0.115866 0.118607 0.114061 0.112656 0.114902 0.115772 0.115776 0.116234 0.1172 0.117096 0.117307 0.117143
20211123 0.114785 0.115934 0.111888 0.111483 0.111821 0.111336 0.112077 0.112023 0.112926 0.11501 0.114844 0.117107 0.116922 0.118631 0.119713 0.118491 0.11834 0.117658 0.118481 0.121759 0.12106 0.119809 0.113354 0.116445 0.116612 0.116513 0.117688 0.116887 0.117591 0.11758 0.11747 0.118649
20211124 0.112698 0.113716 0.114877 0.114295 0.11502 0.114496 0.114714 0.117087 0.117256 0.120157 0.120178 0.120813 0.116567 0.121353 0.121588 0.12132 0.121757 0.122645 0.121799 0.121263 0.124088 0.122415 0.115308 0.117962 0.116785 0.117868 0.116758 0.116761 0.11674 0.11715 0.117979 0.11696
20211125 0.11364 0.114507 0.112674 0.114824 0.114855 0.11515 0.114885 0.115171 0.117145 0.117043 0.120671 0.11869 0.113122 0.118007 0.120589 0.121092 0.120079 0.121063 0.120593 0.121076 0.120262 0.122937 0.116977 0.115766 0.11721 0.115979 0.11516 0.114338 0.11346 0.115232 0.114067 0.116099
20211126 0.115541 0.115045 0.112776 0.112181 0.113895 0.114753 0.11486 0.11578 0.116219 0.116782 0.117614 0.118792 0.115498 0.116246 0.117735 0.120474 0.121361 0.121091 0.12146 0.120857 0.120329 0.119666 0.115443 0.117825 0.117458 0.116543 0.113879 0.112991 0.115554 0.114871 0.115929 0.118741
20211127 0.11557 0.11565 0.113827 0.11432 0.113742 0.11445 0.1138 0.115904 0.118669 0.116582 0.119883 0.117354 0.118192 0.117867 0.117865 0.119971 0.121847 0.122455 0.122612 0.122897 0.121857 0.1208 0.117087 0.117555 0.117843 0.117294 0.116557 0.119094 0.11814 0.118014 0.120134 0.120934
20211128 0.114656 0.115625 0.113623 0.114649 0.113645 0.113819 0.115025 0.115082 0.114482 0.115348 0.115239 0.114846 0.115223 0.117232 0.116255 0.116136 0.119669 0.120329 0.12287 0.123258 0.122231 0.120922 0.11442 0.115727 0.114257 0.114351 0.117154 0.116138 0.116183 0.117517 0.118144 0.116713
20211129 0.115927 0.115621 0.112212 0.11248 0.112393 0.112592 0.112011 0.112454 0.112266 0.115034 0.115649 0.115923 0.117942 0.118167 0.118769 0.118108 0.118138 0.120794 0.120376 0.123403 0.123161 0.12376 0.117179 0.114888 0.115952 0.118665 0.116758 0.117286 0.117136 0.118429 0.116426 0.117745
20211130 0.113619 0.114313 0.111787 0.111874 0.112051 0.111733 0.111468 0.109824 0.110797 0.112092 0.110513 0.113109 0.115246 0.117985 0.116988 0.117239 0.116792 0.11558 0.118327 0.118747 0.12035 0.119681 0.112676 0.113652 0.115135 0.114775 0.115183 0.112973 0.116021 0.113752 0.11495 0.117274
20211201 0.110847 0.111023 0.110784 0.110554 0.110762 0.111973 0.112537 0.111069 0.110271 0.113503 0.112039 0.113622 0.115506 0.11629 0.118503 0.118151 0.11818 0.117405 0.11568 0.118978 0.119086 0.11997 0.111599 0.113854 0.112943 0.113685 0.110746 0.113418 0.112006 0.114389 0.11533 0.117468
20211202 0.112596 0.112491 0.1103 0.113047 0.113202 0.113473 0.115036 0.115593 0.114919 0.113999 0.113308 0.116778 0.113672 0.117002 0.116678 0.118449 0.119064 0.11851 0.118844 0.117028 0.121147 0.121852 0.114843 0.114903 0.11682 0.114351 0.11553 0.114114 0.116611 0.117847 0.117871 0.118962
20211203 0.114804 0.113893 0.111478 0.112692 0.116464 0.116746 0.11656 0.11638 0.117721 0.116941 0.118986 0.115966 0.115417 0.117348 0.11943 0.119487 0.121036 0.120338 0.120021 0.121512 0.118955 0.122016 0.114032 0.118988 0.117719 0.117101 0.116489 0.117587 0.119787 0.119199 0.12035 0.120284
20211204 0.116893 0.115824 0.114721 0.115742 0.116486 0.120599 0.123476 0.122404 0.121644 0.121982 0.123338 0.124277 0.120394 0.121686 0.121821 0.123058 0.123991 0.125935 0.125172 0.125462 0.126208 0.12336 0.120468 0.120575 0.120745 0.12029 0.121368 0.121671 0.122445 0.123998 0.123349 0.122502
20211205 0.120994 0.118707 0.118018 0.12 0.12058 0.121483 0.12502 0.1267 0.125869 0.126181 0.127825 0.129747 0.12328 0.128122 0.128193 0.127022 0.128286 0.129764 0.131807 0.132054 0.131379 0.131401 0.122896 0.12544 0.123206 0.124822 0.124682 0.124387 0.125667 0.125167 0.122875 0.123631
20211206 0.121045 0.120031 0.117938 0.118892 0.119809 0.121104 0.121666 0.122745 0.124509 0.123363 0.124167 0.124683 0.122472 0.126745 0.128714 0.128317 0.128618 0.127872 0.129666 0.131016 0.131489 0.130176 0.12542 0.123954 0.123362 0.12409 0.123657 0.124845 0.124431 0.121999 0.122531 0.121966
20211207 0.120327 0.120608 0.118621 0.119265 0.119352 0.119398 0.12046 0.120724 0.123956 0.124016 0.123355 0.125524 0.119253 0.121683 0.12418 0.124447 0.124129 0.124359 0.12381 0.125746 0.127474 0.127163 0.120332 0.121659 0.121947 0.122148 0.122102 0.121982 0.120181 0.121501 0.121223 0.122848
20211208 0.116387 0.116542 0.114674 0.115576 0.116626 0.116358 0.11835 0.118091 0.117877 0.121224 0.12148 0.121056 0.118682 0.118449 0.119557 0.120972 0.121673 0.120908 0.120269 0.122564 0.12324 0.123469 0.120129 0.120269 0.11978 0.120426 0.119869 0.117719 0.118044 0.117306 0.118697 0.120468
20211209 0.115439 0.115054 0.113226 0.114994 0.115598 0.116094 0.115102 0.114685 0.11467 0.113314 0.116108 0.117433 0.11586 0.116858 0.115677 0.116935 0.117365 0.119486 0.118556 0.117986 0.119694 0.119577 0.115216 0.116989 0.117011 0.116543 0.115057 0.114323 0.114667 0.115788 0.119246 0.118395
20211210 0.109768 0.108383 0.106148 0.107576 0.109821 0.110799 0.110374 0.109949 0.111963 0.110644 0.111443 0.112686 0.112043 0.112541 0.113289 0.112116 0.11153 0.111321 0.11471 0.114873 0.113262 0.115276 0.112492 0.111954 0.111973 0.110109 0.107895 0.10926 0.110178 0.114746 0.114055 0.115824
20211211 0.112801 0.111508 0.108086 0.108897 0.109261 0.109138 0.110167 0.11151 0.111577 0.11328 0.113804 0.115591 0.114416 0.115736 0.116111 0.11695 0.116917 0.115917 0.114839 0.116904 0.117838 0.116608 0.113707 0.114667 0.112496 0.112063 0.112136 0.112748 0.116158 0.117213 0.119046 0.119074
20211212 0.123185 0.121297 0.117533 0.118271 0.119538 0.119883 0.119023 0.120488 0.122768 0.12231 0.122433 0.12452 0.123228 0.126112 0.126187 0.127211 0.127562 0.128078 0.127506 0.125739 0.127513 0.127864 0.124996 0.122975 0.123067 0.121974 0.122426 0.124735 0.126746 0.128506 0.128376 0.127608
20211213 0.117339 0.116752 0.114898 0.115741 0.115807 0.115178 0.115223 0.116316 0.116188 0.118 0.118114 0.117483 0.119646 0.120927 0.122031 0.120413 0.120224 0.121599 0.122803 0.122531 0.120461 0.12222 0.116768 0.117201 0.118507 0.1183 0.119069 0.120639 0.122862 0.123304 0.121532 0.119507
20211214 0.117071 0.118243 0.115269 0.116912 0.117151 0.116689 0.116743 0.117233 0.120338 0.119428 0.120855 0.119449 0.120002 0.121499 0.122246 0.122524 0.122062 0.120748 0.12295 0.123024 0.122317 0.121457 0.116354 0.119306 0.118887 0.118439 0.120281 0.122845 0.122045 0.120767 0.119102 0.120781
20211215 0.115857 0.116127 0.116445 0.117281 0.117833 0.117916 0.118633 0.118336 0.117805 0.12009 0.120772 0.12019 0.118734 0.121309 0.121386 0.121953 0.122137 0.122191 0.121212 0.122829 0.123119 0.121549 0.117928 0.11949 0.119186 0.119312 0.121964 0.120213 0.119381 0.118313 0.120434 0.122948
20211216 0.114155 0.114637 0.112515 0.114162 0.114508 0.114793 0.116043 0.115929 0.115888 0.11669 0.119464 0.116253 0.113964 0.116627 0.117884 0.117793 0.118027 0.118052 0.118954 0.118823 0.119145 0.119575 0.114447 0.116526 0.116662 0.118553 0.116753 0.116047 0.116027 0.116711 0.118567 0.119039
20211217 0.107022 0.106656 0.105097 0.105432 0.107623 0.107698 0.107117 0.108729 0.109467 0.109848 0.111787 0.111604 0.108945 0.108093 0.109657 0.11238 0.112641 0.112948 0.112772 0.114396 0.113089 0.114842 0.108513 0.109706 0.111645 0.110512 0.109375 0.110553 0.110952 0.112326 0.113573 0.113795
20211218 0.111103 0.109923 0.107101 0.107146 0.108216 0.111263 0.112049 0.111239 0.112788 0.111495 0.111194 0.112025 0.112035 0.112482 0.113078 0.113675 0.115368 0.115391 0.117228 0.117261 0.119577 0.118543 0.113007 0.114307 0.113624 0.112318 0.1124 0.113068 0.113865 0.113922 0.115002 0.115557
20211219 0.121132 0.120728 0.119489 0.119062 0.119703 0.120022 0.121444 0.119758 0.12068 0.120809 0.121388 0.12281 0.121953 0.123274 0.122496 0.122686 0.124201 0.125269 0.125767 0.12713 0.126186 0.128432 0.123784 0.123753 0.122433 0.122296 0.124727 0.125631 0.125545 0.127011 0.126679 0.128684
20211220 0.114353 0.114204 0.113033 0.113356 0.113883 0.114161 0.11569 0.118003 0.117229 0.117092 0.119111 0.116628 0.117735 0.119451 0.120257 0.119139 0.119572 0.120985 0.121873 0.123067 0.123084 0.123048 0.116654 0.116402 0.115591 0.116973 0.118071 0.118258 0.118461 0.119867 0.122073 0.122908
20211221 0.111066 0.112582 0.110675 0.111013 0.111601 0.112676 0.111336 0.113816 0.113626 0.113437 0.113424 0.113515 0.113709 0.114533 0.115151 0.117123 0.116105 0.116969 0.116789 0.117066 0.118887 0.119692 0.112071 0.111142 0.112291 0.11307 0.113388 0.112954 0.114806 0.116082 0.117412 0.117853
20211222 0.109562 0.109578 0.109741 0.110397 0.110351 0.111177 0.111518 0.111226 0.111867 0.113834 0.112519 0.112706 0.11261 0.115194 0.115907 0.115549 0.116494 0.117757 0.11621 0.116125 0.117507 0.119031 0.107561 0.110923 0.111796 0.112428 0.113069 0.112891 0.11394 0.115354 0.115425 0.115183
20211223 0.10825 0.108339 0.106029 0.109657 0.110119 0.110916 0.111471 0.112976 0.111034 0.112414 0.11344 0.112808 0.111867 0.114349 0.116167 0.117731 0.117187 0.115864 0.117601 0.116727 0.116777 0.116921 0.111584 0.112569 0.112601 0.113795 0.112738 0.114093 0.11512 0.115025 0.113903 0.116184
20211224 0.112958 0.112484 0.110157 0.110337 0.112439 0.111964 0.112807 0.113724 0.112945 0.113811 0.115574 0.114607 0.112438 0.115433 0.115663 0.117799 0.118536 0.117451 0.115731 0.117428 0.117501 0.117214 0.115059 0.115414 0.116048 0.115817 0.115995 0.116554 0.116696 0.115081 0.116896 0.117826
20211225 0.112564 0.111553 0.110595 0.111502 0.111676 0.113294 0.111992 0.113684 0.114321 0.113205 0.113646 0.114651 0.112739 0.110908 0.113488 0.113028 0.1154 0.115762 0.115754 0.114526 0.115655 0.116658 0.113512 0.114258 0.114133 0.114114 0.113635 0.115074 0.113223 0.115742 0.116511 0.116759
20211226 0.111708 0.111931 0.110381 0.110094 0.111035 0.110582 0.111907 0.111982 0.113475 0.114327 0.112686 0.111243 0.113117 0.112678 0.111027 0.111986 0.111247 0.112419 0.113545 0.114243 0.113435 0.113391 0.113082 0.11322 0.11301 0.114271 0.115045 0.11432 0.116961 0.117655 0.117228 0.118418
20211227 0.112315 0.112947 0.110879 0.110707 0.111181 0.110294 0.110711 0.113117 0.112264 0.112409 0.113396 0.111811 0.112195 0.114156 0.113345 0.111656 0.112695 0.112598 0.114235 0.115063 0.115845 0.114169 0.111836 0.111938 0.112873 0.113172 0.112669 0.115752 0.116035 0.115258 0.116211 0.116606
20211228 0.112629 0.114867 0.112239 0.112122 0.11177 0.111727 0.111952 0.1115 0.115277 0.114608 0.113473 0.115328 0.113483 0.114395 0.116616 0.114899 0.11435 0.115767 0.115748 0.117096 0.117279 0.11806 0.112698 0.113969 0.113677 0.1135 0.116154 0.116616 0.115778 0.115884 0.117171 0.116702
20211229 0.111639 0.111714 0.112213 0.111617 0.111585 0.111889 0.112236 0.111797 0.112318 0.116652 0.114042 0.115198 0.112997 0.115213 0.115546 0.116949 0.114634 0.11449 0.116257 0.115987 0.117163 0.117817 0.113156 0.113887 0.113316 0.11512 0.115311 0.115368 0.115992 0.117241 0.117209 0.116298
20211230 0.110242 0.109939 0.107553 0.110018 0.109831 0.109388 0.109684 0.111163 0.111737 0.113077 0.114705 0.113417 0.109909 0.111798 0.113196 0.113537 0.115709 0.113693 0.112665 0.114668 0.114239 0.116546 0.110512 0.110432 0.112079 0.112441 0.112242 0.113908 0.115066 0.114794 0.114577 0.114903
20211231 0.111343 0.111205 0.109545 0.109665 0.11195 0.111477 0.111543 0.112063 0.112445 0.113273 0.115116 0.116298 0.112688 0.112145 0.112996 0.114739 0.115045 0.117094 0.115605 0.113761 0.115726 0.11612 0.111048 0.113149 0.113705 0.11301 0.114262 0.115476 0.114877 0.113648 0.113339 0.115012
