20200829 0.00011043 0.000469165 -0.000633741 -0.000663437 0.000481034 0.00236959 0.00033712 -0.000945728 -0.00448855 -0.00439595 -0.00512379 -0.00921747 -0.00109703 0.000780579 0.00292265 -0.000156468 -9.11405e-05 -0.00203485 -0.00361037 -0.0011524 -0.000908139 -0.00249339 -0.00383803 -0.00281605 -0.00236091 0.00135937 -0.000482127 -0.00629271 -0.00318082 -0.00638646 -0.00693556 -0.00409932
20200830 0.00320266 0.00344309 -0.00351351 -0.00581991 -0.00547938 -0.0058428 -0.00490472 -0.00716855 -0.00361839 -0.00495143 -0.00393351 -0.0043091 0.00140367 0.000340157 0.000843518 0.00223177 -0.00132263 -0.00190345 -0.00394058 -0.00499713 -0.00251877 -0.00238276 -0.00179467 -0.00114876 0.00175143 0.000728448 -0.00415129 -0.000812237 -0.00496256 -0.00603659 -0.00200263 -0.0100853
20200831 0.00856149 0.00816601 -0.00798829 -0.00931383 -0.00784893 -0.00689721 -0.00821109 -0.00794963 -0.00974778 -0.0103066 -0.00859272 -0.00744736 -0.0101105 -0.00491887 -0.00628575 -0.00584716 -0.0050751 -0.00766203 -0.00767792 -0.00982621 -0.0103809 -0.0080412 -0.00783341 -0.00596821 -0.00565946 -0.01004 -0.00702822 -0.0105561 -0.011299 -0.00668656 -0.0147983 -0.0138141
20200901 0.00979653 0.00979739 -0.00983443 -0.0117954 -0.0106675 -0.0119126 -0.0127146 -0.010214 -0.0105175 -0.0120576 -0.0104604 -0.0102627 -0.00962734 -0.0108697 -0.0054223 -0.00763187 -0.00749009 -0.00737004 -0.00981139 -0.00986643 -0.0125824 -0.0130085 -0.00860829 -0.00753713 -0.0115124 -0.0087676 -0.0115546 -0.0118964 -0.00690383 -0.0145174 -0.0131273 -0.0112876
20200902 0.01371 0.0135729 -0.0130306 -0.0152764 -0.0149607 -0.0142792 -0.0145097 -0.0167548 -0.0135269 -0.0110486 -0.0128319 -0.0163585 -0.0153831 -0.0156294 -0.0170763 -0.0108976 -0.0125505 -0.0117268 -0.0111723 -0.0136523 -0.0132353 -0.015687 -0.0127485 -0.0168519 -0.0144573 -0.0173208 -0.0168042 -0.0124323 -0.0206176 -0.0183954 -0.0152264 -0.0178674
20200903 0.0161705 0.0158473 -0.0152399 -0.0177065 -0.0188517 -0.0185181 -0.0180116 -0.0181592 -0.0197946 -0.0195767 -0.0165205 -0.0194773 -0.0172709 -0.0185323 -0.0180449 -0.0187476 -0.0131845 -0.0158707 -0.0150725 -0.0144499 -0.0162764 -0.0157894 -0.0198167 -0.0181532 -0.0201043 -0.0193348 -0.0151003 -0.0231565 -0.0210192 -0.0170053 -0.020039 -0.0240364
20200904 0.0132641 0.0133592 -0.0121695 -0.0135255 -0.0150425 -0.0158403 -0.0144271 -0.0134429 -0.0149708 -0.0161689 -0.0162855 -0.0106484 -0.0100011 -0.0102619 -0.011167 -0.0108412 -0.0111353 -0.00600518 -0.00840529 -0.00749437 -0.00760493 -0.0102027 -0.0124372 -0.0136314 -0.0131595 -0.00926454 -0.0162074 -0.013823 -0.00980958 -0.0131755 -0.0168064 -0.0104875
20200905 0.0052113 0.00507156 -0.0054854 -0.00660252 -0.00551512 -0.00640597 -0.00629393 -0.00604707 -0.00446762 -0.00872214 -0.00808546 -0.00370703 -0.00503906 -0.00317668 -0.00317565 -0.00395937 -0.003319 -0.0037399 0.000848884 -0.00136257 -0.000344738 0.000614891 -0.00649813 -0.00505199 -0.00114993 -0.00835985 -0.00558129 -0.000867997 -0.00364466 -0.00728803 -0.0012562 -0.00141707
20200906 0.0028604 0.00312961 -0.00364991 -0.00548364 -0.00668388 -0.00429857 -0.00288672 -0.0057678 -0.0069355 -0.00663097 -0.00734847 -0.00217741 -0.00186371 -0.00194838 0.000102605 0.00133119 -9.41993e-05 4.73358e-05 -0.000919646 0.0030816 0.000599603 0.001695 -0.00162104 0.00166212 -0.00525406 -0.00239806 0.00174126 -0.000373166 -0.00410284 0.00168485 0.00193386 -0.00264143
20200907 0.00125397 0.00268898 -0.00268476 -0.00358712 -0.00286609 -0.00178974 -0.00157057 -0.00200643 -0.00258358 -0.00296663 -0.00321251 -0.00149822 -0.00254528 -0.00246807 -0.00217588 0.000319714 0.00158863 -0.000802409 -0.000957289 -0.00169303 0.00224429 -0.00023672 0.000884907 -0.00644277 -0.00331008 0.000468873 -0.00211166 -0.00638325 -0.000450331 -0.00035161 -0.00404656 -0.00195753
20200908 0.0019353 0.00326064 -0.00300887 -0.00353446 -0.00339003 -0.00433129 -0.0040833 -0.00292281 -0.00848662 -0.00321571 -0.00728523 -0.00428381 -0.00293611 -0.00382383 -0.0038448 -0.00377597 -0.00178284 -0.000650213 -0.00251052 -0.00226241 -0.00294929 0.000314048 -0.00983186 -0.00691813 -0.00327619 -0.00548365 -0.00964349 -0.00402367 -0.00433342 -0.00745688 -0.00582758 -0.00870016
20200909 0.00727358 0.00708188 -0.00920634 -0.0094514 -0.00966605 -0.00834695 -0.0099135 -0.00893129 -0.0112405 -0.01103 -0.00887066 -0.00827469 0.00185621 0.000284326 -0.00104943 -0.00123692 -0.000430181 0.00185053 0.00342607 0.00115643 0.000404213 -0.000496203 -0.00412168 -0.00124109 -0.00382744 -0.00819524 -0.00234303 -0.00310364 -0.00699398 -0.00517776 -0.00788074 -0.00506509
20200910 0.000310147 0.000776258 -0.000812128 -0.00367043 -0.00409649 -0.00416024 -0.00337736 -0.00376391 -0.00454985 -0.00679237 -0.00211558 -0.000238198 -0.00365502 0.00478018 0.00281422 0.00135958 0.00135863 0.00157204 0.00325681 0.00495415 0.00273317 0.00204762 0.00233402 -0.000318369 -0.00555534 0.000447773 1.82118e-05 -0.0042289 -0.00262397 -0.00535066 -0.00331006 -0.00270067
20200911 0.00345865 0.00315891 -0.0027317 -0.00395749 -0.00550112 -0.00636282 -0.0062969 -0.00418256 -0.00455379 -0.00446476 -0.00765638 -0.00817702 -0.00588972 -0.00912445 -0.000351913 -0.00266319 -0.00467098 -0.00529004 -0.00503998 -0.00336986 -0.00210583 -0.00427733 -0.00614102 -0.0115178 -0.00565887 -0.00482551 -0.00828919 -0.00671501 -0.00949658 -0.00753438 -0.00707362 -0.00592038
20200912 0.00794628 0.00703968 -0.00704203 -0.00768268 -0.00801589 -0.00943299 -0.00862972 -0.0108545 -0.0164356 -0.0156053 -0.0148817 -0.00976227 -0.0051898 -0.0077374 -0.011951 -0.00305352 -0.00556174 -0.00735948 -0.00862225 -0.0084399 -0.00587557 -0.0041538 -0.0123067 -0.00716314 -0.00620878 -0.00962166 -0.00803957 -0.0117252 -0.00901775 -0.00793086 -0.0072029 -0.00628304
20200913 0.00898346 0.00794514 -0.00850901 -0.0091499 -0.00858214 -0.00739255 -0.00645098 -0.00734122 -0.00624933 -0.00917145 -0.00766543 -0.00986353 -0.00467666 -0.00262071 -0.00440992 -0.00904307 -0.000270928 -0.00263655 -0.00415774 -0.0053034 -0.0057131 -0.00307315 -0.00464214 -0.0045721 -0.00784268 -0.00543109 -0.00825348 -0.00594932 -0.00519295 -0.00479819 -0.00428935 -0.00131771
20200914 0.00616236 0.00609151 -0.00600336 -0.0069553 -0.00642884 -0.00622379 -0.00625792 -0.00284354 -0.00435292 -0.00650067 -0.00999167 -0.00757579 -0.00970736 -0.00526318 -0.00341658 -0.00526174 -0.00971139 -0.00112374 -0.00334356 -0.00511209 -0.00663284 -0.00745181 -0.00693908 -0.0108255 -0.00973064 -0.0122413 -0.0103654 -0.00967411 -0.00948884 -0.00868241 -0.00521361 -0.00386475
20200915 0.00663673 0.0064334 -0.00734709 -0.00768299 -0.00612813 -0.00702637 -0.00159989 -0.00319025 -0.00375455 -0.00849363 -0.00773992 -0.00566612 -0.00578762 -0.00944962 -0.00563914 -0.00504051 -0.00674729 -0.00987263 -0.00103921 -0.00292059 -0.0040426 -0.00499904 -0.0100928 -0.00935894 -0.0120034 -0.00991767 -0.00905461 -0.00883146 -0.00948264 -0.00627511 -0.00557353 -0.0112729
20200916 0.00639269 0.00644487 -0.00932319 -0.00944383 -0.00817576 -0.0104675 -0.0122716 -0.00419619 -0.00491358 -0.0100897 -0.00480063 -0.00308089 -0.00358274 -0.00322985 -0.00727928 -0.0034077 -0.00226534 -0.00345664 -0.00669759 0.00140377 -6.73299e-05 -8.55626e-05 -0.00517925 -0.00819576 -0.00661502 -0.00571621 -0.0047581 -0.00664808 -0.00356863 -0.00395083 -0.00872754 -0.0124673
20200917 0.00701719 0.00796881 -0.00801893 -0.00977734 -0.00905954 -0.00846158 -0.00796313 -0.00657333 -0.00662288 -0.00925267 -0.00996247 -0.00778464 -0.00894922 -0.00567074 -0.00622293 -0.00995063 -0.0061734 -0.00485141 -0.00601405 -0.00980635 -0.0019703 -0.00314572 -0.0100919 -0.00890927 -0.00837449 -0.00664378 -0.00859751 -0.00497722 -0.00542316 -0.00971973 -0.0134617 -0.00695005
20200918 0.0115182 0.0125855 -0.0134341 -0.0139005 -0.0160367 -0.0174211 -0.0171862 -0.0140879 -0.0143884 -0.0123494 -0.0114955 -0.0111519 -0.00898789 -0.011352 -0.00786732 -0.00847626 -0.012233 -0.00851608 -0.00680917 -0.00795139 -0.0117633 -0.00432061 -0.0093865 -0.00992546 -0.00863985 -0.0105059 -0.00713239 -0.00801852 -0.0128748 -0.016407 -0.010041 -0.00818168
20200919 0.0080343 0.00858395 -0.00882453 -0.0101516 -0.0101204 -0.0140719 -0.0135971 -0.0128543 -0.0129926 -0.0125784 -0.0123051 -0.0172436 -0.011353 -0.00904819 -0.0101538 -0.00705788 -0.0077381 -0.0111485 -0.00706968 -0.00561183 -0.00723074 -0.0110577 -0.00728685 -0.00550695 -0.00722745 -0.00454778 -0.00560692 -0.011248 -0.0148014 -0.00894619 -0.00782272 -0.0121895
20200920 0.00331246 0.0029284 -0.00339761 -0.00460191 -0.00516708 -0.00618172 -0.00715569 -0.00994632 -0.00702401 -0.00936391 -0.00837543 -0.00775298 -0.00420602 -0.00683825 -0.00471086 -0.00545282 -0.00181428 -0.00181903 -0.00477959 -0.000876282 -0.000327959 -0.00204545 -0.00215814 -0.00210321 0.00207456 0.00207234 -0.00329274 -0.00687706 -0.00187846 -0.001734 -0.00655273 -0.00227827
20200921 -0.000963294 -0.000728497 -1.38697e-05 -0.0012376 -0.00122 -0.00104616 -0.000333214 -0.00318754 0.00290315 0.000347309 0.00283723 -0.00261236 -0.000416814 -0.00138955 -0.00333817 -0.00121987 -0.00118986 0.00273257 0.0031765 0.000481988 0.00495508 0.00489233 0.000331611 0.00431369 0.00443283 -0.000764252 -0.00434684 2.0764e-05 -1.55399e-05 -0.00475555 -0.000589775 -0.00233674
20200922 0.00231025 0.00253791 -0.00338725 -0.00430814 -0.00242434 -0.00432707 -0.00521549 -0.00613312 -0.0066183 -0.00485466 -0.00350338 -0.00742454 -0.00119174 -0.00173742 -0.00215161 -0.00337323 -0.00164582 -0.000507971 0.00278621 0.00336686 -0.000764438 0.00300741 0.00239965 0.0032545 -0.00220413 -0.00566378 -0.000529039 -0.000620747 -0.00526131 -0.000525418 -0.00238555 -0.00293405
20200923 0.000457324 0.000625626 -0.00073379 -0.00208366 -0.0017302 -0.00399752 -0.00411085 -0.00707844 -0.00212322 -0.00764806 -0.0120981 -0.0103073 -0.00419549 -0.00255559 -0.00298892 -0.00358602 -0.00466505 -0.00302268 -0.00175884 0.00133433 0.00238805 -0.00204049 0.000704917 -0.00427262 -0.00814288 -0.00262595 -0.00204409 -0.00631358 -0.00179599 -0.00296683 -0.00224435 0.000291149
20200924 -0.00377542 -0.00378139 0.00329528 0.00307132 0.00339831 0.00224017 0.00199502 -0.000121877 0.000781845 0.00668831 0.00376556 -0.000627991 0.00299193 -0.000772202 0.000858981 0.000439619 3.61907e-05 -0.000329341 0.00113096 0.000840732 0.00332441 0.00430898 -0.000984165 -0.00474262 0.00100806 0.00174091 -0.00329928 0.000456147 -0.000892969 -0.000144336 0.00268093 0.000398908
20200925 -0.00403461 -0.00424437 0.00430084 0.00347258 0.0034176 0.00325791 0.00311245 0.00183847 0.00493731 0.00406576 0.0115784 -0.000253671 0.00908401 0.0083344 0.00400301 0.00515125 0.00557595 0.0050866 0.00415648 0.00536442 0.00478206 0.00714008 0.000532072 0.00621218 0.00762034 0.00295773 0.0073027 0.00596313 0.0061502 0.00997584 0.00742016 0.0122314
20200926 -0.00231792 -0.00206596 0.00053391 -0.00103135 0.00126325 0.000272237 -0.000356444 -0.00283103 0.00208891 0.00493175 0.00581296 0.010136 0.0062968 0.0118216 0.01051 0.00684565 0.00876728 0.0090882 0.0077033 0.00675384 0.00728647 0.00663858 0.00761167 0.00934124 0.00428655 0.0085505 0.00792129 0.00718076 0.0108757 0.00792314 0.0126033 0.0141844
20200927 -0.00265237 -0.00232427 0.000639077 -0.000265573 0.000471341 1.45814e-05 -0.000413162 -0.000825897 -0.00209932 0.000352296 0.00118739 0.00219473 -0.00279214 0.000830929 0.00590264 0.00458077 0.0010695 0.0024972 0.00218063 0.000246329 -0.000678939 0.000182991 0.00414736 -0.00132465 0.00114849 0.00118323 0.00100043 0.00434351 0.000933834 0.00548866 0.00777773 0.00629274
20200928 -0.000159235 -0.000425039 -0.000121991 -0.00075869 -0.000287286 -0.000874926 -0.00220861 -0.00117946 -0.000629626 -0.00209629 -0.000321274 -0.000837195 -0.00136087 -0.00659923 -0.0031281 0.00163521 0.000557464 -0.00340772 -0.00194398 -0.00261874 -0.00445367 -0.00456517 -0.004504 -0.00258222 -0.00266427 -0.00269177 0.000800537 -0.00205228 0.00240243 0.00504959 0.00288992 0.00147706
20200929 0.000238532 0.000620246 -0.000366905 -0.001832 -0.00172608 -0.00146247 -6.31238e-05 0.00094954 0.00204068 -0.00188621 -0.000197756 -0.00159264 0.0035428 0.00172692 -0.00395208 -0.00144366 0.00332529 0.00199469 -0.00190745 -0.000656491 -0.00148198 -0.00276228 0.00183735 0.00144311 0.00123734 0.005049 0.00226009 0.00596015 0.00854583 0.0063879 0.00511555 0.00592047
20200930 0.000439825 -7.83893e-05 -0.0031088 -0.00296392 -0.00272078 -0.00373226 -0.00237991 -0.00394133 -0.000920014 -0.00477948 -0.00614356 -3.93493e-06 -0.00274907 0.000381065 -0.00193255 -0.00769499 -0.00498554 0.000309753 -0.00089905 -0.00404613 -0.00233195 -0.00266674 -0.000948213 -0.00173359 0.00198314 -0.000527741 0.00328438 0.00561006 0.00289169 0.00164928 0.00298448 0.00115676
20201001 0.00625911 0.00621153 -0.00671059 -0.00805281 -0.00971799 -0.00796737 -0.00681025 -0.0107373 -0.00731889 -0.0073067 -0.00688308 -0.00589244 -0.00587803 -0.00773812 -0.00535721 -0.00665406 -0.0114015 -0.00841992 -0.00366681 -0.00459208 -0.00737772 -0.00662713 -0.00708162 -0.00357919 -0.00581644 -0.00164227 0.000563486 -0.00195431 -0.00302061 -0.00206002 -0.00436961 -0.00430252
20201002 0.00448883 0.0048444 -0.00633627 -0.00801615 -0.00654685 -0.00620936 -0.0080352 -0.0092666 -0.0109015 -0.00629703 -0.00745108 -0.00700891 -0.00299214 -0.00238327 -0.00427266 -0.00261493 -0.00396245 -0.00893867 -0.00578525 -0.00135445 -0.00211522 -0.00458068 -0.000583408 -0.00268293 0.00213711 0.00447336 0.00139662 0.000281596 0.000970112 -0.00110796 -0.00208876 -0.00283497
20201003 -0.00532106 -0.00532905 0.00377082 0.00239166 0.00359707 0.00158644 0.00115321 0.00157044 0.0012555 -0.00184445 0.00160056 0.00201734 0.00141629 0.00236727 0.00221622 0.000771087 0.00326553 0.00242793 -0.00169067 0.00210184 0.00703123 0.00637581 0.00236033 0.00708987 0.0104308 0.00820929 0.00676856 0.00695275 0.00555982 0.00475198 0.0026662 0.00662907
20201004 -0.00579042 -0.00674822 0.00643356 0.005696 0.0063441 0.0034302 0.00386721 0.00689136 0.00306651 0.00305677 0.0072619 0.0044133 0.00766576 0.00460532 0.0064744 0.00638234 0.00526613 0.00881664 0.00746713 0.00322376 0.00626826 0.0109864 0.0100527 0.0131625 0.0103615 0.00928144 0.00943629 0.0077875 0.00691798 0.00502356 0.00942784 0.0139659
20201005 -0.00628905 -0.00679367 0.00722347 0.0064795 0.00643399 0.00608716 0.00246363 0.00368451 0.00417693 0.00335969 -0.000318094 0.00181643 0.00291664 0.00508004 0.00205974 0.00364018 0.00329268 0.00204796 0.00459556 0.00280506 -0.00134957 0.000990133 0.00902517 0.00566408 0.00400831 0.00403546 0.00216608 0.00136493 -0.000300044 0.00400352 0.00858843 0.00810174
20201006 -0.00115587 -0.00134499 0.00186878 0.0014515 0.000128987 -0.000100604 0.000532801 -0.00217862 -0.000224383 -0.000905969 -0.00337678 -0.00695278 -0.00223718 -0.00561712 -0.00452084 -0.00934945 -0.0075087 -0.00734682 -0.00705106 -0.00398601 -0.00612602 -0.0107193 -0.00236115 -0.00446245 -0.00494099 -0.00643564 -0.00658477 -0.00804393 -0.00457825 -0.000176077 -0.000785556 -0.0031689
20201007 0.00604645 0.00615604 -0.00342156 -0.00525651 -0.00491665 -0.00387851 -0.00298479 -0.00531636 -0.00591639 -0.00165974 -0.00487506 -0.00991695 -0.0027941 -0.00643023 -0.0101517 -0.00923684 -0.0136533 -0.0116896 -0.011334 -0.0114237 -0.00799119 -0.0102154 -0.00798236 -0.00789039 -0.00938241 -0.00961374 -0.011032 -0.00740143 -0.00358285 -0.00387304 -0.00601492 -0.00446903
20201008 0.00155039 0.00131573 -0.000873441 0.000676258 0.00118217 0.000420143 -0.00115406 -0.0026737 -0.00141109 -0.00304279 0.00288864 0.00316324 0.000232768 0.0028665 -0.000987777 -0.00453819 -0.0032405 -0.00764669 -0.00567538 -0.00530418 -0.00581452 -0.00264399 -0.00132 -0.00284601 -0.00265338 -0.00354403 0.000264104 0.0032334 0.00249554 0.000358857 0.00114039 0.00462703
20201009 -0.00573055 -0.00648356 0.00669173 0.00567163 0.00675927 0.00810972 0.0073528 0.00352017 0.00708749 0.000830243 0.000827421 0.00336396 0.00496912 0.00663675 0.00888089 0.0046114 0.00143483 0.00311999 -0.00159247 0.000605349 0.000844362 0.000162817 0.00448237 0.00468206 0.00388093 0.00748375 0.0101978 0.00916614 0.00685386 0.0074735 0.0105961 0.0085649
20201010 -0.00443532 -0.00519063 0.00533066 0.00341675 0.00400906 0.00408797 0.00628257 0.0036917 0.00238766 0.00508197 -0.0032794 -0.00458575 0.00484471 0.00359213 0.00638576 0.00915035 0.00505556 0.00209639 0.003895 -0.000978188 0.000617599 0.000877626 0.00556285 0.0051327 0.00906442 0.0123779 0.011598 0.00927532 0.0101213 0.0128906 0.010434 0.00817194
20201011 -0.00138314 -0.00179676 0.00131273 0.000715273 0.000308938 -0.000892865 -0.000404705 -0.00147436 -0.00323286 -0.00346222 0.00131125 -0.00468017 0.00112799 0.00161427 -2.46436e-05 0.00316957 0.00516019 9.16139e-05 -0.00295726 -0.00114892 -0.00540698 -0.004537 0.000557016 0.00439887 0.00830757 0.00833279 0.00580348 0.00695995 0.0100574 0.00786295 0.00541471 0.00431066
20201012 -0.00130709 -0.00083837 0.000443439 -0.000821268 0.000438803 -0.00067822 -0.000938225 0.00141784 0.000498319 0.00299799 0.000294349 0.000786686 0.00260522 0.00273196 0.00247544 0.000131004 0.00293431 0.00465965 -0.000484474 -0.00338492 -0.00152619 -0.00556688 0.00424697 0.00815727 0.00933431 0.00796187 0.00862182 0.0119374 0.010074 0.00760916 0.00644257 0.0052659
20201013 -0.000875714 -0.000825888 0.000122849 -0.00129066 -0.000753883 -0.00186131 6.58794e-05 -0.000739117 -0.00223191 0.00269026 0.00182815 0.000670057 -0.00133349 4.5658e-05 -0.000279782 -0.000130688 -0.00181892 0.00101948 0.00262239 -0.00243789 -0.0054895 -0.00391738 0.00431516 0.00531456 0.00474707 0.00607905 0.00978395 0.00817849 0.00594935 0.00475251 0.00398875 0.00291395
20201014 0.0012536 0.000513835 -0.00129125 -0.0014781 -0.00206264 -0.00415743 -0.00279366 -0.00428234 -0.00218515 -0.00581253 -0.00191831 -0.00155373 -0.00446543 -0.00625714 -0.00381305 -0.00409975 -0.00392253 -0.00621032 -0.00343421 -0.00210502 -0.00677944 -0.00957645 -0.000764341 -0.0015925 -0.000337513 0.00311531 0.00193056 -0.000211268 -0.00142672 -0.00246486 -0.00340552 0.00101205
20201015 -0.000516423 -0.000273512 0.000854756 0.00262036 0.00158929 -0.000362534 -0.00125757 -0.00116826 -0.00276382 -0.00107593 -0.00219511 7.52929e-05 0.000756168 -0.00248892 -0.0042723 -0.00240675 -0.00313528 -0.00289613 -0.00493059 -0.00217588 -0.000403704 -0.00385682 -0.000171637 0.00234564 0.00612179 0.00454173 0.00267303 0.0010959 0.000147932 -0.0009102 0.00273612 0.001005
20201016 -0.00367092 -0.00334275 0.00447181 0.00400347 0.00392097 0.00356156 0.000671439 0.00147714 -0.00118954 0.000684413 0.0018801 0.00603554 0.00458398 0.00473012 0.00156796 -0.000204911 0.0011638 0.000491268 0.000697288 -0.00169231 0.000812726 0.00293004 0.00604144 0.00988985 0.00851005 0.0067473 0.0049497 0.00443107 0.00368818 0.00693091 0.00605124 0.000525188
20201017 -0.00274902 -0.00213283 0.00239752 0.00176353 0.00249452 0.00138784 -0.000136613 0.000141833 -0.00334116 0.00161388 -5.7689e-05 -0.00119128 0.000562687 0.00177845 0.0017686 -0.00184973 -0.00442761 -0.00305241 -0.00245067 -0.00146558 -0.00336544 -0.000765563 0.00643458 0.00391757 0.00313337 0.00207503 0.000964455 0.00103809 0.00399221 0.00276163 -0.00217668 0.000129135
20201018 -0.00395812 -0.00388713 0.00407016 0.00445981 0.00387533 0.00247634 0.0026476 0.00420616 -0.000832616 0.00121003 0.00228732 -4.44822e-05 0.000704289 -0.0016304 -0.000997644 -0.000714429 -0.00436375 -0.00578323 -0.0043898 -0.0045237 -0.00403171 -0.00579263 0.00109234 0.000309957 -0.000788773 -0.00247797 -0.00155427 0.00261602 0.00186975 -0.0024613 0.000240669 0.00269977
20201019 -0.00438669 -0.00522335 0.00608833 0.00542292 0.00436668 0.00420519 0.00268459 0.00414043 0.0037528 0.0052182 0.00314959 0.00310063 0.00709665 0.00366065 0.00215583 0.0039095 0.00422792 0.00112642 0.000302415 0.00096027 0.000683625 0.000317448 0.00543299 0.00453498 0.0020464 0.00303645 0.00739109 0.00754437 0.00319468 0.00625056 0.00895349 0.00692515
20201020 -0.00709008 -0.00800601 0.00737033 0.0062716 0.00611385 0.00560261 0.00660431 0.00536037 0.00581775 0.0119369 0.00513316 0.00587934 0.0064748 0.00945317 0.00710857 0.00601301 0.0085156 0.00915607 0.00545444 0.00431174 0.00508395 0.00501237 0.00651621 0.00499306 0.0055787 0.0102471 0.011124 0.00709159 0.00977024 0.0119244 0.0104641 0.00721429
20201021 -0.00537974 -0.00545121 0.00338693 0.00243659 0.00279236 0.00317654 0.00355862 0.00521366 0.00139287 0.000416121 0.007051 0.0046072 0.00585052 0.00556847 0.00849823 0.00663421 0.006326 0.00911622 0.00876391 0.00423184 0.0028906 0.00412024 0.00454897 0.00528021 0.00970916 0.00981761 0.0063147 0.00896197 0.0103535 0.00882129 0.00680217 0.01192
20201022 -0.001469 -0.00231229 0.00199504 0.00145355 0.00312098 0.00292163 0.00345229 -0.000283295 -0.00328231 -0.00314098 -0.00228075 0.00276744 0.00203512 0.00232504 0.00268642 0.00611665 0.00419875 0.00430619 0.00701279 0.00665664 0.00233966 0.000937119 0.00151355 0.00567754 0.00471229 0.000342525 0.00433718 0.00650422 0.00472776 0.00309944 0.00863715 0.00319532
20201023 0.00191596 0.000735719 -0.00159942 -0.00130311 -0.00197978 -0.00404634 -0.00436593 -0.00259663 -0.00160889 -0.00217472 -0.00282312 -0.00568948 -0.00136062 -0.00141603 -0.001614 -0.0012195 0.0019456 -0.000644678 -0.000595504 0.00137975 0.00142491 -0.00315703 0.00195407 0.00104161 -0.00425397 -0.00134493 0.00102372 -0.00131117 -0.00376907 0.000933081 -0.00444143 -0.00600993
20201024 0.00665776 0.00723941 -0.00723306 -0.00713177 -0.00669786 -0.00813827 -0.0084437 -0.00906589 -0.00805249 -0.0104382 -0.00773055 -0.00674404 -0.010849 -0.00950195 -0.00980311 -0.00964748 -0.00891433 -0.00554192 -0.00766712 -0.00792235 -0.006519 -0.00616828 -0.00680346 -0.0113746 -0.00827837 -0.00627533 -0.00807914 -0.0106172 -0.0064981 -0.0117853 -0.0137523 -0.0139417
20201025 0.0057878 0.00638755 -0.00629229 -0.00633145 -0.00511766 -0.00410544 -0.00802967 -0.00962954 -0.00763255 -0.0161828 -0.0151147 -0.0186175 -0.00637138 -0.00944723 -0.00767914 -0.00797864 -0.00738953 -0.00617929 -0.00368157 -0.00611624 -0.00674153 -0.0050528 -0.0101641 -0.00635138 -0.00508184 -0.00633632 -0.00894126 -0.00460103 -0.00957505 -0.0108624 -0.0111522 -0.012118
20201026 0.00578415 0.00501423 -0.00627548 -0.00607635 -0.00640255 -0.00800252 -0.00863483 -0.00832722 -0.00779341 -0.0131173 -0.00798874 -0.00826824 -0.00135029 -0.002039 -0.00413395 -0.00200756 -0.00177205 -0.00108144 -0.000486716 0.00169124 -0.00126958 -0.00159711 -0.00175643 0.000365562 -0.000832364 -0.00320987 0.00204651 -0.00349905 -0.00484464 -0.00551744 -0.00654859 -0.00290565
20201027 0.00468235 0.0047605 -0.00508859 -0.00580567 -0.00607979 -0.00564245 -0.00682218 -0.00781813 -0.00826623 -0.00850169 -0.0103229 -0.00559437 -0.00808437 -0.00373821 -0.00487439 -0.00624934 -0.00453408 -0.00483284 -0.00407556 -0.00355162 -0.00105787 -0.00359531 -0.00230922 -0.00332948 -0.00632168 -0.000502197 -0.00596307 -0.0068073 -0.00657731 -0.00695402 -0.0040848 3.83935e-05
20201028 -0.000102661 -0.000145778 -0.00123558 -0.0026347 -0.00126121 -0.00146756 -0.0028875 -0.00437964 -0.00567194 -0.0019493 -0.00344269 -0.00269612 -0.00301246 -0.00676983 -0.00216994 -0.0038888 -0.00531281 -0.00342617 -0.00376944 -0.0027524 -0.00208664 0.000347815 -0.000967898 -0.00452222 0.00103726 -0.00396842 -0.00507219 -0.00481007 -0.00437791 -0.000971988 0.0029062 0.00190291
20201029 -0.00721962 -0.0074121 0.00625086 0.00540732 0.00499034 0.0055815 0.00259417 0.00127494 0.00265412 0.00445347 -0.00103875 0.00726746 0.00813999 0.00532633 0.00124147 0.00668276 0.00512778 0.00374274 0.0056968 0.00564499 0.00799823 0.00908576 0.00407152 0.00961872 0.00416021 0.00369288 0.00285749 0.00314461 0.00627758 0.0103731 0.00960079 0.00285118
20201030 -0.00523167 -0.00627389 0.00416253 0.0037778 0.00455309 0.00362151 0.00336736 0.00410067 0.00106924 0.00502514 0.00104198 -0.00085471 0.00802611 0.00941509 0.00685851 0.00290626 0.00867634 0.00698536 0.00509118 0.00723922 0.00654381 0.00930977 0.0112542 0.00543935 0.00454611 0.00389127 0.00350729 0.00672552 0.0104313 0.010319 0.0032574 0.00406423
20201031 -0.0058755 -0.00675746 0.0055503 0.0055904 0.0054707 0.00564567 0.00447495 0.0029792 -0.00213107 -0.0025834 -0.00262146 -0.00622678 0.000539727 0.00376943 0.00510182 0.00253949 -0.00143931 0.00449154 0.00274509 0.00084422 0.00346744 0.00287767 -6.92137e-05 3.30806e-05 -0.000677314 -0.00197966 0.00143327 0.00572357 0.00618262 -0.0010115 -0.000428668 0.0053389
20201101 0.00286026 0.00131342 -0.00211104 -0.00331232 -0.00327408 -0.00345754 -0.00265187 -0.00222778 -0.000965336 -0.00576524 -0.00545313 -0.00624245 0.00252553 -0.00239308 -0.000171339 0.00153041 -0.000266659 -0.00416668 0.00166377 0.000254928 -0.00166274 0.000279676 -0.00232994 -0.00277325 -0.00395678 -0.00100106 0.00262633 0.00442093 -0.00195837 -0.000828166 0.00407354 0.0036578
20201102 0.00419057 0.00236332 -0.00398457 -0.00530447 -0.0057141 -0.00520065 -0.00742621 -0.00356988 -0.00645805 -0.00901115 -0.00867576 -0.0158834 -0.00494836 0.000524706 -0.00436679 -0.00286077 -0.000529094 -0.00201879 -0.00551869 0.000487697 -0.000774318 -0.00256769 -0.00523206 -0.00595758 -0.00252175 0.00187507 0.0033244 -0.00382152 -0.00215986 0.00323497 0.00271289 0.00260084
20201103 0.0011706 -0.000569355 -0.00108507 -0.00166855 -0.00223236 -0.00316058 -0.00492048 -0.00361999 0.00184658 -0.00478311 -0.0033955 -0.0015526 5.22603e-05 -0.000698112 0.00500662 9.21737e-05 0.00181045 0.00508213 0.00374098 9.40741e-05 0.00563328 0.00400617 -0.00173414 0.00177501 0.00566042 0.0075649 0.0002345 0.00187056 0.00642615 0.00569871 0.00675962 0.00053506
20201104 -0.0117936 -0.0122789 0.0100551 0.0102515 0.00946641 0.0108284 0.0103866 0.00994795 0.011222 0.0159836 0.0111711 0.0162352 0.0113556 0.0120535 0.0111733 0.0166619 0.0117913 0.0131891 0.0165581 0.015808 0.0114081 0.016664 0.0152897 0.0188898 0.020963 0.0136697 0.0149382 0.0189958 0.0172082 0.0186688 0.012864 0.0118466
20201105 -0.0104701 -0.0113795 0.0102899 0.0112687 0.0110561 0.0114576 0.0109157 0.0103248 0.01076 0.00844605 0.00983233 0.00988109 0.00682615 0.00686519 0.00769254 0.00713915 0.0124155 0.00778532 0.00961345 0.0129222 0.0133827 0.00928995 0.0143269 0.0165757 0.00951192 0.0110365 0.0153464 0.0133468 0.0148824 0.0092875 0.00814773 0.00905351
20201106 -0.00168968 -0.00196205 0.00178692 0.00199262 0.00171884 0.00190467 0.00568278 0.00234278 0.000524478 -0.00145297 -0.00170659 -0.00273294 -0.00120522 -0.00470262 -0.00504448 -0.00459873 -0.00445495 0.00116943 -0.00307701 -0.00146456 0.00154497 0.00188828 0.0032531 -0.0041759 -0.00286825 0.00205842 0.000535815 0.00216346 -0.00338364 -0.0039835 -0.00246844 -0.000448014
20201107 -0.00331854 -0.00297023 0.00251361 0.00306333 0.00269708 0.00250539 0.00226245 0.00270288 0.000931032 -0.00268512 0.00117785 0.00233338 0.0026029 -0.000160348 -0.00412172 -0.00435004 -0.00337523 -0.00268053 0.00363848 -0.000888945 0.000257269 0.00286656 -0.00389794 -0.00262403 0.00288034 0.00134857 0.00307283 -0.00284283 -0.00309191 -0.00139407 0.000719242 0.00422224
20201108 -0.00327316 -0.00344083 0.00141287 0.0010129 0.00195491 0.00181161 0.00116053 0.00467513 0.00198498 0.00855155 0.00729452 0.00820417 0.0104656 0.00988483 0.00686772 0.00323651 0.00315113 0.00373769 0.00455877 0.0107332 0.00496118 0.00521315 0.00437586 0.0100283 0.00881317 0.0108136 0.00467543 0.00459183 0.00633359 0.00838467 0.0123482 0.0118359
20201109 -0.00350772 -0.00471925 0.00294362 0.00193975 0.00224177 0.0023054 0.00270273 -0.000314053 0.0022436 0.00404612 0.00295392 0.00468185 0.0025457 0.0101626 0.00923716 0.00621728 0.00242373 0.00173952 0.00217599 0.00327901 0.00884835 0.00269171 0.00877533 0.00749176 0.00877565 0.00200801 0.00200738 0.00331969 0.0052073 0.00903478 0.00809922 0.00443729
20201110 -0.00151368 -0.00300519 0.00293765 0.00155893 0.00232179 -0.000682044 -0.000860026 0.000893955 -0.00272936 9.3325e-05 -0.00018416 -0.00421386 -0.00341623 -0.00435041 0.00351503 0.00266273 0.000182569 -0.00407707 -0.00441362 -0.00286301 -0.00118342 0.00347936 0.000955623 0.00208255 -0.0051483 -0.00566992 -0.00473622 -0.0020734 0.00201542 0.000916973 -0.0031745 -0.00143491
20201111 0.000694024 0.000697276 -0.000846236 -0.00132475 0.000164294 -0.00165205 0.00056815 -0.00271547 -0.00115486 -0.00366474 -0.003807 -0.00520001 0.000357675 -0.00439298 -0.00581551 0.00240086 0.0016279 -0.000670828 -0.00473546 -0.00456327 -0.00340608 -0.00182562 0.000429113 -0.00669219 -0.00684039 -0.00664243 -0.00411174 0.000109325 -0.000565578 -0.00418569 -0.00264765 -0.000423979
20201112 -0.00106532 -0.00113053 0.00137647 0.00174284 0.00160937 0.00254005 0.00350814 0.00373536 0.0033049 0.0015801 0.0020235 -0.00305755 -0.000793563 0.000681754 -0.00388505 -0.00448114 0.00449978 0.00427042 0.00241278 -0.00152498 -0.000460418 0.000443981 -0.00562927 -0.00501251 -0.00475592 -0.00312712 0.00145709 0.00114827 -0.00178755 -0.000397999 0.00242384 0.00184961
20201113 0.00127545 0.00112972 -0.00102671 -0.00206262 0.000470859 0.00129735 0.00101765 0.00350834 1.32603e-05 0.00318408 0.00315525 0.00205767 0.00550285 0.00444406 0.00728763 0.00312156 0.00331991 0.0123207 0.0116812 0.00944794 0.00516878 0.00440494 -0.000413209 0.000585881 0.00205431 0.00707097 0.0066859 0.00328532 0.00478854 0.00786927 0.00786462 0.00690337
20201114 -0.00393344 -0.00398614 0.0031794 0.00214458 0.00258198 0.00403754 0.00339272 0.0019774 0.00403697 0.00109146 0.00389345 0.00513973 0.00354686 0.00976109 0.0087372 0.0114508 0.00735379 0.00615123 0.0149069 0.0138394 0.0125639 0.00748208 0.00482571 0.00546657 0.00996305 0.00908456 0.00541236 0.00675295 0.00975406 0.00981346 0.00919925 0.0120485
20201115 -0.00577767 -0.00586291 0.0051133 0.00563993 0.0064632 0.00608091 0.00478867 0.00158092 -0.00111562 -0.00131874 -0.00453499 -0.00283477 0.00326752 0.00190938 0.00667691 0.00529845 0.00798937 0.00421515 0.00324686 0.0121221 0.0108324 0.00885762 0.00637899 0.00964615 0.00753771 0.00375371 0.00600597 0.00878703 0.00851704 0.00810321 0.0102739 0.00230314
20201116 0.00127871 0.000661842 -0.00217782 -0.003083 -0.00198081 -0.00196916 -0.000441291 -0.00381286 -0.00302152 -0.00591514 -0.0036289 -0.00574656 -0.00179223 -0.00431043 -0.00500238 0.000209637 -0.000169859 0.00240615 -0.00110899 -0.0011786 0.00700451 0.00461676 0.00180463 -0.000266731 -0.00430258 -0.00200211 0.0007932 0.000357969 0.000358873 0.00319889 -0.00408922 -0.00364842
20201117 0.00326181 0.00201548 -0.00149465 -0.000991495 -0.000846019 -0.000391397 -0.00352779 -0.00414681 -0.00507606 -0.00526717 -0.00937964 -0.0115553 -0.00670244 -0.00711001 -0.00878431 -0.00919657 -0.00387368 -0.00377498 -0.00143189 -0.00491201 -0.00586242 0.00287306 -0.00500383 -0.00955767 -0.00757146 -0.00476067 -0.00557768 -0.00551142 -0.00240689 -0.00914236 -0.00829683 -0.00729465
20201118 0.00369181 0.00414099 -0.00376431 -0.00342739 -0.00306414 -0.00373253 -0.00298204 -0.00629715 -0.00768203 -0.00789975 -0.0101517 -0.007014 -0.00199977 -0.00537312 -0.00670027 -0.00900774 -0.00817889 -0.00194277 -0.00218132 -0.000116706 -0.00345456 -0.00430791 -0.00802615 -0.00684602 -0.00436433 -0.00482781 -0.00461619 -0.00199801 -0.00877947 -0.00768562 -0.00668931 -0.00606664
20201119 0.00370573 0.00397231 -0.00479914 -0.00470231 -0.00579944 -0.00412932 -0.00330951 -0.00146355 -0.00342855 -0.00100834 -0.00218129 -0.00474898 9.14302e-05 0.00136442 -0.002516 -0.00447892 -0.00600754 -0.0047501 0.000862267 0.000467614 0.00196921 -0.00181028 -0.00291988 -0.00061692 -0.00142199 -0.00119031 0.00102076 -0.00586388 -0.00429067 -0.00290262 -0.00258032 -0.00088607
20201120 0.00459887 0.00454477 -0.00585834 -0.00630119 -0.00669052 -0.00623602 -0.0060047 -0.00824744 -0.00908116 -0.00962468 -0.00603571 -0.00421903 -0.00571616 -0.00210476 -0.00124066 -0.00511109 -0.00647431 -0.00898276 -0.00792528 -0.00319614 -0.00321029 -0.00249108 -0.00208896 -0.00267251 -0.0023615 -0.000128672 -0.00749248 -0.00694539 -0.00619742 -0.00633447 -0.00391122 -0.00990267
20201121 0.00565523 0.00584625 -0.00624804 -0.00607113 -0.0064397 -0.00624525 -0.00721465 -0.00739429 -0.00530977 -0.00674089 -0.0109141 -0.00712764 -0.00922318 -0.0111371 -0.00745017 -0.00665144 -0.0107204 -0.0123175 -0.0146204 -0.013052 -0.00794546 -0.00738282 -0.00602814 -0.0064613 -0.00374526 -0.011201 -0.0106123 -0.00997937 -0.0105774 -0.00900373 -0.0157324 -0.0105119
20201122 0.00399462 0.00365549 -0.00434194 -0.00355962 -0.00406263 -0.00480753 -0.00818457 -0.00884982 -0.00814995 -0.0036916 -0.00598651 -0.0033378 -0.00439115 -0.00804356 -0.00980859 -0.0058219 -0.00488753 -0.00825157 -0.00927345 -0.0112209 -0.0101053 -0.00571222 -0.00429274 -0.00135633 -0.00923065 -0.00833351 -0.00747101 -0.00827503 -0.00718657 -0.0135148 -0.0093287 -0.00696664
20201123 0.00428589 0.00168546 -0.00165434 -0.00232344 -0.0025558 -0.00328667 -0.00512685 -0.00414247 -0.00568259 -0.00677923 -0.00502261 -0.00613297 -0.00449515 -0.00466286 -0.00758177 -0.0086287 -0.00511516 -0.00401451 -0.00763208 -0.00859637 -0.0107617 -0.0097729 -0.000977489 -0.00817246 -0.00680116 -0.00531112 -0.00562077 -0.00436498 -0.0111798 -0.00674341 -0.004408 -0.000158012
20201124 -0.00331105 -0.00449175 0.00465451 0.00377833 0.00225663 0.00194725 0.00172443 0.00175739 -0.0012752 -0.0013173 -0.00184704 0.00144511 0.000181926 -0.000533996 8.38896e-05 -0.00219653 -0.00301417 -9.88778e-05 0.000276089 -0.00483468 -0.00600536 -0.00748801 -0.00341157 -0.00143447 0.000170588 0.000463294 0.00212373 -0.00482659 -0.000391266 0.0011828 0.0043816 -0.00110509
20201125 -0.00543837 -0.00528962 0.00425314 0.00381949 0.00493329 0.00456107 0.00465837 0.00738152 0.00330548 0.00780254 0.0101486 0.0112159 0.0124646 0.0100011 0.0101506 0.0109553 0.0094495 0.00906203 0.0116631 0.0119485 0.00739076 0.00602582 0.00693398 0.00875786 0.00974096 0.0118185 0.00480993 0.00867823 0.00971435 0.0132641 0.00845222 0.00574819
20201126 -0.00593968 -0.0053779 0.00475326 0.0051254 0.00499111 0.00516659 0.00421725 0.00309996 0.00523185 0.00376328 0.00772799 0.00747549 0.00559545 0.013163 0.0112318 0.0113067 0.0115152 0.0103021 0.0100103 0.0122571 0.0124487 0.00896755 0.00760827 0.00857874 0.010514 0.00333549 0.00634492 0.00673439 0.00981129 0.00505773 0.00399083 0.00367688
20201127 -0.0013604 -0.00100619 0.000216378 0.000202774 -0.000354303 -0.000629598 9.11289e-05 0.000663242 0.00134379 -0.00107948 0.00011089 -0.00346206 -0.000459719 -0.0013847 0.00636446 0.004279 0.00413816 0.0039955 0.00298839 0.00149479 0.00342609 0.00333411 0.0017988 0.00397296 -0.00297324 0.000340261 0.00127061 0.00503153 -0.000492773 -0.00307747 -0.00400812 -0.000749747
20201128 0.00269315 0.00347048 -0.0037709 -0.00268696 -0.00334963 -0.00406493 -0.00240158 -0.0046796 0.000543498 -0.00200495 -0.00236323 0.00163556 -0.00322013 -0.00500433 -0.00574617 0.00225168 -0.000376347 -0.00108535 -0.00198801 -0.00375657 -0.00552827 -0.00330363 -0.000464079 -0.00709484 -0.00275541 -0.00146406 0.00209141 -0.00261374 -0.00528917 -0.00682232 -0.00462322 -0.00704017
20201129 -0.0031052 -0.00209437 0.00172854 0.00156289 0.0010336 0.00179125 -0.000379722 -0.00181476 -0.0021785 -0.00134059 0.00137844 0.00113285 0.000254979 -0.00126749 -0.00208765 -0.00282837 0.00469089 0.00164359 0.00126163 0.000539836 -0.000861419 -0.00222341 -0.00363661 0.000758049 0.00173628 0.00575605 0.00147489 -0.00133046 -0.00286174 -0.000506737 -0.00235123 -0.00311698
20201130 0.000753408 0.00152579 -0.00285931 -0.00384052 -0.00287359 -0.00266658 -0.00447384 -0.00286848 -0.00394085 0.000935186 0.00203578 0.00428331 0.00568296 0.0027158 0.00141389 0.000372876 -0.000298134 0.0077393 0.00550113 0.00454332 0.00424932 0.00426234 0.00356036 0.00473274 0.00904567 0.00541514 0.00241519 0.000748353 0.00342388 0.00174388 0.00117272 0.000660888
20201201 0.00101529 0.000463008 -0.000958418 -0.00169414 -0.0015227 -0.000542219 -0.00269398 -0.00446268 -0.00345809 -0.00727243 -0.00267509 0.000215113 -0.00539028 0.00189564 -0.000104976 -0.00136962 -0.00265642 -0.00402956 0.00396403 0.00274487 0.0021517 0.00256265 -0.000224651 0.00425781 0.00145635 -0.000420915 -0.0025437 0.000982487 0.000236143 -0.000635387 -0.00185356 -0.00222799
20201202 0.00266366 0.00238125 -0.00310727 -0.00388814 -0.00403232 -0.00364828 -0.00213949 -0.0016275 -0.00122927 -0.00355255 -0.00239978 -0.00549175 -0.00308431 -0.00646305 0.000938088 -0.00114511 -0.00249588 -0.0039205 -0.00538979 0.00332523 0.00270222 0.00263884 0.00181903 -0.00153361 -0.00332028 -0.00529051 -0.00113714 -0.0011195 -0.00105126 -0.0021264 -0.00288117 -0.00512094
20201203 -0.00572674 -0.00591333 0.00532635 0.00645667 0.00680288 0.00673317 0.00799755 0.00849529 0.00531711 0.00662576 0.00223453 -0.000490325 0.000935055 0.00110328 -0.0014582 0.00525981 0.00279727 0.00237369 0.00159919 0.000164199 0.00846868 0.00816178 0.00278737 0.000812261 -0.00128807 0.00248596 0.00191389 0.00165545 0.00149804 0.000973542 -0.000974405 -0.00123852
20201204 -0.0062963 -0.00584626 0.00606427 0.00649442 0.00744501 0.00964599 0.00997791 0.00920602 0.00996796 0.00925738 0.0104371 0.0114573 0.00917945 0.00463792 0.00501785 0.00268884 0.00959606 0.00677814 0.00686996 0.0053203 0.00356152 0.0112525 0.00445663 0.00293107 0.00696488 0.00532137 0.00348264 0.00341808 0.00352828 0.0027048 0.00290083 0.00476974
20201205 -0.0020063 -0.00143462 0.00124472 0.000317687 0.00104628 0.00406767 0.00301391 0.00199437 2.14321e-05 0.00172975 0.00461904 0.00557118 0.00424708 0.00739923 0.00344667 0.00434702 0.00167495 0.00894017 0.00558623 0.00567237 0.00386063 0.00201929 1.10843e-05 0.00386471 0.00274079 0.00129028 0.000619023 0.000673964 -0.000327763 0.000623254 0.00302261 0.00558409
20201206 0.000968231 0.000782908 -0.001869 -0.00132275 -0.00233146 -0.00323638 -0.0010907 -0.00148848 0.00169684 0.00578532 0.00232861 0.00334339 0.000221866 0.00347904 0.00774875 0.00249712 0.00419839 0.000855815 0.00875888 0.00647793 0.0058603 0.00351263 0.00212777 0.000712696 -0.000687813 -0.00189291 -0.000996094 -0.00326673 -0.00187623 0.000819963 0.00335858 -0.00583865
20201207 0.00350053 0.00344842 -0.00491212 -0.00518096 -0.00629309 -0.00468336 -0.00463954 -0.00253444 0.000906773 -0.00491919 -0.000353711 -0.00331063 -0.00592973 -0.0029868 5.94529e-05 0.00435159 -0.000484927 -0.000164085 -0.00364557 0.00349679 0.000438153 -0.000217221 -0.00376008 -0.00455332 -0.00512194 -0.00478285 -0.00657824 -0.00645095 -0.00498684 -0.00287769 -0.0121925 -0.00938527
20201208 0.0112487 0.0127919 -0.0144431 -0.0147269 -0.015119 -0.0150419 -0.0159428 -0.0140979 -0.00990915 -0.0103643 -0.0144109 -0.012607 -0.0107849 -0.0123649 -0.0102359 -0.0078797 -0.00424829 -0.0100062 -0.0095776 -0.0128824 -0.00499838 -0.00856838 -0.0118859 -0.0115142 -0.0111917 -0.0129131 -0.0124383 -0.0106701 -0.00892892 -0.0187065 -0.0163431 -0.0121373
20201209 0.0129184 0.0129739 -0.0167183 -0.0154149 -0.0162581 -0.0153667 -0.0134761 -0.0152024 -0.0138449 -0.0107454 -0.015075 -0.0107816 -0.0116846 -0.0121051 -0.0136967 -0.012494 -0.0100906 -0.00614664 -0.0111769 -0.0105388 -0.0142876 -0.00643233 -0.012441 -0.0129392 -0.0149677 -0.0148367 -0.0128303 -0.0107828 -0.0203897 -0.0182514 -0.0141842 -0.0129688
20201210 0.00880189 0.00896748 -0.0101607 -0.0118198 -0.0115065 -0.0105196 -0.00965074 -0.00865415 -0.0107709 -0.00882874 -0.00627938 -0.00875349 -0.00889224 -0.00783045 -0.0104437 -0.0118173 -0.0102836 -0.00811518 -0.00562313 -0.00847545 -0.00809169 -0.0110994 -0.0109215 -0.0122467 -0.0129792 -0.0123599 -0.0111682 -0.0180166 -0.0153557 -0.011573 -0.0103995 -0.00964451
20201211 -9.60441e-05 -0.000557805 -0.00123551 -0.000247963 -0.00288263 -0.00216292 -0.00188797 -0.00144202 -0.00145896 -0.000665614 -0.00324781 -7.09575e-05 0.000840306 0.000624066 0.00191965 0.000973703 -0.000797851 0.00108815 0.00391677 0.00802818 0.00400339 0.00379623 -0.00243378 -0.00250226 -0.00161678 -0.000112898 -0.0092263 -0.0067812 -0.00233208 -0.000410208 0.000467395 -5.4092e-05
20201212 -0.00705899 -0.00750129 0.00427449 0.00455025 0.00374005 0.00538543 0.00721071 0.0034939 0.00547453 0.00759356 0.00609664 0.00614022 0.0100727 0.0105761 0.0107291 0.012703 0.0127761 0.0106064 0.0125843 0.0143346 0.0184145 0.014204 0.0067788 0.00664836 0.00799029 -0.00110224 0.00137987 0.00628297 0.00841698 0.00878825 0.00840663 0.0116588
20201213 -0.00269452 -0.00333957 0.00105336 0.0010563 0.000333203 -8.03529e-05 0.00229792 0.000730602 0.00239359 0.00013091 0.00649088 0.00390869 0.00416174 0.00738451 0.00851356 0.00913991 0.011672 0.0118111 0.00835639 0.0100785 0.0114616 0.0159029 0.00271448 0.00509402 -0.00340883 -0.00178036 0.00244202 0.00459025 0.00489868 0.00471918 0.00797318 0.00529832
20201214 0.0013569 0.000563644 -0.00218409 -0.00137086 -0.00187222 -0.0020765 -0.00200299 0.000510153 -0.00108989 0.00320975 -0.00114112 0.00501985 -0.00152332 0.000323324 0.00343974 0.00415766 0.00509229 0.00819531 0.00851923 0.00463128 0.00619472 0.00761325 0.00156787 -0.0062641 -0.00476652 -0.000851026 0.00110783 0.000942237 0.000943273 0.00391686 0.00100148 -0.000553836
20201215 -0.00426486 -0.00587683 0.00513484 0.00471032 0.00464398 0.0034465 0.0043621 0.00229878 0.00250617 -7.86546e-05 0.00112425 0.00596341 0.00152857 0.00191189 0.00360353 0.0074213 0.00819495 0.00921376 0.0120659 0.0123569 0.00816215 0.00950814 -0.00311464 -0.00138873 0.00245288 0.00447183 0.00386331 0.00398217 0.00620241 0.00222809 0.000602234 0.00232263
20201216 -0.00598763 -0.00629214 0.00500135 0.00447859 0.00471007 0.00580602 0.00788518 0.00669404 0.00780609 0.00586378 0.00373378 0.00105999 0.0134116 0.010776 0.0111084 0.0128476 0.0166328 0.0169559 0.017691 0.0203352 0.0210346 0.0174747 0.00787115 0.0115905 0.0138269 0.0134109 0.0131369 0.0151593 0.0112623 0.00948105 0.0119459 0.0150093
20201217 -0.00926463 -0.00934723 0.00747857 0.00799943 0.00778993 0.00763378 0.00599071 0.00767689 0.0107385 0.00863739 0.00866308 0.00159262 0.00703785 0.0144797 0.0122924 0.0121877 0.0136331 0.0173587 0.0167063 0.0174647 0.020592 0.0212527 0.0134844 0.0152557 0.0144385 0.0135994 0.0159592 0.0130198 0.0117886 0.0142138 0.0175603 0.0204842
20201218 -0.00496968 -0.00443606 0.00384628 0.00442949 0.00520798 0.00428777 0.00237168 0.0027551 0.00436383 0.00331975 0.00375808 0.00458852 0.000740873 -0.0014874 0.00691517 0.00477493 0.00408618 0.00537992 0.00980757 0.00910279 0.00972913 0.012997 0.00756788 0.00687779 0.0061148 0.00872605 0.00526447 0.00392421 0.00597548 0.00934734 0.0119916 0.00860132
20201219 -0.00413727 -0.00365835 0.00233834 0.00238099 0.00258675 0.00228973 0.000383948 0.000214412 0.000435836 0.00133866 -0.000995425 -0.000104246 0.00117726 -0.00235475 -0.00550898 0.00259265 0.00039838 -4.96528e-05 0.00175501 0.00621324 0.00548725 0.0062649 0.00356702 0.00345607 0.00630802 0.003298 0.00148354 0.0032168 0.00634741 0.0087168 0.00540371 0.00590261
20201220 -0.00168822 -0.00169552 -0.00059272 -2.31851e-05 -1.22307e-05 8.24946e-05 -0.000501236 -0.000953992 -0.00288039 -0.00508341 -0.00149329 -0.00524252 0.00298655 0.00045138 -0.00273 -0.0056083 0.00273959 0.00101069 0.000502864 0.00224707 0.00645365 0.00695943 0.00165623 0.00451095 0.00238915 0.00113126 0.00353504 0.00710015 0.00968247 0.00631602 0.00695612 0.00505761
20201221 0.000975817 0.00169161 -0.00359337 -0.00285636 -0.00344687 -0.00237455 -0.00188802 -0.00158831 -0.000401287 -0.00217968 -0.00235719 -0.00190116 -0.000976872 0.00069996 -0.00135326 -0.00447093 -0.00736027 0.00132377 -0.000568511 -0.00112743 0.000942289 0.00509786 0.0011081 -0.000968252 -0.00223583 -3.8748e-05 0.00363575 0.00651886 0.00376576 0.00498398 0.00445534 0.00449312
20201222 -0.000190657 0.000840959 -0.000998496 -0.000643686 -0.000756444 -0.00224924 -0.00174692 0.00106778 -0.00242398 -0.0031492 -0.00336439 -0.00427805 -0.00219797 -0.00311164 -0.00191394 -0.00389368 -0.00719789 -0.0102642 -0.00174194 -0.00350915 -0.00347533 -0.00145057 -0.00172351 -0.00332088 -0.00145614 0.00186035 0.00445538 0.00110147 0.00159363 0.000655148 0.00113053 0.00112511
20201223 -0.00334139 -0.00276445 0.000160382 0.00118435 0.00181159 0.00292764 0.00350877 0.00614221 0.00217687 0.004215 0.00533982 0.0100763 0.00489055 0.00213541 0.00174428 0.00294695 0.000696576 -0.00202034 -0.0043449 0.00431297 0.00180471 0.00121798 0.00122214 0.00278371 0.00582401 0.00826367 0.00443592 0.00441505 0.00278087 0.00299664 0.0033071 0.00123401
20201224 -0.00116801 -0.000564969 -0.00060721 -0.000690079 -0.000410457 -0.000595796 -0.00014912 -0.00131948 -0.000405617 -0.00205364 -0.00128214 0.000863274 0.00287373 0.00468168 0.00240322 0.00235916 0.0030525 0.001297 -0.00106164 -0.00313759 0.00466909 0.000990919 0.0027556 0.00603415 0.00894372 0.00531703 0.00605403 0.0045517 0.00384974 0.00312731 -0.000582604 0.000833671
20201225 -0.000528782 -0.000765535 -0.00040708 0.000172826 -0.000189294 0.000388896 0.00180874 0.00117978 0.000930353 0.00182282 -0.000749717 -0.00391551 -0.000599262 0.000837338 0.00338032 0.00146139 0.000753711 0.00146268 7.59622e-05 -0.00235985 -0.00497155 0.00300834 0.00382507 0.00668836 0.00306084 0.00411017 0.00262722 0.00197319 0.00158756 -0.00295442 -0.00172634 -0.00225444
20201226 -0.00130182 -0.00142249 5.15318e-05 9.88218e-05 -0.00027414 0.000578982 0.000632015 -0.000518711 -0.000509597 -0.00109799 -0.002054 -0.00184261 -0.00206538 -0.00288324 -0.000395484 0.00177294 -0.00032874 -0.000532092 0.000372851 -0.00123983 -0.0046686 -0.00722172 0.00378159 -4.49637e-06 0.000699259 -3.1958e-05 -0.000543379 -0.000860779 -0.00496847 -0.00242403 -0.00252223 -0.00100307
20201227 0.000309276 0.000589657 -0.00123252 -0.00182925 -0.00158621 -0.00087845 -0.00298823 -0.00515444 -0.00618796 -0.00617667 -0.00214565 -0.00498677 -0.00326275 -0.00652336 -0.00704455 -0.00429749 -0.00244877 -0.00507313 -0.00500338 -0.00448695 -0.00627448 -0.00998333 -0.00272059 -0.00212086 -0.00288791 -0.00361242 -0.0043174 -0.00876841 -0.00600718 -0.00571538 -0.00365643 -0.00207809
20201228 0.00263056 0.0015484 -0.00222444 -0.00296268 -0.00308198 -0.00348033 -0.00367052 -0.00359008 -0.00303339 -0.00527932 -0.00667927 -0.00627585 -0.000658536 -0.00432502 -0.0069522 -0.0074107 -0.00524266 -0.00286139 -0.00505206 -0.00480186 -0.00409423 -0.00585304 -0.0016025 -0.00229221 -0.00283017 -0.00318531 -0.00751245 -0.00441715 -0.00458806 -0.00266543 -0.000847064 -0.00412671
20201229 0.00278938 0.00288694 -0.00314061 -0.00314107 -0.0028148 -0.00323883 -0.00430115 -0.00479927 -0.00649781 -0.00865277 -0.00852712 -0.00656434 -0.00294715 -1.55048e-05 -0.00383263 -0.00608584 -0.00667228 -0.00473784 -0.00294629 -0.00516093 -0.00456756 -0.00405646 -0.00364472 -0.00471006 -0.00463582 -0.00851918 -0.00509149 -0.00486025 -0.00279008 -0.00114621 -0.00486422 -0.00225906
20201230 0.00238049 0.00258282 -0.00379699 -0.00264003 -0.00346759 -0.00365083 -0.000898715 -0.000915232 -0.00233825 -0.00612332 -0.00856366 -0.00587561 -0.00155741 -0.00183855 0.00124989 -0.00279403 -0.00466981 -0.00474748 -0.0028366 -0.00131466 -0.00426836 -0.00348566 -0.00431815 -0.00470387 -0.00903884 -0.00556902 -0.0047588 -0.00225224 -9.35204e-05 -0.00307648 7.12173e-05 -0.00339768
20201231 -0.000641657 0.000525567 -0.00216878 -0.00311698 -0.00330679 -0.00239489 -0.00358174 -0.0029456 0.00145146 0.00167795 -0.00147182 0.00253234 0.00196878 0.00246285 0.00229906 0.00527994 0.00135009 -0.00040422 -0.000942044 -8.68906e-05 0.00123127 -0.00161777 0.000356963 -0.00413579 -0.00163112 -0.00119646 0.00088392 0.00285125 0.000288179 0.00370126 0.000756034 0.000756614
20210828 0.00555287 0.00698311 -0.00797323 -0.00858491 -0.00834968 -0.00963135 -0.00891129 -0.0060525 -0.00721907 -0.00860477 -0.00786938 -0.00896031 -0.0058002 -0.00373329 -0.00403524 -0.0049978 -0.00401778 -0.00383002 -0.00107985 0.000192398 -0.00132709 -0.00289174 -0.00457234 -0.00534903 -0.000215551 -0.00466232 -0.00549619 -0.00313293 -0.00469805 -0.00449705 -0.00491142 -0.00607733
20210829 0.00673457 0.00767611 -0.00871535 -0.00895667 -0.00900615 -0.0082757 -0.0109937 -0.0112647 -0.0082152 -0.00827089 -0.0124256 -0.00802037 -0.00842687 -0.00844333 -0.00607563 -0.00598656 -0.00724043 -0.00637618 -0.00635614 -0.00379425 -0.00239582 -0.00363961 -0.00734648 -0.00250826 -0.00706212 -0.0075243 -0.00533557 -0.00707549 -0.00741882 -0.00773758 -0.0079605 -0.00728233
20210830 0.00665966 0.00643817 -0.00835695 -0.00911305 -0.00785703 -0.00896128 -0.00800034 -0.00970819 -0.0122257 -0.00635272 -0.00832631 -0.0111062 -0.00653173 -0.00835654 -0.00897728 -0.00564509 -0.0055916 -0.00735696 -0.00607754 -0.00611916 -0.00351931 -0.00140109 -0.00205097 -0.0056167 -0.00606626 -0.00519146 -0.0073939 -0.0075884 -0.00841483 -0.00814354 -0.00582673 -0.00927364
20210831 0.00394858 0.00419288 -0.00550178 -0.00625244 -0.00501426 -0.0052439 -0.00507118 -0.00519825 -0.00775025 -0.0110791 -0.00672086 -0.011967 -0.00781406 -0.00752265 -0.00856095 -0.00938633 -0.00592164 -0.00584955 -0.00793805 -0.0067786 -0.00655811 -0.00405149 -0.0085235 -0.00878564 -0.00773468 -0.00997006 -0.0100538 -0.0107596 -0.0109539 -0.00859003 -0.0111515 -0.00902201
20210901 0.00804363 0.00825286 -0.00847256 -0.00874951 -0.00894165 -0.00989337 -0.00948613 -0.00664652 -0.00800981 -0.00895127 -0.0079758 -0.0100342 -0.0039671 -0.00821479 -0.00789906 -0.00874731 -0.00951081 -0.00561104 -0.00545605 -0.00774207 -0.00652243 -0.00562012 -0.00904397 -0.00848267 -0.0111393 -0.0121041 -0.0127462 -0.0113639 -0.00950852 -0.0117895 -0.0097671 -0.00885173
20210902 0.00618455 0.00623408 -0.00621577 -0.00697554 -0.00694538 -0.00656922 -0.00507699 -0.00505083 -0.003465 -0.00472456 -0.00860144 -0.00698836 -0.00599278 -0.00247709 -0.0070081 -0.00681074 -0.00821134 -0.00951279 -0.005066 -0.00485495 -0.00546431 -0.00312613 -0.00587095 -0.00865224 -0.0100218 -0.0106304 -0.00891019 -0.00802056 -0.010405 -0.00922612 -0.00884388 -0.0165305
20210903 0.00380088 0.00360512 -0.00339947 -0.00473569 -0.00310353 -0.000959127 -0.000812419 0.000280916 8.60339e-07 3.4219e-05 -0.00447493 -0.00539724 -0.00437911 -0.00454938 -0.000404732 -0.00452503 -0.0041972 -0.00488262 -0.00591176 -0.00105986 -0.00108067 -0.0018237 -0.0062705 -0.00857127 -0.00889365 -0.00668324 -0.00523749 -0.00690819 -0.00643177 -0.00721484 -0.0155044 -0.0164168
20210904 0.00773324 0.00758209 -0.00760787 -0.00847695 -0.00824188 -0.00942361 -0.007056 -0.00273559 -0.00370463 -0.0039454 -0.00173846 -0.00823371 -0.00540191 -0.00606715 -0.00589793 -0.00072339 -0.00399624 -0.00381803 -0.00459906 -0.00562092 -0.00139456 -0.000832334 -0.0108655 -0.0126558 -0.010365 -0.00805851 -0.00853897 -0.00715571 -0.00752509 -0.0155129 -0.0161633 -0.0134958
20210905 0.00925745 0.0086384 -0.00921648 -0.00924733 -0.009632 -0.0105768 -0.00679876 -0.0047494 -0.00397734 -0.0052919 -0.010701 -0.00576811 -0.00631586 -0.00444351 -0.00563952 -0.00545727 -0.000158234 -0.00299136 -0.00282858 -0.00339103 -0.00375778 -0.000384176 -0.010564 -0.0075456 -0.00668647 -0.00796105 -0.00605916 -0.00552145 -0.0125154 -0.0118202 -0.0107681 -0.00756683
20210906 0.00527561 0.00536814 -0.00651466 -0.00716783 -0.00738898 -0.00650366 -0.00885884 -0.00541699 -0.00511917 -0.00715438 -0.00696325 -0.00601208 -0.00342084 -0.000979284 -0.000335828 -0.0015244 -0.00104921 0.00358467 -2.43128e-06 0.000208722 -0.00123712 -0.00153409 -0.00329138 -0.00308277 -0.00480005 -0.00347263 -0.00296999 -0.00908502 -0.00727185 -0.00607844 -0.00322238 -0.000234327
20210907 0.000675427 -0.000165103 4.03717e-05 0.000458926 -0.000436529 0.000387854 0.000477679 -0.00141795 -0.00381475 0.00136516 0.00149174 -0.000130293 -0.0020508 -0.000383144 0.00147053 0.000997515 -0.000226648 0.000310298 0.00455503 0.00181969 0.00317394 0.00200164 -0.00083303 -0.00158147 -0.000527356 0.000623966 -0.00582151 -0.00468348 -0.00348515 -0.000932045 0.00166702 -0.0035676
20210908 -0.000243083 -0.000508304 -0.000241782 -0.000940114 -0.000451195 0.000166454 -0.000143754 0.000651021 -0.0021674 -0.00193281 0.00276945 0.00228894 0.00123398 -0.000599938 0.00131431 0.00257625 0.00154694 0.000677602 0.00207134 0.00613248 0.00367118 0.00480301 -0.000137319 0.000733796 0.000801577 -0.00548467 -0.00502553 -0.00283229 0.000452491 0.00355043 -0.00196626 0.00112933
20210909 0.00132498 0.00159879 -0.00241471 -0.00222276 -0.00174564 -0.00290464 -0.00224718 -0.00178132 -0.00485825 -0.00203454 -0.00133644 -0.00169515 -0.000696745 -7.66579e-05 -0.00294521 -0.000868547 0.00115459 0.00113432 -7.56248e-06 0.00110869 0.00501969 0.00230076 4.6494e-05 0.00021639 -0.00620227 -0.0069629 -0.00431996 0.0004586 0.0038515 -0.00112165 0.00201757 -0.000742871
20210910 0.00152105 0.00216431 -0.00257602 -0.00318628 -0.00116992 -0.00185163 -0.00255967 -0.00126274 -0.0010524 -0.0073096 -0.00215335 -0.000616163 -0.0020936 -0.00093214 -0.000167217 -0.00350838 -0.00133063 0.000467178 -0.000301108 -0.00152487 -0.000315772 0.00481577 -0.00095215 -0.00684203 -0.00819827 -0.00739546 -0.00408386 -0.00121925 -0.00564438 -0.00154467 -0.0038362 -0.00728578
20210911 0.00453968 0.00507139 -0.00515387 -0.0040259 -0.00486864 -0.0023689 -0.0032261 -0.00276019 -0.00651079 -0.00243554 -0.00506247 -0.00179821 -0.00528821 -0.00611159 -0.00537837 -0.0053371 -0.0079117 -0.00639301 -0.00459687 -0.00542727 -0.00632953 -0.0055241 -0.0100798 -0.00966438 -0.00839609 -0.00670219 -0.00502827 -0.00996342 -0.00611525 -0.00864998 -0.0113225 -0.00794984
20210912 0.00737994 0.00739517 -0.00929331 -0.00951805 -0.00993732 -0.0113056 -0.00923504 -0.0073269 -0.0110594 -0.00580556 3.91223e-05 -0.00198268 -0.00158727 -0.00279148 -0.00327344 -0.0025411 -0.00171096 -0.00465389 -0.00417937 -0.00233068 -0.00258247 -0.00288338 -0.00668991 -0.00523823 -0.00323618 -0.00109883 -0.00565792 -0.000865649 -0.00430254 -0.00717692 -0.00424879 -0.00256651
20210913 0.00462887 0.00498493 -0.00661672 -0.00796664 -0.0090737 -0.00858554 -0.00728091 -0.00703173 -0.0039119 -0.012906 -0.00805014 0.00141819 -0.00502257 0.000614265 -0.000607818 -0.00136598 -0.000172427 0.00133329 -0.000388443 0.000477732 0.00205623 0.00183832 -0.00302777 -0.000583588 0.001028 -0.00361172 0.00200693 -0.000268569 -0.00360434 -0.00100144 0.00152638 0.00213639
20210914 0.000565584 6.2482e-05 -0.00177171 -0.00305393 -0.00282219 -0.0020803 -0.00254043 -0.00301278 -0.00472277 -0.002386 -0.00356866 -0.00227109 -0.00240776 -0.00368032 0.00235527 0.00141375 0.000481836 0.00190114 0.00426201 0.00283743 0.0027291 0.00384045 0.00243405 0.00480552 -0.000578918 0.00513461 0.00292798 -0.00106581 0.000789395 0.00206273 0.00246766 -0.00128048
20210915 -0.00408854 -0.00459807 0.00346654 0.00288198 0.00284908 0.0035686 0.00356468 0.00309315 0.0035378 -0.0012355 0.00195062 0.00217321 0.00224744 -4.87926e-07 -0.00174363 0.00449738 0.0030305 0.00232073 0.00349708 0.00556917 0.00364889 0.00313977 0.00609413 0.00215849 0.00741061 0.0050889 0.000617508 0.0025947 0.00324987 0.00312316 -0.000931765 -0.00170294
20210916 -0.00919974 -0.00911986 0.0086029 0.00729741 0.00830603 0.00884071 0.00961944 0.0116266 0.00946695 0.00723997 0.00190493 0.00489754 0.00825109 0.00642584 0.00369394 0.00125545 0.00717333 0.00557986 0.00496347 0.005497 0.00675633 0.00521779 0.00518387 0.0109273 0.00900284 0.00437561 0.00449757 0.0050382 0.00586735 0.00199118 0.00110387 0.00358203
20210917 -0.00455278 -0.00381314 0.00255026 0.00234593 0.0028748 0.00101378 0.00388097 0.00481844 0.00776557 0.00778676 0.00681578 0.00688477 0.00863567 0.00755398 0.00478706 0.00285237 0.000935223 0.00734453 0.00635521 0.00610016 0.00646824 0.00679762 0.0107338 0.0091805 0.00493366 0.00505371 0.0053114 0.00692819 0.00345088 0.0029052 0.00515677 0.00634051
20210918 0.000978433 0.000997473 -0.001444 -0.00206706 -0.00272954 -0.002056 -0.00159381 -0.00278473 0.000188144 -0.000559787 -0.000889913 0.0018378 -0.00722672 -0.00277029 -0.00374941 -0.00611152 -0.00832813 -0.0103938 -0.00372284 -0.00485471 -0.00500452 -0.00418131 -0.00226477 -0.00719649 -0.0059679 -0.00505236 -0.00379311 -0.00717084 -0.00763317 -0.0061204 -0.00489882 -0.00340863
20210919 0.0115127 0.0107118 -0.0117373 -0.0121929 -0.0121511 -0.0131045 -0.0131508 -0.0116396 -0.0106136 -0.00872623 -0.00844743 -0.00780028 -0.0113311 -0.0171918 -0.0130547 -0.0135908 -0.01516 -0.0167098 -0.0191029 -0.0114056 -0.0134481 -0.014227 -0.0163213 -0.013831 -0.0120201 -0.0104727 -0.0146787 -0.0151808 -0.0137924 -0.0123676 -0.011191 -0.0142817
20210920 0.0137674 0.0133316 -0.0147323 -0.0162298 -0.0163722 -0.0172647 -0.0148827 -0.013375 -0.00920475 -0.00586082 -0.00967933 -0.00954063 -0.00935398 -0.00874464 -0.0134444 -0.0084378 -0.00945187 -0.0097105 -0.0100142 -0.0144185 -0.00672154 -0.00836706 -0.0103722 -0.00833354 -0.00633348 -0.0104173 -0.0107123 -0.00916434 -0.00765724 -0.00641482 -0.00980222 -0.00958137
20210921 0.00438554 0.00351226 -0.00452645 -0.0062396 -0.00642881 -0.00619974 -0.00835413 -0.0075243 -0.0029442 -0.00754459 -0.00149339 -0.00206681 -0.00683321 -0.00108191 0.000753397 -0.00321685 0.000889456 -0.000953982 -0.00113492 -0.00131836 -0.00621706 0.00123327 -0.00284478 -0.000159808 -0.00385433 -0.00501327 -0.00385444 -0.00176437 0.000229079 -0.00239956 -0.00235226 -0.000303655
20210922 0.00311971 0.00310096 -0.00425374 -0.00509832 -0.0043382 -0.00253253 -0.00290836 -0.00358919 -0.00486511 -0.00497164 -0.00696432 -0.00806543 -0.00319942 -0.00508 0.000555483 0.00135372 -0.00358834 -0.000158811 -0.00151282 -0.00168755 -0.0018234 -0.00702035 -0.000104781 -0.00336184 -0.00468443 -0.00354638 -0.0029162 -0.000999026 -0.00358233 -0.00306525 -0.000722206 -0.00356358
20210923 0.00417971 0.00376439 -0.00455987 -0.00351625 -0.00404823 -0.00370209 -0.00186809 -0.00288163 -0.00200295 -0.0014056 -0.00532759 -0.00388237 -0.00713711 -0.0067002 -0.00823779 -0.00213314 -0.00129733 -0.00678601 -0.00290689 -0.00384018 -0.00520137 -0.00633673 -0.00681678 -0.00708593 -0.00523201 -0.00522188 -0.00369695 -0.00706144 -0.00638581 -0.00385809 -0.00598782 -0.00192369
20210924 0.000259336 0.000120669 -0.00117272 -0.00178964 -6.85337e-05 -0.00011695 -0.00154239 0.00242537 0.000873653 0.0034793 -0.00260519 0.00263357 0.00203246 0.000147193 0.0011736 -0.000644792 0.00485339 0.00543227 -0.000916675 0.00292434 0.00208098 0.000737558 0.000140551 0.00196078 0.00174211 0.00297554 -0.000942455 0.000613024 0.00372328 0.00252865 0.00631106 0.0052366
20210925 -0.00776253 -0.00747053 0.00619653 0.00596051 0.00635193 0.0067883 0.00795554 0.00749412 0.0100204 0.00935691 0.00867545 0.00844077 0.00767145 0.0104741 0.00873837 0.00970839 0.00765482 0.0132893 0.0134985 0.00720077 0.0116294 0.0111345 0.00887424 0.00866821 0.00995159 0.0058944 0.00700271 0.00989452 0.00923856 0.013232 0.0126599 0.015082
20210926 -0.0106358 -0.010972 0.00876249 0.0088613 0.0084262 0.00820158 0.00947312 0.00927126 0.00824454 0.00796923 0.0116001 0.0122458 0.00999064 0.0103346 0.0133261 0.0115236 0.0116548 0.00948763 0.0155045 0.0159872 0.0107155 0.0152029 0.0103694 0.0124408 0.00841143 0.00947666 0.0121885 0.0101916 0.0128405 0.0122285 0.0139827 0.0121123
20210927 -0.00237534 -0.00308486 0.00135911 0.00171854 0.00232706 0.000384243 -0.000442919 0.000374947 0.000758473 0.00184864 0.00304668 0.00198535 0.0031155 0.00190766 0.00223281 0.00533805 0.00355069 0.0031213 0.000402881 0.00691815 0.00702329 0.00086302 0.00526785 0.00194171 0.00243602 0.00520871 0.00250696 0.00432021 0.00345557 0.00570122 0.00444363 0.00758415
20210928 0.00717318 0.00675491 -0.00789499 -0.00814817 -0.00665072 -0.0066655 -0.00902037 -0.00890666 -0.00704355 -0.00915659 -0.00869484 -0.00794628 -0.00952178 -0.00839397 -0.0100928 -0.00982758 -0.00708334 -0.00947337 -0.00956961 -0.0131231 -0.00706962 -0.00695358 -0.0102112 -0.0112234 -0.0087666 -0.0115664 -0.00964232 -0.00993696 -0.00715023 -0.00773222 -0.00526907 -0.00848452
20210929 0.0149054 0.0148691 -0.0137832 -0.0146436 -0.0124766 -0.0125165 -0.0124359 -0.012853 -0.0120387 -0.0122445 -0.0146472 -0.0143502 -0.0116564 -0.0144048 -0.0138935 -0.0155962 -0.0154099 -0.0127735 -0.0146764 -0.0145921 -0.018632 -0.0128001 -0.0168964 -0.014815 -0.0177327 -0.0157359 -0.0162823 -0.0132908 -0.013647 -0.0105977 -0.0143297 -0.0104016
20210930 0.007632 0.00754106 -0.00840069 -0.00833294 -0.00687841 -0.00801068 -0.00794948 -0.00609342 -0.00768356 -0.007437 -0.0115513 -0.00736614 -0.00603514 -0.00303814 -0.00631433 -0.00625354 -0.00833277 -0.00803891 -0.00559669 -0.00758258 -0.00772462 -0.0123014 -0.0055705 -0.00844729 -0.00650442 -0.00747127 -0.00559875 -0.00575658 -0.00290378 -0.00630311 -0.0028088 -0.000758839
20211001 -0.000192319 -0.000934638 -0.000658123 -0.00100023 0.000232702 -0.000846144 -0.000596375 -0.000204638 -0.00177399 0.000535281 0.00201468 0.00152072 -0.00207113 -0.00107469 0.00185271 -0.00214184 -0.00172384 -0.00377251 -0.0037754 -0.00186377 -0.00404512 -0.00375142 -0.00156571 0.000738969 0.000619471 0.00251121 0.00196295 0.00364281 0.000945579 0.00425949 0.00620644 0.00759149
20211002 0.00187758 0.00115645 -0.00209455 -0.00343005 -0.00348231 -0.0023422 -0.000677599 0.00340639 0.00568452 -0.00127605 -0.00190175 0.000932372 -0.000259217 -0.00246458 -0.00196538 0.00118845 -0.00314827 -0.00209053 -0.00353408 -0.00317794 -0.00142306 -0.00400525 0.000991214 0.00113307 0.00457858 0.00535019 0.00657146 0.00342697 0.0070795 0.00882353 0.0102174 0.00693466
20211003 -8.07791e-05 -0.000106378 -0.000193935 3.94361e-05 -0.000581443 -0.000887217 -0.000495566 -0.00226691 1.14505e-05 -0.00189106 -0.00248935 -0.000982178 -0.00281462 -0.000820353 -0.00262647 -0.00334741 -0.00048705 -0.0052461 -0.00510422 -0.00645116 -0.00579479 -0.00423945 -0.000478396 0.00236029 0.00272561 0.00374852 0.00100565 0.00524245 0.00803122 0.00979276 0.00589262 0.00108643
20211004 0.000797824 0.000500732 -0.000456291 -0.00101954 -0.00192761 -0.00042276 -0.00188015 0.00160481 -0.00128176 0.00234818 0.00129056 -0.00159466 0.000238439 -0.00261955 -0.000245653 -0.00272881 -0.00404726 -0.00159222 -0.00602184 -0.00564425 -0.00690057 -0.00578649 0.00203645 0.00263914 0.00301778 -4.76017e-05 0.00345725 0.00709309 0.00931998 0.00588477 0.00164546 0.00401184
20211005 0.000954349 0.000945449 -0.00107083 -0.00198516 -0.00320664 -0.00243926 -0.00267598 -0.00422914 -0.00578769 -0.00761901 -0.00705934 -0.00519709 -0.00455358 -0.00404297 -0.00783326 -0.00583656 -0.00769227 -0.00825339 -0.00538306 -0.0081729 -0.00765799 -0.00810462 0.00104285 0.00168112 -0.00140114 0.00157129 0.00480909 0.00618793 0.0041349 0.00107111 0.00335095 -0.00241802
20211006 -2.23034e-05 0.000503612 0.00176654 0.000744074 0.0017126 0.000180393 -0.00108042 -0.00265398 -0.00232266 -0.00304867 -0.00838978 -0.00740873 -0.00199273 -0.00594365 -0.00610403 -0.00980017 -0.00748568 -0.00878801 -0.00903706 -0.00471025 -0.00625915 -0.00578677 0.00144345 -0.000862529 0.00189688 0.00522246 0.00586552 0.00299397 5.71456e-06 0.0024529 -0.0029229 -0.000685535
20211007 -0.00263548 -0.00173843 0.00292388 0.00274862 0.00270553 0.00210138 0.00152803 0.00178405 0.00195637 -0.000829824 -0.00110559 -0.0102766 0.00127172 0.000356424 -0.00289835 -0.00281694 -0.00661925 -0.00413892 -0.00558236 -0.00662204 -0.00208212 -0.00342478 0.000607397 0.00401404 0.00807695 0.00855261 0.00431826 0.00155771 0.00414855 -0.000756073 0.0012535 0.000499841
20211008 -0.000835695 0.000509919 4.64148e-05 2.29743e-05 0.00145365 0.00254707 0.00352274 0.00219716 0.00229239 0.00575837 0.00687071 -0.0011444 0.00312944 0.00197443 0.000302203 -0.00303469 -0.00332328 -0.00792352 -0.00585583 -0.00790549 -0.00854935 -0.004012 0.00373913 0.00761253 0.00905515 0.0047091 0.00115929 0.00436751 0.000347049 0.00218054 0.00199432 -0.00121037
20211009 -0.00289217 -0.00146535 0.0022589 0.00237777 0.00273326 0.00333826 0.00427529 0.00242145 0.00275046 0.00404242 0.00262309 0.00640752 4.3639e-05 0.00228481 0.000845437 -0.0016095 -0.00531819 -0.00513184 -0.00992048 -0.00755967 -0.0087001 -0.00865942 0.00643135 0.00757795 0.0035022 -3.30885e-06 0.00230307 -0.000733397 0.00249714 0.0020863 -0.000977607 0.00138316
20211010 -0.000945246 0.000174262 0.00140337 0.00155891 0.00125345 0.000228074 0.00105628 0.000778116 0.00188087 0.000424688 0.00107304 -0.00523965 -0.00238813 -0.00425152 -0.00172024 -0.0030129 -0.0045035 -0.00748856 -0.00737215 -0.0109886 -0.00829274 -0.010282 0.00259035 -0.00109661 -0.00409448 -0.00189589 -0.00560089 -0.00225177 -0.00294006 -0.00640656 -0.00558536 -0.00690122
20211011 -0.00106871 0.000911851 0.00136006 0.000693781 0.000646781 0.000685267 0.00159451 0.00299332 0.001276 0.00115837 -0.0016011 0.00115801 0.000163881 -0.00284372 -0.00419354 -0.00298369 -0.00509796 -0.00682977 -0.00926581 -0.00827112 -0.0117703 -0.00977032 -0.00280771 -0.00564928 -0.00358236 -0.00767342 -0.00463703 -0.00577882 -0.00935976 -0.00688039 -0.00850318 -0.00797923
20211012 0.00138314 0.00406102 -0.00255773 -0.00239043 -0.00180304 -0.00323023 -0.00251981 -0.000383572 -0.00245209 2.49347e-05 -0.000512748 -0.00249027 0.00343398 0.00268702 -0.00159573 -0.00335736 -0.00312511 -0.0053026 -0.00745337 -0.00987666 -0.00898583 -0.0125256 -0.00419018 -0.00311662 -0.00790839 -0.00576667 -0.0068344 -0.0100017 -0.00720029 -0.00996935 -0.00909579 -0.0147102
20211013 0.000224942 0.000320408 -0.00210954 -0.00259694 -0.00251199 -0.00139322 -0.00109313 -0.00163648 0.00323797 0.00313014 -0.00130616 0.00110557 0.00265157 0.0074559 0.00574939 0.000901238 -0.000849629 0.000190501 -0.00120183 -0.00342952 -0.00572642 -0.00439041 0.000659654 -0.00459555 -0.00238886 -0.00421253 -0.00789767 -0.00507494 -0.00791395 -0.0067765 -0.0120966 -0.0112715
20211014 -0.00846565 -0.00868094 0.00808096 0.00650531 0.00797903 0.00614368 0.00721057 0.00771754 0.00755073 0.00792872 0.0074677 0.00551137 0.00703321 0.0103638 0.015433 0.0142105 0.0102519 0.00859063 0.0100429 0.00941068 0.00761346 0.00582154 0.00350645 0.00582799 0.00369359 -0.000665875 0.00115124 -0.00147843 -0.000180523 -0.00437778 -0.00279324 -0.00122721
20211015 -0.00750358 -0.00790958 0.00677826 0.00694894 0.00738443 0.00708259 0.00743322 0.00851887 0.00933888 0.00453951 0.00659812 0.00866645 0.0117575 0.0109593 0.0152867 0.0204287 0.0195219 0.0159031 0.0141389 0.0156979 0.0152494 0.01338 0.0104192 0.0090378 0.0059979 0.0080228 0.00527457 0.00536763 0.00017276 0.00104365 0.00291186 0.00773047
20211016 -0.00978786 -0.00981686 0.00839036 0.00820132 0.00811828 0.00944696 0.00903476 0.00838854 0.00394024 0.00266643 0.00364468 0.0013014 0.00750671 0.011787 0.010976 0.0142272 0.0185394 0.016802 0.0131721 0.0127224 0.0140964 0.013322 0.00843446 0.0056758 0.00817115 0.00574885 0.00533217 -0.000106735 0.000196076 0.00126189 0.00544764 0.00787761
20211017 -0.00498705 -0.00420668 0.00458666 0.00432887 0.00448791 0.00337805 0.0045707 0.00521562 0.00515388 0.00469812 0.000843633 0.00450935 0.00645808 0.00345068 0.0073838 0.00658 0.0097918 0.0139258 0.0123916 0.00933476 0.00807515 0.00892797 0.00199503 0.00416966 0.00196274 0.00204346 -0.00241708 -0.00269696 -0.000937876 0.00240385 0.0033557 -0.000321456
20211018 -0.0040297 -0.00360509 0.00394267 0.0034434 0.00333983 0.00368944 0.00450413 0.00471424 0.00646545 0.00316916 0.00738854 0.00826094 0.00733462 0.00867109 0.00586551 0.00998783 0.00950832 0.0130252 0.0170463 0.0153974 0.0133047 0.011128 0.00602791 0.00347653 0.00432404 -0.00012821 -0.000462875 0.00158465 0.00546492 0.00584356 0.00178476 0.00303923
20211019 -0.0109934 -0.0126232 0.0118801 0.011947 0.0113951 0.0103811 0.0108328 0.0108416 0.0118179 0.0131198 0.00967528 0.0128584 0.00903807 0.012424 0.0139634 0.0108706 0.0151775 0.0146133 0.0186865 0.0218375 0.0208376 0.0180966 0.00795524 0.00909952 0.00560788 0.0047787 0.00686544 0.0101707 0.0107131 0.00632644 0.00754023 0.00688524
20211020 -0.0129078 -0.012856 0.0133591 0.0131779 0.0127599 0.013831 0.0104585 0.0123218 0.0135073 0.0122278 0.014609 0.0119089 0.0149595 0.0130519 0.0159238 0.0176086 0.0147261 0.0182429 0.0170262 0.0212401 0.0226504 0.0221072 0.0139322 0.0104392 0.00889875 0.0107142 0.0140981 0.0153654 0.0111645 0.0121817 0.0111771 0.0135579
20211021 -0.0169905 -0.0169362 0.0158506 0.0155839 0.0153 0.0140266 0.0147967 0.0144402 0.0151013 0.0167705 0.0111794 0.0135239 0.0155909 0.0174124 0.0157702 0.0179445 0.0197478 0.017133 0.0203133 0.0183751 0.0227449 0.0243385 0.0139688 0.0119338 0.012382 0.0152071 0.0166978 0.0118183 0.0125946 0.011174 0.0133313 0.00479372
20211022 -0.0125192 -0.0124067 0.0106551 0.0127062 0.0131063 0.011397 0.0108796 0.0116641 0.0135407 0.0141678 0.0120651 0.0159407 0.0141598 0.0131066 0.0151752 0.0147588 0.016885 0.0190694 0.0172208 0.0208406 0.018317 0.0226525 0.0114748 0.0122973 0.0156272 0.0169549 0.0118637 0.0131482 0.0114543 0.0131166 0.004507 0.00494415
20211023 -0.0139523 -0.0141048 0.0124408 0.0134514 0.012768 0.0141182 0.0125628 0.0139899 0.0110951 0.0171752 0.0171951 0.0154047 0.0142831 0.0161945 0.0159862 0.0179289 0.0177666 0.0191889 0.022042 0.0201525 0.0241112 0.0228435 0.0149635 0.0192122 0.0209567 0.015628 0.0182444 0.0168967 0.0188663 0.0108961 0.0113133 0.014282
20211024 -0.0155789 -0.0157363 0.0145735 0.0152841 0.0142367 0.0149393 0.0137405 0.0147634 0.0121826 0.0117112 0.0163313 0.0185363 0.0138296 0.0145597 0.0175213 0.017501 0.0186838 0.0194433 0.0201075 0.0232694 0.0209811 0.0249698 0.0197945 0.0209733 0.0151147 0.017655 0.0162138 0.0188196 0.0110823 0.0123585 0.01592 0.0188306
20211025 -0.0137715 -0.0136557 0.0126614 0.0133109 0.012841 0.0134203 0.0109412 0.0109579 0.0108474 0.0117739 0.00935257 0.01407 0.00932278 0.00754456 0.00869672 0.0114771 0.0108019 0.0102366 0.0107058 0.0109781 0.014147 0.0121515 0.0149297 0.00887578 0.0116594 0.00961474 0.0119556 0.00393705 0.00495184 0.00859964 0.0127978 0.0146223
20211026 -0.00370926 -0.00520065 0.00382764 0.00448506 0.00325412 0.00286569 0.00332041 0.00232285 -0.00296226 -0.00160671 0.00110708 -0.00307024 0.00247658 -0.00212767 -0.00347258 -0.00145732 0.00121495 0.000403084 -0.000941415 0.000180589 0.000436076 0.00240948 -0.00252437 0.00106329 -0.00145076 0.000853312 -0.00672269 -0.0056328 -0.00244026 0.00221727 0.00490599 0.00368427
20211027 0.00709022 0.00685753 -0.00703803 -0.00608106 -0.0065924 -0.00570655 -0.00690086 -0.00564634 -0.00752082 -0.00946452 -0.00902633 -0.00485201 -0.000127116 -0.00204279 -0.00585479 -0.00560493 -0.00363248 -0.00143243 -0.000927676 -0.00163206 -0.000712609 -0.000335283 -0.00454131 -0.00748658 -0.00522353 -0.0127104 -0.0110248 -0.00706803 -0.00211464 -0.000247638 -0.00160816 -0.000239118
20211028 -0.0019692 -0.00246211 0.00114083 0.00184319 0.00121659 0.000598908 0.000543526 0.00124582 -0.000974551 -4.11389e-05 0.000941739 -0.00251378 -0.000539683 0.00639828 0.00395761 0.00045337 0.0011546 0.00320932 0.00509448 0.00625726 0.00528557 0.0055742 -0.0014069 0.00017111 -0.00754112 -0.006571 -0.00282493 0.00150767 0.00360627 0.00232468 0.003502 0.00272228
20211029 0.00304974 0.00193435 -0.00395805 -0.00430241 -0.00357549 -0.00315849 -0.00431194 -0.00459402 -0.00150143 -0.00341707 -0.00371578 -0.0032583 -0.00021072 -0.00332813 0.00314895 0.00118565 -0.00234593 -0.00138166 0.000781904 0.00189841 0.00319478 0.00165175 -0.00230641 -0.0101749 -0.00968699 -0.00651769 -0.00242485 0.000186168 -0.000490031 0.000826412 0.000492408 -0.00053212
20211030 0.00289668 0.00248049 -0.00463897 -0.00512521 -0.00656289 -0.0070561 -0.00693634 -0.00701642 -0.00655052 -0.00569282 -0.00449842 -0.0045337 -0.00317151 -0.000346095 -0.00347007 0.00377089 0.00183366 -0.0027466 -0.00282909 -0.00131471 0.000205223 0.000980397 -0.0105508 -0.0103061 -0.00784654 -0.00461158 -0.00201147 -0.00230382 -0.000452349 -0.000544296 -0.00155731 -0.00346524
20211031 0.00498109 0.00520977 -0.00814453 -0.00822891 -0.00789117 -0.0065887 -0.00698875 -0.00570221 -0.00664431 -0.00626222 -0.00434371 -0.00121984 0.00221403 0.00151218 0.0038126 0.000837068 0.00812017 0.00583686 0.000964904 0.000808061 0.00234621 0.00456694 -0.00445364 -0.00221873 3.49249e-06 0.0023867 0.00221702 0.00407511 0.00316074 0.00171665 0.000453196 0.00107967
20211101 0.00112375 0.00251729 -0.0042869 -0.0046677 -0.00448885 -0.00492069 -0.00167356 -0.0019086 -0.00222915 -0.000651682 -0.00347525 0.000999465 -0.00113546 0.00508331 0.00473045 0.00767991 0.00605863 0.0121296 0.00962894 0.00469436 0.00444306 0.00572932 0.00159925 0.00446875 0.00644754 0.00516499 0.00698719 0.00692983 0.00472494 0.00404883 0.00518832 0.00814742
20211102 -0.000347928 -0.00054484 -0.00112571 -2.33467e-05 -0.00041689 -8.82898e-05 -0.00103431 0.00123774 -0.00119427 -0.00446554 -0.00282585 0.00297976 -0.00253623 -0.00210646 0.00390654 0.00412424 0.00700328 0.00564647 0.0119411 0.0105571 0.00548985 0.00558976 0.00313866 0.0060338 0.00476282 0.00618762 0.00631185 0.00401053 0.00356345 0.0052997 0.00864521 0.0118151
20211103 0.00059529 0.000515134 -0.00386815 -0.00346773 -0.00244255 -0.00282419 -0.00601894 -0.00413819 -0.00567658 -0.00588993 -0.00250395 -0.00398254 -0.00401736 -0.00745426 -0.00640199 -0.00035802 0.000206506 0.00311657 0.00190703 0.00770735 0.00673464 0.00132875 0.00224551 0.000537836 0.00306744 0.00343749 0.00109761 -0.00021078 0.00144329 0.00521956 0.00908194 0.0103666
20211104 0.00630788 0.00603359 -0.00760992 -0.00789596 -0.0093776 -0.00856062 -0.00759472 -0.00768861 -0.00683527 -0.0107915 -0.013662 -0.00860717 -0.00991638 -0.0133533 -0.0163069 -0.0154744 -0.00984076 -0.00912661 -0.00567709 -0.00739696 -0.00221516 -0.00333489 -0.00746924 -0.00441098 -0.00402123 -0.00553489 -0.00703888 -0.0064489 -0.00314681 0.00126598 0.00230498 0.000678136
20211105 0.00421596 0.00422812 -0.00541752 -0.00490566 -0.0064051 -0.00605506 -0.00648646 -0.00417555 -0.00576703 -0.00633752 -0.00580703 -0.00732923 -0.00212355 -0.00540579 -0.00867812 -0.0116516 -0.0108241 -0.00467674 -0.00441222 -0.00156168 -0.00320366 0.00198015 -0.00145111 -0.00120687 -0.00266076 -0.00415461 -0.00466263 -0.00199502 0.00193254 0.00307551 0.00158606 0.000752662
20211106 -0.000887473 -0.000493842 -0.000563289 0.000316877 -0.00033134 2.75441e-05 -0.00158581 -0.00292679 -0.00407282 -0.000689507 -0.00493235 -0.0046317 -0.00149003 0.000488201 -0.00222079 -0.00536981 -0.00772937 -0.00697382 -0.000813298 -0.000784155 0.00149897 -0.000449835 0.000645635 -0.000729223 -0.00238033 -0.00350781 -0.000973381 0.00284094 0.00394974 0.00284069 0.00206484 0.00139588
20211107 -0.00663827 -0.00614371 0.00545669 0.00668512 0.00614773 0.00700316 0.00709857 0.0083225 0.00454275 0.00712019 0.00825901 0.00399265 0.00707263 0.00481664 0.00670426 0.00448231 0.0018639 -0.00139123 -0.000209624 0.00473213 0.00527103 0.00716621 0.00504444 0.00242401 0.000856867 0.00362212 0.00725618 0.00977248 0.00891183 0.00847498 0.0079414 0.00328576
20211108 -0.0106387 -0.0101428 0.00934745 0.00921232 0.00925441 0.0101841 0.0102035 0.00949183 0.009505 0.0123999 0.0128158 0.017098 0.0120256 0.0120468 0.0104574 0.012867 0.0107737 0.00771435 0.004027 0.00560357 0.0112679 0.0117492 0.00806649 0.0065179 0.00951348 0.0122566 0.0148187 0.0138901 0.0135432 0.0129225 0.00815306 0.00969684
20211109 -0.00598192 -0.0059417 0.00535979 0.00516939 0.00477502 0.00647042 0.00738901 0.00627261 0.00766324 0.00795175 0.009618 0.00638805 0.0089219 0.00991328 0.00992747 0.00868641 0.0108222 0.00868578 0.00634605 0.00288124 0.00417211 0.00980686 0.00473722 0.00789167 0.0104119 0.0126294 0.010918 0.0101808 0.00999121 0.00561092 0.00680025 0.0118586
20211110 -0.00287838 -0.00347088 0.00262563 0.00273665 0.00224258 0.0030843 0.00564221 0.00527641 0.00460677 0.00833802 0.0046351 0.0077704 0.00346228 0.00594404 0.00738729 0.00781902 0.00634226 0.00748156 0.00516433 0.00305822 -0.000281522 0.00101506 0.00660436 0.00922843 0.0116767 0.0096246 0.00903596 0.00912341 0.00470192 0.00586221 0.00970379 0.00949366
20211111 -0.0063176 -0.00713756 0.00565908 0.00629904 0.00608535 0.00788448 0.00796911 0.00873269 0.00838567 0.00665343 0.0106147 0.00273125 0.00301452 0.00268933 0.00526727 0.00752732 0.00837724 0.00618125 0.00659364 0.00419372 0.00137633 -0.00213022 0.00866783 0.01119 0.00920573 0.00884791 0.00874733 0.00415466 0.0052235 0.00884248 0.00898091 0.00619266
20211112 -0.006458 -0.00641774 0.00623185 0.0059624 0.00568264 0.00732861 0.00700972 0.00276621 0.00437451 0.00260423 0.00194387 0.00232767 0.00423042 0.00100846 0.00105597 0.00420859 0.00599239 0.00675073 0.00471677 0.00532688 0.00380232 0.00156936 0.00877118 0.00677432 0.00610434 0.00605954 0.00130094 0.00280228 0.00659409 0.00708207 0.00461192 0.0038317
20211113 -0.00367403 -0.00342607 0.00417244 0.00495198 0.00353009 0.00212523 0.00194221 0.00554339 -5.02087e-05 0.00143207 0.00211324 -0.000859907 0.00119584 -0.000268506 -0.00346721 -0.00365297 -6.0785e-05 0.00186659 0.00241645 0.000572406 0.00113949 -0.000214324 0.00127935 -4.72556e-05 -0.000188891 -0.00524796 -0.0032322 0.000457415 0.000741542 -0.00196621 -0.00201482 0.00203103
20211114 0.00211762 0.00292456 -0.00307174 -0.0028707 -0.0027605 -0.00232356 -0.00220603 4.87687e-05 1.52229e-05 -0.00452966 0.00181098 0.00123267 -2.95105e-05 -0.00223704 -0.00369538 -0.00658711 -0.00673891 -0.00258188 -0.000676991 -0.000146446 -0.00138409 -0.000514048 -0.00430683 -0.00458554 -0.00973824 -0.00822768 -0.00445776 -0.00429677 -0.00733818 -0.00713867 -0.00394938 -0.00772562
20211115 0.00263673 0.0043721 -0.00491243 -0.00444734 -0.00470042 -0.00448584 -0.00451879 -0.00283026 -0.00309896 0.000784404 -0.00350441 -0.00128249 0.000218484 0.001515 -0.000617429 -0.00233068 -0.0053417 -0.0045864 0.000147679 0.0021164 0.00355032 0.00246856 -0.00230259 -0.0070128 -0.00591644 -0.00176127 -0.00132803 -0.00469016 -0.00398023 -0.0014241 -0.00422499 -0.00248438
20211116 0.000615078 0.00190359 -0.0028329 -0.00210148 -0.00305067 -0.0043708 -0.00495948 -0.00518272 -0.00620726 -0.0045632 -0.00243098 -0.00289776 -0.000470747 0.00223918 0.00330918 0.00139224 -0.0001301 -0.00278695 -0.00203738 0.00353976 0.00494739 0.00597175 -0.00487807 -0.00263786 0.00189841 0.00191915 -0.0016108 -0.00091513 0.000336605 -0.00152327 0.000700344 0.00215705
20211117 -0.00468185 -0.00454211 0.00383375 0.0031542 0.00254919 0.00294082 0.002398 0.00483359 0.00506298 0.00551175 0.00876995 0.00475661 0.00958796 0.00952553 0.0123763 0.0144466 0.0123328 0.010054 0.00648171 0.00629263 0.0108971 0.0118203 0.00649365 0.0109895 0.0114784 0.00910887 0.0102183 0.0117067 0.00986989 0.0115133 0.0133327 0.0114748
20211118 -0.0127384 -0.012787 0.0107529 0.0120886 0.0120414 0.0123241 0.0117671 0.0125085 0.0109587 0.0120977 0.0130296 0.0150839 0.0104596 0.0157593 0.0150487 0.0179225 0.0200794 0.0168448 0.0128482 0.00995333 0.0093547 0.0135759 0.0167174 0.0171879 0.0139911 0.0147703 0.0171511 0.0160504 0.0168579 0.0175162 0.016012 0.0164241
20211119 -0.0110719 -0.0101336 0.00982437 0.010604 0.0102336 0.0117808 0.00992947 0.00908409 0.00632217 0.0102536 0.00883518 0.0057104 0.00772576 0.00540421 0.011074 0.00955812 0.0107426 0.0124049 0.00820283 0.0059354 0.00269758 0.00144196 0.0123494 0.00816176 0.00910961 0.00993995 0.00829089 0.00986381 0.0104709 0.00879616 0.00882574 0.00753892
20211120 -0.00951338 -0.0080885 0.0080159 0.00829335 0.00784678 0.0085978 0.00856713 0.00858527 0.00679988 0.00498098 0.00703343 0.00499147 0.00803764 0.00424407 0.0015245 0.00662128 0.00513283 0.005415 0.008732 0.00485246 0.00332819 -0.000936798 0.00551028 0.00687992 0.00720967 0.00673222 0.00830693 0.00897883 0.00895757 0.00895017 0.00751739 0.00926663
20211121 -0.00509585 -0.00414542 0.00356301 0.00345932 0.00450537 0.00530309 0.00631953 0.0057384 0.00584289 0.0015786 0.00308813 0.00338337 0.00878801 0.00817991 0.00413166 0.00194951 0.00623704 0.00482074 0.00462363 0.00849 0.00471225 0.00388533 0.00671563 0.00792446 0.0064185 0.00781675 0.00763595 0.00817906 0.00992674 0.00862886 0.0103893 0.00796307
20211122 -0.00522129 -0.00516756 0.00464931 0.00447381 0.00363668 0.00532683 0.00505824 0.00527218 0.0053666 0.00826807 -0.00236623 0.00400205 0.0037507 0.00665608 0.00597157 0.00183875 -0.000272765 0.00471324 0.00409238 0.00446224 0.00878448 0.00453328 0.00635682 0.00363269 0.00501597 0.00470777 0.00490067 0.00658254 0.00573877 0.00777167 0.00498547 0.00508781
20211123 -0.00786269 -0.00692975 0.0070289 0.00751959 0.00769633 0.00886813 0.0075978 0.00891781 0.0075956 0.00640963 0.00932139 0.00113198 0.00702292 0.0049415 0.00701247 0.00626358 0.00258722 0.000221842 0.00553536 0.00514211 0.00578313 0.0103361 0.00516899 0.0067623 0.00715135 0.0067109 0.00816842 0.00678368 0.00830134 0.00533279 0.00541403 0.00605985
20211124 -0.00871484 -0.00915886 0.00824463 0.00859871 0.00685299 0.00907793 0.00924294 0.00850792 0.00921876 0.00956213 0.0096478 0.0152378 0.0113522 0.0101173 0.00813375 0.00999782 0.00933808 0.00564356 0.00301627 0.00770259 0.00683779 0.00750545 0.00976887 0.0101709 0.0095867 0.0113392 0.00993041 0.011831 0.00879086 0.00929079 0.0108062 0.00871489
20211125 -0.0100143 -0.0113668 0.0109156 0.0101486 0.00933287 0.00956791 0.00795614 0.00956619 0.0136271 0.0117293 0.0131605 0.0100847 0.0093952 0.011282 0.00969719 0.00819909 0.0105852 0.0100733 0.00668252 0.00430594 0.00921415 0.00791709 0.0103215 0.0101075 0.0112633 0.00972812 0.0111916 0.0078369 0.00892918 0.0102561 0.0089892 0.0047472
20211126 -0.00555886 -0.00158583 0.00135179 0.00182518 0.000871746 0.0020466 0.000820817 0.00293718 0.00192445 0.0058147 0.00216386 0.00353566 0.00494394 0.00470877 0.00482853 0.00349029 0.00279353 0.00524897 0.00447239 0.00109003 0.000238683 0.00548058 0.00536644 0.00661211 0.00465782 0.00619849 0.00305548 0.0038277 0.00417633 0.0021555 -0.00209078 0.000537556
20211127 -0.00113069 0.00310851 -0.00371255 -0.00372224 -0.004051 -0.00393904 -0.00457457 -0.00238187 -0.003685 -0.0039645 -0.00252468 -0.00784534 0.000513642 -0.000632562 -0.000779558 -0.00111081 -0.00335789 -0.00396719 -0.00154678 -0.00190997 -0.00447741 -0.00413239 0.00389093 0.0022063 0.00354514 0.000197432 0.000392235 7.48331e-05 -0.00147367 -0.00678645 -0.00487876 -0.00138855
20211128 -0.00450361 0.000313687 -0.000807926 -0.000901492 -0.000305535 -0.000113849 -0.000285511 -0.00398646 -0.000546524 -0.00128344 0.000620213 -0.0036628 0.00130219 0.000799971 4.13867e-05 0.000321152 0.00119703 -0.000676206 -0.00180424 0.000925841 0.000419061 -0.00269591 0.0040778 0.00726911 0.00362279 0.00337802 0.0034104 0.00180135 -0.00331012 -0.00076299 0.00332225 0.000202533
20211129 -0.000412031 0.00458183 -0.00495804 -0.00407491 -0.00357574 -0.0036611 -0.00736271 -0.00723436 -0.0079303 -0.00341404 -0.00615689 -0.00309643 0.00130115 -0.00176498 -0.00188483 -0.00169228 -0.00207375 3.20939e-05 -0.00138531 -0.00326773 -0.000507623 -0.00080948 0.00390596 0.00101179 0.000778338 0.00154701 -0.000665249 -0.00579678 -0.00323354 0.00113713 -0.00123752 0.00325017
20211130 -0.000848472 0.00255311 -0.00321173 -0.0026969 -0.0036585 -0.00225681 -0.0029493 -0.00280485 -0.00321605 -0.00444305 -0.00526412 -0.00590255 -0.00205716 -0.000662024 -0.00358457 -0.0032677 -0.00255743 -0.00253028 0.00158388 -0.00013365 -0.00211797 0.000596608 -0.00163938 -0.0024025 -0.00054319 -0.00296669 -0.00818145 -0.00569679 -0.000835223 -0.00358019 0.000758132 -0.00353464
20211201 -0.00650293 -0.00643936 0.00363453 0.00480948 0.00273442 0.00646426 0.00798795 0.00621135 0.00540741 0.00693385 0.00746332 0.00659861 0.00974227 0.00676597 0.00779208 0.00539868 0.00634813 0.00678225 0.00634321 0.0107217 0.0100626 0.00783599 0.00542288 0.00723109 0.00440706 -0.000918651 0.00147531 0.00703256 0.00508231 0.00966122 0.00528831 0.00384752
20211202 -0.00666826 -0.0065701 0.00586203 0.00486397 0.00307149 0.0045223 0.00195606 0.00266801 0.00476259 0.00655689 0.00937948 0.00869423 0.00779368 0.0119074 0.00807365 0.00889481 0.00672525 0.00770571 0.00734329 0.00675396 0.00992134 0.00966442 0.00859492 0.00514825 -0.000196688 0.0020741 0.00740721 0.00461043 0.00964668 0.00562871 0.00362771 0.00758632
20211203 -0.00393552 -0.00468271 0.00458944 0.00424448 0.00346777 0.0047296 0.00496179 0.00415102 0.00315056 0.00382343 0.00189195 0.00513743 0.00182346 0.00354886 0.00828841 0.0047482 0.00522183 0.00318591 0.00394631 0.00315276 0.00241277 0.00540294 0.000247733 -0.00463355 -0.00262256 0.00206628 -0.00162949 0.00316935 -0.000268806 -0.00213367 0.00157586 -6.37091e-06
20211204 -0.00600501 -0.00652233 0.0059672 0.00546444 0.00481232 0.00791915 0.00546685 0.00702571 0.0091767 0.00858891 0.00795635 0.00812112 0.00959347 0.00661999 0.00849719 0.0126069 0.00967952 0.0102013 0.00827956 0.00911271 0.00769441 0.00600833 0.00109263 0.00359707 0.00774212 0.00381808 0.00840733 0.00448233 0.00332284 0.00741679 0.00580937 0.00682753
20211205 0.00049155 0.00157884 -0.00308484 -0.00335409 -0.00263192 -0.00125102 -0.005668 -0.00367973 -0.00236882 0.00101315 0.000327262 0.00162046 0.00468838 0.00770472 0.00428713 0.0063807 0.0112322 0.00892397 0.00867896 0.00600778 0.00667311 0.00550088 0.00222846 0.00525169 0.00151531 0.00675503 0.00280226 0.00215411 0.00619076 0.00485409 0.00571472 0.00756393
20211206 0.000599388 0.00181203 -0.00298447 -0.00411764 -0.0041964 0.000460443 -0.00100933 -0.0045518 -0.00188836 -0.00250747 -0.00655398 -0.00338266 -0.0031748 0.00199715 0.00563565 0.00195794 0.00403984 0.00891315 0.00591641 0.00564625 0.00304886 0.00419065 0.00305267 -0.000528229 0.00503791 0.000472632 -0.000190439 0.00400968 0.00208818 0.00336805 0.00531653 0.00866742
20211207 -0.00629204 -0.00500906 0.00472693 0.0044265 0.00443759 0.00508702 0.00678829 0.00497788 0.00598298 0.00573812 0.00319445 0.00299986 0.00392449 0.00199167 0.00672034 0.011053 0.00685606 0.00839673 0.0127178 0.0101436 0.00948748 0.00694912 0.001499 0.00766224 0.00250433 0.00228864 0.00699491 0.00485049 0.00652085 0.00875297 0.0122992 0.0181875
20211208 -0.00173981 -0.00149319 -0.00110266 -0.00234123 -0.00194441 -0.000678799 -0.000575375 -0.00193419 -0.00174651 0.00368847 0.00367671 0.00158652 0.00689066 0.00421893 0.00219187 0.00631594 0.0107609 0.00572824 0.00686554 0.0113534 0.00926226 0.00848807 0.00760801 0.00218673 0.00217456 0.00657963 0.0039234 0.00513939 0.00755714 0.0107203 0.0171181 0.0123293
20211209 -0.00476941 -0.00428242 0.00282236 0.00145328 0.00134328 0.00191267 0.0029089 0.00287226 -0.00198623 0.00180428 0.00269739 0.00261779 -0.00105029 0.00385101 2.2836e-05 -0.00244572 0.00144087 0.0059848 0.00133437 0.00264332 0.00729742 0.00417882 -0.000671009 -0.000437961 0.0037403 0.000493203 0.000904127 0.00291745 0.0058093 0.0130958 0.00841703 0.00658026
20211210 -0.00290362 -0.00291526 0.00116147 0.00057247 -0.0003885 0.000296012 0.000892524 0.000675121 0.00114464 0.000228962 0.00471547 0.00445889 0.00764946 0.0022122 0.0072987 0.00373214 0.00167331 0.00501427 0.00966854 0.00509712 0.00623867 0.010428 0.00326749 0.00796486 0.00443703 0.00557556 0.00753919 0.00992361 0.0168891 0.0128647 0.0108857 0.00949434
20211211 -0.0138448 -0.0136868 0.0124593 0.0115604 0.0125769 0.0106026 0.0115232 0.0140002 0.0145696 0.0142563 0.0152522 0.0155786 0.0130458 0.0173214 0.0120962 0.0170859 0.0134769 0.011092 0.013769 0.018934 0.0145211 0.0163786 0.019335 0.0157538 0.0164503 0.0178146 0.0211476 0.0280038 0.0249903 0.0226449 0.0207566 0.0209877
20211212 -0.0223711 -0.0220359 0.0214347 0.0205501 0.0204729 0.0207033 0.0206707 0.0211006 0.0229622 0.0218266 0.0201208 0.0218816 0.0165886 0.0155354 0.019898 0.0147134 0.0196821 0.0168218 0.014715 0.0173856 0.0229423 0.0185531 0.0191804 0.0202945 0.0214559 0.0244899 0.0310318 0.0286723 0.0266199 0.0249878 0.0249119 0.0210284
20211213 -0.014116 -0.0140351 0.0129602 0.0125592 0.0124048 0.0117984 0.0110449 0.0123804 0.0135767 0.0167859 0.0188549 0.0176808 0.0174079 0.0115313 0.0108203 0.0151433 0.0102181 0.0150585 0.0132945 0.0118343 0.0146006 0.0216094 0.0169533 0.0180251 0.0218002 0.0289342 0.025503 0.0241034 0.0236646 0.0235446 0.0211828 0.0219852
20211214 -0.0139378 -0.0143924 0.0126025 0.0118603 0.0110904 0.0116728 0.012539 0.0113615 0.0107305 0.0133388 0.0151757 0.0159821 0.0112872 0.0150935 0.00925946 0.00839417 0.0123843 0.00742442 0.0122014 0.0105444 0.00873449 0.0103932 0.0155846 0.0191974 0.0271969 0.0236286 0.0223996 0.0225729 0.0224624 0.0205773 0.0202206 0.0197487
20211215 -0.00841571 -0.00844848 0.00755829 0.00741585 0.00659176 0.00735563 0.0063772 0.0077212 0.006342 0.00490239 0.00624425 0.00596063 0.00772804 0.0062843 0.0102687 0.00453488 0.00352893 0.00674484 0.00192048 0.00560702 0.0029936 0.001187 0.011304 0.0198552 0.0160343 0.0140925 0.0155443 0.0164901 0.0149862 0.0148661 0.0143886 0.0154037
20211216 -0.000323831 -0.000234916 -0.000514388 -0.001338 -0.00113909 -0.00194054 -0.0030172 -0.000104338 -0.00022099 -0.00471763 -0.00195842 -0.00202175 -0.00246333 -0.00301734 -0.00493554 -0.00114164 -0.00673594 -0.007443 -0.00436137 -0.00965414 -0.00561624 -0.00703611 0.00818714 0.00417271 0.00256557 0.00377207 0.00518226 0.00409105 0.00399136 0.00326444 0.00441791 0.00175246
20211217 0.00203118 0.00178881 -0.00112073 -0.0012455 -0.00287367 -0.00306425 -0.0024702 -0.00497545 -0.00124511 -0.0045302 -0.00647615 -0.00604468 -0.00989537 -0.0127655 -0.0133903 -0.0159244 -0.0116894 -0.0166846 -0.0171649 -0.014241 -0.0192536 -0.0153945 -0.00607569 -0.00810172 -0.00662561 -0.00450907 -0.00522435 -0.00456803 -0.00491156 -0.00336833 -0.00706781 -0.00834421
20211218 9.23005e-05 -0.000771321 8.0836e-05 -0.000190859 -0.000275243 -0.000338631 0.00160999 0.000921895 -0.00300197 -0.00130824 0.00303483 0.00112006 0.00419097 -0.00268943 -0.00490661 -0.00517829 -0.0082001 -0.00446194 -0.00989753 -0.00953511 -0.00640772 -0.0112026 -0.00202086 -0.00117901 0.000769418 0.000302329 0.00114415 0.000830356 0.00337646 0.000418719 -0.000650585 0.000517204
20211219 -0.00624215 -0.00689255 0.00565291 0.00488083 0.00490317 0.00516751 0.00562592 0.00936944 0.00868407 0.00498185 0.00936399 0.00872787 0.00857055 0.0137208 0.006709 0.00374604 0.00386848 0.00057989 0.00413046 -0.00111167 -0.000915797 0.00160175 0.00686862 0.00832475 0.00796535 0.00911906 0.00882582 0.0114359 0.0081228 0.00707226 0.0082318 0.005831
20211220 -0.0124137 -0.0123282 0.010234 0.00939307 0.0101266 0.00922869 0.00964712 0.0123584 0.0105317 0.0131801 0.0152154 0.0146155 0.0120372 0.0141181 0.0196223 0.0126177 0.00900696 0.00835219 0.00615732 0.0100516 0.00450784 0.00560552 0.014717 0.0134991 0.0142211 0.0157323 0.0178255 0.0145428 0.0125454 0.013067 0.0114963 0.012774
20211221 -0.00982679 -0.0106382 0.00977931 0.00884128 0.00890541 0.00876308 0.00964883 0.0112537 0.0122904 0.0114679 0.0128532 0.0118495 0.00876688 0.00880402 0.0108283 0.0163981 0.00958237 0.00570907 0.00613567 0.00437249 0.00798019 0.00256395 0.00788485 0.00870621 0.00932336 0.0110741 0.00784091 0.00584553 0.00723383 0.00659013 0.00812558 0.00618088
20211222 -0.00522422 -0.00534628 0.00566583 0.00544686 0.00532386 0.00560635 0.00573138 0.00656586 0.00683755 0.00779344 0.0101172 0.0102715 0.00679389 0.0061152 0.0063773 0.0082491 0.0136053 0.00718547 0.0034706 0.00353716 0.00139368 0.00486097 0.00583507 0.00647327 0.00652061 0.0028166 0.00017571 0.00210493 0.00279904 0.005139 0.00329967 0.00199334
20211223 -0.00747955 -0.00812699 0.00804166 0.00853736 0.0086802 0.00666491 0.00648522 0.00193893 0.00388101 0.00596769 0.00557244 0.0107027 0.00726752 0.00792986 0.00774995 0.0075474 0.00869561 0.0140814 0.00805724 0.003627 0.00374864 0.00202811 0.00832505 0.00789667 0.0045319 0.00153891 0.00305188 0.00295531 0.005579 0.00450218 0.00412589 0.00455496
20211224 -0.00922832 -0.00959306 0.00953059 0.00934204 0.00883318 0.00968845 0.00680375 0.00476372 0.00127903 0.00697359 0.00640018 0.00147904 0.0071129 0.00665194 0.00671664 0.00660434 0.00555082 0.00601216 0.0114666 0.0058038 0.00203143 0.00230615 0.00851313 0.00561918 0.00229256 0.00317145 0.00250558 0.00525193 0.0040343 0.00363695 0.00445263 0.0046617
20211225 -0.00655149 -0.00664997 0.00627533 0.00660836 0.00696575 0.00783816 0.00947003 0.00728382 0.00414576 0.00306992 0.00922909 0.00456509 0.00702139 0.00459306 0.00408929 0.00426056 0.00391304 0.00307543 0.00420053 0.0106716 0.0043186 0.000484586 0.00406913 0.00126684 0.00161165 0.000818582 0.0036186 0.00185405 0.00169446 0.00301934 0.00332703 0.00280121
20211226 -0.00158378 -0.000653448 -0.000291155 -0.000656327 -0.000559969 0.000977954 0.00124082 0.00272502 0.00141135 0.00490313 0.0026436 0.00596578 0.00383235 0.00439469 0.00213602 0.0019173 0.00217174 0.00191309 0.00152545 0.00285005 0.00939575 0.00121823 -0.000540497 0.000895485 0.000237255 0.00368852 0.00134593 0.00116202 0.00178927 0.00250304 0.00180802 5.27036e-06
20211227 -0.00178707 -0.000159552 -0.00163022 -0.00182146 -0.00121592 -0.000556034 0.000381977 0.00327928 0.00315096 0.00444828 0.00650853 0.0078917 0.00363709 0.00543258 0.00651385 0.00342565 0.00233815 0.00294161 0.00276717 0.00255789 0.00420245 0.0101998 0.00361048 0.00278277 0.00619569 0.00409599 0.00446084 0.00579156 0.00704228 0.00631124 0.00368821 0.00429232
20211228 -0.00439999 -0.0030639 0.00145268 0.00117067 0.00236034 0.00233985 0.00239801 0.0048091 0.00392988 0.00417526 0.00669846 0.0127392 0.00267205 0.0045184 0.00617274 0.00715002 0.00416585 0.00261697 0.00370523 0.00336522 0.00287004 0.00447163 0.0043399 0.00759347 0.00554451 0.00543211 0.00614218 0.00764988 0.00714006 0.00471453 0.00601169 0.00326064
20211229 -0.00294059 -0.00287445 0.000781713 0.000110961 0.000136989 0.00160113 0.00324579 0.00339052 0.00398917 0.0037479 0.00561649 0.00578162 0.00291237 0.00161927 0.00315132 0.0050639 0.00570795 0.0032287 0.00101805 0.00200353 0.00149503 0.000563446 0.00677329 0.00532862 0.00511167 0.00554756 0.00690764 0.00606429 0.00242444 0.00432562 0.00183031 0.000369855
20211230 -0.00698462 -0.00576527 0.00444947 0.00362876 0.00340588 0.00362065 0.00458889 0.00581361 0.00577418 0.0060426 0.00814718 0.0074521 0.0030009 0.004196 0.00436175 0.00540814 0.00655474 0.00676492 0.00404328 0.000957198 0.0018922 0.00222132 0.00618896 0.00553639 0.00606049 0.00776968 0.00745635 0.00350628 0.00533535 0.00259694 0.00124116 0.000448732
20211231 -0.00676833 -0.00485765 0.00376753 0.00389419 0.00391716 0.00469772 0.00417245 0.00546263 0.00665675 0.00798745 0.00668769 0.00494754 0.0082569 0.00521654 0.00596045 0.0061964 0.00675105 0.00750709 0.00765581 0.00449642 0.0021804 0.00324388 0.00551419 0.00626473 0.00745107 0.00757065 0.00429412 0.00650582 0.00388105 0.00233491 0.00125032 0.00367958
