20201219 0.0982427 0.0966112 0.097039 0.0982626 0.0987291 0.102595 0.104023 0.103625 0.104351 0.105627 0.104467 0.103718 0.100244 0.102695 0.106756 0.10518 0.106596 0.106644 0.110619 0.109598 0.109557 0.111659 0.0983914 0.0990133 0.0989021 0.0985545 0.0996602 0.09988 0.10275 0.10459 0.105071 0.103531
20201220 0.103243 0.100428 0.0996274 0.101119 0.101591 0.10205 0.105615 0.105984 0.106944 0.108735 0.110316 0.108197 0.104541 0.107735 0.108252 0.110405 0.109949 0.111903 0.112257 0.113755 0.11297 0.113233 0.105301 0.104109 0.102479 0.101549 0.101661 0.103286 0.105445 0.106347 0.103297 0.104688
20201221 0.106413 0.102634 0.10189 0.103397 0.103733 0.104811 0.105921 0.109132 0.108656 0.109189 0.111437 0.110841 0.10781 0.109485 0.111448 0.111545 0.114324 0.114488 0.116311 0.116706 0.116327 0.116987 0.104077 0.104045 0.10369 0.104268 0.104046 0.106798 0.107806 0.104756 0.105843 0.107338
20201222 0.100152 0.0986557 0.0981962 0.0995565 0.100159 0.1014 0.102506 0.102381 0.107852 0.107608 0.108873 0.110144 0.106663 0.110407 0.110636 0.112206 0.114177 0.118228 0.116849 0.118123 0.11769 0.119492 0.100836 0.104482 0.104315 0.105711 0.106804 0.107199 0.105363 0.10378 0.107974 0.108076
20201223 0.101624 0.101995 0.102925 0.103372 0.103731 0.104527 0.106185 0.108282 0.108487 0.112123 0.110704 0.115054 0.104832 0.110758 0.113062 0.11381 0.113649 0.116657 0.121057 0.120042 0.119426 0.119024 0.105252 0.107675 0.109368 0.109484 0.108061 0.106517 0.104663 0.108455 0.109114 0.111687
20201224 0.102205 0.102543 0.101524 0.104346 0.104119 0.105161 0.105283 0.106373 0.107998 0.107212 0.114316 0.112082 0.105175 0.109973 0.113363 0.113914 0.11606 0.115625 0.117244 0.120887 0.119886 0.118089 0.105431 0.108232 0.109973 0.109105 0.106876 0.106537 0.107804 0.109108 0.110985 0.112273
20201225 0.105266 0.104411 0.103584 0.104671 0.109191 0.110573 0.110648 0.110341 0.111792 0.113565 0.113432 0.121305 0.107133 0.111507 0.114679 0.117358 0.117109 0.11854 0.119421 0.120849 0.121608 0.119162 0.108397 0.110296 0.110496 0.10766 0.10837 0.109451 0.110985 0.114059 0.113489 0.115804
20201226 0.108757 0.106953 0.104823 0.105747 0.107057 0.111534 0.112048 0.112087 0.114628 0.115901 0.117635 0.116939 0.111242 0.116495 0.118598 0.119502 0.121221 0.121637 0.122247 0.123752 0.125564 0.124743 0.110339 0.113392 0.109548 0.109765 0.109898 0.111441 0.114856 0.114416 0.116248 0.113808
20201227 0.10751 0.106366 0.105113 0.105919 0.106658 0.107772 0.112153 0.112122 0.112677 0.113605 0.115573 0.116558 0.110871 0.114405 0.117683 0.119692 0.119514 0.12088 0.123141 0.123199 0.123839 0.125724 0.11198 0.108983 0.108941 0.10985 0.110311 0.115463 0.115324 0.115497 0.114864 0.115451
20201228 0.104915 0.10413 0.103254 0.104457 0.104649 0.104801 0.105814 0.110621 0.110299 0.110488 0.110588 0.114597 0.104489 0.108039 0.111057 0.112412 0.113854 0.112868 0.116342 0.118038 0.117896 0.118446 0.103716 0.102955 0.106114 0.10602 0.110841 0.110325 0.10853 0.108679 0.107427 0.109591
20201229 0.100668 0.102467 0.10272 0.103581 0.103807 0.104714 0.105435 0.10715 0.11158 0.112658 0.111059 0.112501 0.104801 0.105432 0.108728 0.111344 0.112457 0.112346 0.111783 0.115365 0.115717 0.115622 0.10041 0.103753 0.103338 0.106944 0.106513 0.105172 0.104455 0.102367 0.105681 0.107155
20201230 0.0973218 0.0978209 0.101328 0.101822 0.102108 0.104183 0.103068 0.104182 0.105907 0.107564 0.10924 0.108946 0.101368 0.105643 0.106986 0.110771 0.110928 0.112861 0.11076 0.112231 0.115245 0.116881 0.102532 0.10293 0.107036 0.107431 0.105862 0.104924 0.104965 0.107319 0.108076 0.109917
20201231 0.101585 0.101019 0.100464 0.104602 0.105681 0.106137 0.108092 0.108858 0.107602 0.108462 0.110364 0.11249 0.101371 0.105315 0.108824 0.11109 0.114608 0.114175 0.11628 0.115173 0.116505 0.119781 0.104643 0.108242 0.108284 0.10735 0.106107 0.106238 0.108155 0.10805 0.109137 0.110966
20211224 0.105385 0.104516 0.104436 0.105406 0.110382 0.11172 0.111285 0.113776 0.112815 0.114227 0.113784 0.116327 0.105701 0.108633 0.110185 0.11374 0.113041 0.11406 0.114129 0.114357 0.11735 0.115967 0.108694 0.108212 0.109034 0.106737 0.107181 0.108043 0.109776 0.110295 0.112947 0.115455
20211226 0.100502 0.10001 0.0994 0.0999453 0.100915 0.100107 0.102704 0.103583 0.104134 0.106068 0.104913 0.105841 0.101066 0.105581 0.105826 0.106052 0.106966 0.109963 0.109333 0.110662 0.110286 0.111989 0.103682 0.102954 0.103226 0.103032 0.105139 0.105528 0.108454 0.108462 0.11039 0.112141
20211227 0.103628 0.10428 0.102734 0.103022 0.103713 0.103542 0.103608 0.10629 0.108623 0.108653 0.109432 0.109157 0.10349 0.104292 0.106328 0.106487 0.107753 0.110227 0.113179 0.112788 0.112139 0.112922 0.103374 0.104425 0.104457 0.106196 0.105891 0.109401 0.11074 0.111657 0.112304 0.113772
20211228 0.10062 0.103619 0.101676 0.102192 0.102445 0.102759 0.103772 0.104475 0.107804 0.1101 0.107193 0.110184 0.103623 0.104963 0.105344 0.105578 0.106494 0.108243 0.110433 0.112825 0.113149 0.113192 0.102479 0.103174 0.104373 0.104059 0.106988 0.109759 0.110357 0.110209 0.113415 0.113195
20211229 0.0988113 0.0992044 0.101985 0.102449 0.103536 0.103615 0.103594 0.102396 0.103246 0.109873 0.10989 0.109512 0.100277 0.104242 0.105474 0.105905 0.106345 0.107409 0.107886 0.110211 0.111948 0.11269 0.0998639 0.101848 0.102526 0.104729 0.107287 0.107879 0.107948 0.111171 0.110969 0.113027
20211230 0.101363 0.101091 0.0988431 0.103416 0.104454 0.104808 0.105995 0.105677 0.106405 0.10782 0.112429 0.11393 0.103652 0.105381 0.108224 0.109009 0.108593 0.110452 0.111481 0.110774 0.11333 0.115812 0.103775 0.106511 0.10911 0.110455 0.109915 0.110891 0.112441 0.111031 0.115853 0.116148
20211231 0.105097 0.104741 0.104397 0.105194 0.108759 0.109379 0.10958 0.11006 0.111804 0.111236 0.114722 0.117633 0.105663 0.108903 0.109785 0.112461 0.11227 0.111783 0.113873 0.114608 0.113955 0.116178 0.108287 0.11251 0.113877 0.111931 0.113275 0.115273 0.114437 0.118657 0.119081 0.118314
