20191217 0.111162 0.114786 0.114451 0.115179 0.115094 0.114836 0.114133 0.113814 0.119525 0.120573 0.119498 0.123923 0.115438 0.118106 0.118282 0.11955 0.118559 0.118718 0.125083 0.126146 0.125754 0.126852 0.112014 0.113268 0.113352 0.115863 0.119419 0.120103 0.118887 0.119377 0.121175 0.120322
20191219 0.107297 0.107161 0.107285 0.112524 0.112488 0.112313 0.11246 0.112051 0.11286 0.115292 0.117317 0.118181 0.106398 0.11105 0.113942 0.114723 0.115471 0.118015 0.118504 0.12027 0.120971 0.123911 0.109127 0.112156 0.114137 0.114642 0.111789 0.113585 0.115207 0.113898 0.118376 0.118982
20191220 0.110468 0.109595 0.109143 0.110327 0.114068 0.113647 0.114055 0.115575 0.119035 0.118455 0.120533 0.123184 0.112258 0.112569 0.11607 0.117363 0.119719 0.120519 0.122015 0.122926 0.124419 0.125706 0.112964 0.117275 0.117777 0.112869 0.113407 0.115805 0.114558 0.118492 0.118894 0.121112
20191221 0.111935 0.111186 0.11047 0.11118 0.111352 0.117306 0.117803 0.117268 0.118997 0.12135 0.119575 0.122915 0.114986 0.116945 0.117536 0.121236 0.122294 0.125536 0.126032 0.12715 0.127479 0.128492 0.116941 0.119621 0.11434 0.113439 0.115483 0.114986 0.118388 0.120364 0.122278 0.122781
20191222 0.117207 0.11665 0.115966 0.117001 0.116788 0.118343 0.120346 0.120972 0.120498 0.12056 0.121516 0.123372 0.117003 0.120582 0.123052 0.122658 0.125093 0.125751 0.128469 0.127454 0.129581 0.129863 0.121184 0.118922 0.117736 0.117797 0.11872 0.1228 0.125227 0.12616 0.126427 0.129167
20191223 0.112351 0.111043 0.110881 0.111629 0.11218 0.112638 0.112524 0.118006 0.117287 0.11765 0.11909 0.121276 0.112749 0.11414 0.116308 0.118293 0.117422 0.119493 0.123322 0.125093 0.125021 0.126237 0.11197 0.111662 0.112206 0.113629 0.116072 0.119075 0.121048 0.119489 0.121157 0.121503
20191224 0.105645 0.107227 0.106755 0.108188 0.108796 0.110693 0.11086 0.111231 0.115311 0.115803 0.114734 0.115658 0.110121 0.111827 0.111298 0.113308 0.11461 0.114082 0.116473 0.118999 0.120098 0.120857 0.104886 0.108991 0.109883 0.110543 0.114102 0.115877 0.113407 0.114529 0.115414 0.116198
20191225 0.10454 0.10459 0.108136 0.109497 0.110047 0.110435 0.113009 0.112277 0.113649 0.11857 0.118358 0.118679 0.109161 0.113953 0.113708 0.113481 0.1161 0.116391 0.115115 0.117134 0.119697 0.120438 0.10785 0.112569 0.111317 0.112396 0.114466 0.112389 0.112897 0.115651 0.115983 0.117709
20191226 0.108358 0.107446 0.107573 0.113924 0.114025 0.114532 0.114747 0.117795 0.117801 0.118938 0.126117 0.123595 0.111751 0.116283 0.119571 0.118845 0.118263 0.121162 0.120016 0.118708 0.121355 0.124423 0.115753 0.118078 0.11716 0.119014 0.115808 0.115511 0.118937 0.120521 0.120848 0.124164
20191227 0.111687 0.109619 0.109411 0.112068 0.116021 0.115829 0.118357 0.119178 0.120164 0.120259 0.122159 0.125754 0.110809 0.115511 0.119095 0.121998 0.122306 0.121913 0.12138 0.121425 0.122452 0.124319 0.115976 0.117284 0.118696 0.11487 0.114437 0.117404 0.118404 0.120309 0.122758 0.124738
20191228 0.113109 0.110358 0.109528 0.112436 0.113081 0.117128 0.117325 0.118004 0.117782 0.119886 0.120005 0.119841 0.114875 0.11739 0.11872 0.121275 0.124736 0.124624 0.123688 0.12205 0.123008 0.124959 0.115034 0.119366 0.116269 0.115109 0.117151 0.117394 0.120097 0.121272 0.123786 0.123536
20191229 0.114532 0.112919 0.11298 0.114088 0.115263 0.116897 0.120998 0.120355 0.119638 0.119643 0.123309 0.120461 0.116495 0.118355 0.121156 0.120668 0.123095 0.127744 0.127237 0.127274 0.126012 0.126699 0.118592 0.116538 0.115487 0.117862 0.116393 0.121 0.122414 0.12608 0.122236 0.124414
20191230 0.117795 0.11543 0.114665 0.11683 0.117333 0.119408 0.120115 0.12283 0.12305 0.124434 0.12608 0.124465 0.118935 0.120835 0.120522 0.122629 0.120639 0.123782 0.128089 0.127879 0.128816 0.127515 0.114086 0.114775 0.115767 0.11552 0.119182 0.120466 0.123998 0.120209 0.121208 0.122515
20191231 0.106822 0.109161 0.108967 0.109727 0.110652 0.111945 0.111831 0.11178 0.117733 0.118324 0.120014 0.118373 0.114529 0.117481 0.11901 0.118325 0.118681 0.117301 0.120023 0.124422 0.123426 0.124179 0.109304 0.113224 0.112836 0.114249 0.116121 0.117662 0.113722 0.115184 0.116677 0.120694
20200710 0.100859 0.10017 0.0998114 0.100832 0.104821 0.105427 0.106005 0.106173 0.106974 0.107957 0.108391 0.112926 0.102532 0.106022 0.108528 0.111433 0.113098 0.112435 0.115439 0.112126 0.112655 0.115282 0.1044 0.106524 0.106765 0.105789 0.105077 0.108251 0.109133 0.110195 0.111035 0.11244
20200711 0.10069 0.099633 0.0993053 0.100325 0.101273 0.105236 0.105614 0.106545 0.10694 0.107851 0.109239 0.108115 0.101663 0.1038 0.105233 0.10724 0.111874 0.112863 0.111383 0.114701 0.113432 0.112877 0.103049 0.105167 0.102821 0.101083 0.104347 0.105559 0.107607 0.109051 0.110295 0.110678
20200712 0.10233 0.100431 0.100342 0.101305 0.101296 0.102613 0.106905 0.106976 0.107899 0.109805 0.108591 0.11099 0.104645 0.10589 0.106668 0.1071 0.109579 0.114606 0.114622 0.11273 0.11575 0.115474 0.105392 0.103942 0.10152 0.104275 0.105647 0.106443 0.108483 0.110048 0.108102 0.108116
20200713 0.103124 0.102166 0.101605 0.10225 0.102619 0.102904 0.103824 0.10792 0.108634 0.109085 0.109114 0.108884 0.106883 0.107528 0.106882 0.107806 0.110001 0.110965 0.113319 0.113559 0.114372 0.116085 0.102066 0.101573 0.104516 0.104668 0.105607 0.106304 0.106628 0.104949 0.103924 0.103778
20200714 0.101304 0.103169 0.102456 0.103404 0.104112 0.104403 0.104227 0.105904 0.111755 0.110674 0.11144 0.112717 0.10741 0.111454 0.110156 0.110336 0.112707 0.115229 0.113663 0.115811 0.115678 0.117713 0.101805 0.104166 0.104545 0.105495 0.105638 0.105711 0.105436 0.103152 0.103999 0.105401
20200715 0.0978364 0.0985135 0.100882 0.101951 0.101881 0.103044 0.103958 0.104833 0.105083 0.109563 0.108797 0.109919 0.103339 0.1083 0.109558 0.109102 0.110017 0.112573 0.113877 0.112628 0.114883 0.11501 0.100457 0.104457 0.104654 0.104967 0.105904 0.106553 0.105958 0.105969 0.10744 0.11022
20200716 0.098291 0.0978847 0.0973994 0.102082 0.102563 0.103036 0.10394 0.104445 0.104982 0.105544 0.109599 0.109204 0.10001 0.105754 0.10979 0.108253 0.10803 0.108396 0.109951 0.110201 0.110265 0.112008 0.102571 0.104829 0.104279 0.105596 0.106568 0.106452 0.106807 0.107902 0.112547 0.113309
20200717 0.10106 0.100697 0.100582 0.101195 0.104798 0.106028 0.10656 0.107098 0.107382 0.10866 0.109174 0.113074 0.10295 0.104517 0.107959 0.110841 0.110081 0.109664 0.109379 0.11017 0.111841 0.113745 0.103117 0.105904 0.106185 0.105666 0.105065 0.106837 0.107648 0.111724 0.113667 0.116014
20200718 0.104064 0.102711 0.102541 0.103517 0.104179 0.108831 0.10899 0.109386 0.109239 0.110503 0.110657 0.113034 0.107241 0.110283 0.11071 0.114808 0.117366 0.117979 0.116708 0.115322 0.115597 0.11901 0.1079 0.108447 0.106949 0.105795 0.106966 0.107591 0.110839 0.113389 0.115678 0.114019
20200719 0.105441 0.104453 0.103911 0.104436 0.10496 0.105291 0.109627 0.110589 0.110691 0.10998 0.111844 0.11157 0.107821 0.110017 0.110995 0.112909 0.115724 0.11921 0.119903 0.118721 0.118847 0.118017 0.108107 0.107588 0.104946 0.104531 0.105506 0.108487 0.111319 0.113169 0.112941 0.116472
20200720 0.107495 0.106762 0.10649 0.106249 0.106674 0.106956 0.108146 0.111081 0.112525 0.111414 0.113317 0.113034 0.108711 0.110875 0.111363 0.112942 0.113507 0.116549 0.119381 0.12011 0.118243 0.118403 0.106393 0.105997 0.105896 0.105646 0.108502 0.110817 0.112769 0.11226 0.116123 0.116039
20200721 0.105503 0.106643 0.106094 0.106354 0.106433 0.107033 0.107511 0.107516 0.111434 0.112838 0.112445 0.114921 0.111278 0.114695 0.113427 0.115308 0.116482 0.11597 0.119609 0.122006 0.122813 0.120763 0.105847 0.108616 0.107333 0.109811 0.112353 0.114914 0.112769 0.117329 0.117009 0.117375
20200722 0.105045 0.105543 0.107847 0.10827 0.108877 0.109102 0.109777 0.110611 0.111669 0.114287 0.116168 0.116358 0.110129 0.115663 0.117633 0.118144 0.11922 0.119259 0.120048 0.122699 0.125766 0.125293 0.108572 0.108738 0.109809 0.111682 0.114697 0.111343 0.114594 0.115231 0.116023 0.117537
20200723 0.103939 0.103688 0.102928 0.107527 0.107816 0.108838 0.109835 0.110509 0.110383 0.110516 0.114075 0.114586 0.105468 0.11092 0.114777 0.116003 0.117173 0.117381 0.117246 0.118289 0.120702 0.122333 0.105755 0.108596 0.108552 0.110175 0.108541 0.108884 0.110138 0.112567 0.1155 0.116848
20200724 0.101536 0.100056 0.0992809 0.100281 0.104732 0.106071 0.10611 0.107313 0.108871 0.110588 0.11019 0.113329 0.102771 0.104262 0.107298 0.111386 0.112558 0.114715 0.115035 0.114986 0.115157 0.117187 0.104549 0.105324 0.106489 0.104359 0.103553 0.103795 0.106202 0.109391 0.111787 0.113536
20200725 0.101099 0.0992509 0.0986915 0.0994101 0.100963 0.105747 0.105068 0.106839 0.107763 0.107854 0.109169 0.109585 0.102889 0.103211 0.103852 0.108607 0.112786 0.113502 0.116182 0.115941 0.117548 0.117232 0.102686 0.105803 0.10251 0.100945 0.102655 0.104426 0.106469 0.109452 0.11115 0.111947
20200726 0.101757 0.0998928 0.099636 0.100438 0.101998 0.101903 0.10601 0.10581 0.108557 0.108036 0.11042 0.110911 0.104634 0.106146 0.105455 0.107011 0.111115 0.114453 0.116022 0.117823 0.117137 0.118367 0.104696 0.10369 0.0991281 0.101736 0.103827 0.105682 0.107838 0.110227 0.112734 0.111882
20200727 0.103709 0.102201 0.101633 0.102294 0.103567 0.103592 0.103977 0.108763 0.107926 0.108978 0.108722 0.109211 0.105741 0.106975 0.107818 0.109577 0.110416 0.112395 0.116106 0.117269 0.118511 0.117069 0.103425 0.0993405 0.0993448 0.100484 0.103725 0.105378 0.10829 0.109572 0.109589 0.111792
20200728 0.100757 0.100858 0.10081 0.101551 0.102974 0.103733 0.105095 0.106873 0.110132 0.108485 0.110208 0.110742 0.107776 0.109388 0.107307 0.10832 0.110413 0.11159 0.113216 0.116025 0.115978 0.118419 0.0995863 0.101318 0.101921 0.104004 0.104596 0.107311 0.10749 0.108446 0.109993 0.111693
20200729 0.0968708 0.0971996 0.100462 0.101735 0.103019 0.104235 0.103913 0.104114 0.105345 0.108609 0.10751 0.108862 0.102497 0.106602 0.105856 0.105909 0.105349 0.105772 0.108171 0.110352 0.112134 0.111458 0.0992472 0.102345 0.102877 0.103167 0.106508 0.107902 0.106597 0.10831 0.109721 0.113429
20200730 0.0992714 0.098756 0.0985173 0.103725 0.104151 0.104937 0.107313 0.107421 0.105919 0.10674 0.110767 0.110262 0.10164 0.106771 0.108013 0.106278 0.107813 0.107817 0.10971 0.111153 0.11264 0.113762 0.101673 0.107298 0.106502 0.107633 0.108116 0.105504 0.10817 0.108361 0.112895 0.115287
20200731 0.0962463 0.0959723 0.0955181 0.0954585 0.100516 0.101019 0.102243 0.103617 0.105449 0.104409 0.105924 0.108372 0.0998808 0.102691 0.105577 0.107611 0.10735 0.106866 0.108376 0.110356 0.111426 0.113743 0.101274 0.103773 0.103679 0.102056 0.102339 0.103944 0.1043 0.108376 0.11005 0.111821
20200801 0.0987573 0.0978781 0.0979752 0.0982208 0.0988791 0.103303 0.10411 0.104315 0.105475 0.105329 0.10548 0.105544 0.100865 0.103592 0.104089 0.107072 0.108893 0.109492 0.108289 0.109269 0.111144 0.111831 0.10338 0.104656 0.100154 0.0990431 0.101073 0.101095 0.104974 0.106867 0.108307 0.110187
20200802 0.100487 0.0990505 0.0988588 0.0996873 0.100466 0.100285 0.104681 0.104547 0.105684 0.105535 0.106438 0.107441 0.101389 0.103098 0.104096 0.105782 0.109734 0.110953 0.110838 0.110574 0.10939 0.11157 0.10373 0.101004 0.0981554 0.0991672 0.100123 0.103745 0.106588 0.106968 0.107555 0.107232
20200803 0.100725 0.0981699 0.0983608 0.0986397 0.0991295 0.0999525 0.100035 0.104516 0.104551 0.105875 0.105635 0.105994 0.103158 0.105295 0.105179 0.106762 0.108902 0.111519 0.112313 0.112457 0.112382 0.112245 0.0984771 0.097812 0.097 0.0993232 0.102074 0.104876 0.105784 0.106831 0.105701 0.110289
20200804 0.0991901 0.0985438 0.0988663 0.0996754 0.099903 0.100528 0.102089 0.103574 0.104908 0.107052 0.107248 0.107466 0.105388 0.108131 0.108481 0.107079 0.109779 0.111575 0.113251 0.113702 0.114422 0.114741 0.0992859 0.100542 0.101381 0.103532 0.106493 0.106068 0.107645 0.106476 0.111275 0.113893
20200805 0.0977901 0.098389 0.100555 0.101505 0.102111 0.102588 0.102623 0.104564 0.104736 0.107928 0.108668 0.109337 0.102196 0.10794 0.110911 0.110542 0.109653 0.111278 0.111691 0.113756 0.115591 0.115418 0.100414 0.101029 0.102068 0.105246 0.10463 0.104931 0.105686 0.10921 0.110856 0.111981
20200806 0.0978503 0.0973887 0.0969057 0.10239 0.103508 0.103522 0.103612 0.105251 0.105228 0.104462 0.107747 0.108749 0.100179 0.103634 0.10938 0.111427 0.110864 0.11027 0.111132 0.111663 0.114366 0.115787 0.100304 0.103376 0.104889 0.104258 0.104262 0.103058 0.106511 0.110169 0.109957 0.11199
20200807 0.099268 0.0988088 0.0984546 0.099148 0.103563 0.104294 0.104696 0.106234 0.106066 0.107517 0.105974 0.110106 0.101601 0.103907 0.106666 0.112268 0.112368 0.112629 0.110013 0.111712 0.11266 0.11535 0.10338 0.106846 0.105109 0.105518 0.103577 0.105319 0.108257 0.109023 0.11231 0.112835
20200808 0.103764 0.102639 0.102502 0.103165 0.104098 0.107499 0.10801 0.108505 0.109852 0.110248 0.110976 0.11066 0.105256 0.106792 0.10812 0.110873 0.114831 0.115512 0.11539 0.113338 0.115601 0.117017 0.107731 0.108686 0.107753 0.105098 0.10725 0.109153 0.111316 0.114334 0.114077 0.113766
20200809 0.106802 0.10513 0.104354 0.105207 0.105595 0.106734 0.108838 0.110354 0.110681 0.111448 0.113047 0.112103 0.107976 0.110777 0.109242 0.111675 0.112876 0.116033 0.119013 0.11823 0.118716 0.119624 0.110131 0.110416 0.105759 0.106956 0.108568 0.109378 0.113128 0.11497 0.113837 0.114332
20200810 0.106276 0.104741 0.104543 0.105075 0.105893 0.105606 0.106048 0.108024 0.108816 0.110096 0.112116 0.112342 0.107929 0.109166 0.110262 0.110216 0.111102 0.11262 0.113995 0.116427 0.116318 0.117784 0.10611 0.104495 0.104074 0.105754 0.105695 0.107455 0.111259 0.110077 0.111005 0.111965
20200811 0.103444 0.103975 0.104023 0.105049 0.10574 0.106038 0.106317 0.107295 0.111263 0.111108 0.109107 0.109476 0.108261 0.110812 0.109265 0.110947 0.110245 0.110674 0.113216 0.114346 0.116754 0.116523 0.10422 0.105775 0.104811 0.10581 0.10606 0.109043 0.109443 0.110541 0.111614 0.113113
20200812 0.101282 0.101694 0.104328 0.104791 0.1052 0.105615 0.106519 0.107675 0.107557 0.110866 0.112634 0.10952 0.103701 0.108449 0.110289 0.110372 0.111403 0.109747 0.110515 0.111779 0.113364 0.116081 0.103468 0.103914 0.103719 0.104034 0.106466 0.107192 0.107411 0.108059 0.111825 0.113989
20200813 0.0996524 0.0991203 0.0992092 0.102577 0.103571 0.104294 0.104778 0.105224 0.106471 0.10788 0.110316 0.112003 0.103965 0.106549 0.108701 0.111204 0.110743 0.111993 0.11206 0.112374 0.113955 0.114117 0.103555 0.105095 0.104418 0.105234 0.105398 0.105735 0.107111 0.111425 0.112284 0.112117
20200814 0.104322 0.103983 0.1036 0.104298 0.105964 0.107523 0.106961 0.108543 0.109365 0.109163 0.109624 0.111671 0.107448 0.109747 0.110194 0.112643 0.112891 0.111949 0.112423 0.114304 0.11396 0.116358 0.106095 0.108322 0.107966 0.107893 0.107025 0.109516 0.112306 0.112285 0.112827 0.114233
20200815 0.104513 0.103523 0.102669 0.103791 0.103999 0.106097 0.105882 0.105806 0.106374 0.107442 0.109451 0.111307 0.107691 0.110937 0.110128 0.111618 0.114587 0.113874 0.114663 0.114527 0.115151 0.115069 0.108508 0.10841 0.107603 0.1059 0.107923 0.110047 0.110211 0.112027 0.113196 0.111717
20200816 0.103732 0.102957 0.102368 0.10288 0.102958 0.103941 0.106404 0.106868 0.107307 0.107374 0.108513 0.109034 0.104993 0.108878 0.109757 0.108418 0.112727 0.115062 0.115226 0.116124 0.1177 0.116885 0.10445 0.105492 0.102901 0.104228 0.105984 0.107297 0.108522 0.108333 0.107551 0.107192
20200817 0.100101 0.0994404 0.0991398 0.0992299 0.0993767 0.100203 0.100746 0.10329 0.104395 0.103635 0.105945 0.106511 0.103639 0.105092 0.107602 0.108598 0.107487 0.111568 0.113682 0.114562 0.115323 0.117206 0.100883 0.100874 0.10136 0.102125 0.103932 0.104575 0.105393 0.105264 0.104481 0.109713
20200818 0.0968536 0.0979343 0.0979685 0.098627 0.0985788 0.0996702 0.0996068 0.100079 0.105133 0.1058 0.105979 0.10624 0.102051 0.105661 0.104902 0.107045 0.107591 0.108153 0.111573 0.11325 0.115084 0.116013 0.098939 0.102658 0.102054 0.101923 0.102979 0.104702 0.10534 0.104192 0.108963 0.11099
20200819 0.101172 0.10161 0.102153 0.102422 0.102635 0.104249 0.104977 0.105906 0.106717 0.108188 0.110009 0.110487 0.104362 0.109628 0.110334 0.110674 0.112978 0.113157 0.112432 0.115724 0.11662 0.119031 0.104735 0.106292 0.106424 0.106236 0.108722 0.108342 0.106085 0.109744 0.111348 0.114154
20200820 0.103478 0.102991 0.102405 0.104481 0.105152 0.106726 0.107174 0.107994 0.107556 0.1099 0.110711 0.110528 0.105309 0.108893 0.111552 0.111487 0.114057 0.115666 0.115199 0.113956 0.118036 0.118521 0.106451 0.108917 0.108256 0.10914 0.10764 0.10693 0.10924 0.110763 0.11213 0.115039
20200821 0.101421 0.100674 0.10033 0.100598 0.103344 0.104492 0.105716 0.10741 0.107817 0.107726 0.109036 0.112028 0.102441 0.104621 0.106119 0.108634 0.110556 0.112445 0.112165 0.113152 0.111686 0.114686 0.104685 0.106149 0.10674 0.104704 0.103712 0.104535 0.107664 0.107744 0.111173 0.113359
20200822 0.0992586 0.0986139 0.0983328 0.0988079 0.0991559 0.102926 0.10445 0.105138 0.106398 0.105404 0.105367 0.106168 0.10158 0.10329 0.102745 0.104201 0.107836 0.109473 0.111157 0.110553 0.111032 0.111063 0.102098 0.10538 0.102079 0.0994638 0.101216 0.10376 0.105433 0.106702 0.10979 0.107435
20200823 0.102548 0.101071 0.100639 0.10089 0.10148 0.103021 0.106148 0.106035 0.106883 0.107909 0.1097 0.109109 0.103804 0.10675 0.10595 0.103802 0.10489 0.108813 0.109502 0.111131 0.112608 0.113025 0.107428 0.106037 0.101556 0.105079 0.105351 0.107656 0.108464 0.109349 0.107654 0.109011
20200824 0.101676 0.100239 0.100033 0.100558 0.101505 0.102455 0.102863 0.105617 0.106216 0.107313 0.106272 0.109156 0.101998 0.10359 0.103317 0.10353 0.102475 0.103705 0.106363 0.107214 0.109163 0.109846 0.101456 0.0990874 0.102094 0.103155 0.104541 0.105033 0.106546 0.105003 0.105716 0.105106
20200825 0.1008 0.101532 0.102166 0.10247 0.102998 0.104192 0.104866 0.105216 0.109522 0.109238 0.109835 0.109563 0.104869 0.105397 0.10522 0.105676 0.106618 0.105843 0.108024 0.110638 0.11147 0.114195 0.0997766 0.103224 0.10342 0.10587 0.106536 0.109805 0.107872 0.108072 0.109229 0.11028
20200826 0.099943 0.100194 0.103663 0.103863 0.10435 0.105348 0.106176 0.107423 0.108448 0.111769 0.111812 0.113759 0.105271 0.108961 0.109057 0.109917 0.110956 0.112259 0.111762 0.113438 0.114741 0.116905 0.102719 0.104707 0.108962 0.110161 0.112672 0.109841 0.108853 0.111467 0.114331 0.115953
20200827 0.0997628 0.099733 0.0997111 0.104281 0.104251 0.105152 0.106526 0.106074 0.107769 0.10772 0.108355 0.111111 0.102112 0.109458 0.111689 0.111416 0.11131 0.110542 0.11049 0.111943 0.113989 0.115143 0.103321 0.108538 0.109777 0.11252 0.110602 0.109124 0.109191 0.11164 0.113033 0.118649
20200828 0.103767 0.103172 0.102241 0.104075 0.105245 0.107534 0.108621 0.108565 0.11075 0.110549 0.112143 0.113265 0.107407 0.108185 0.112152 0.113314 0.112872 0.114354 0.113477 0.113393 0.114598 0.116492 0.107821 0.110741 0.114773 0.112359 0.109861 0.110162 0.111238 0.112509 0.117614 0.117745
20200829 0.102944 0.10275 0.102025 0.103335 0.104223 0.10542 0.107949 0.107786 0.108428 0.109606 0.110713 0.113223 0.104401 0.109731 0.10833 0.11095 0.112949 0.114046 0.11643 0.114146 0.114446 0.115037 0.10678 0.11492 0.108937 0.107567 0.109531 0.10792 0.110329 0.114865 0.113197 0.111624
20200830 0.10208 0.100484 0.0996731 0.101046 0.10276 0.105497 0.107225 0.109504 0.106316 0.107373 0.109425 0.107537 0.103677 0.106007 0.108218 0.107151 0.109851 0.112301 0.112113 0.114372 0.11441 0.115677 0.110427 0.105647 0.104696 0.106828 0.104983 0.107955 0.111758 0.109679 0.109733 0.11246
20200831 0.104348 0.101154 0.100165 0.101944 0.103307 0.103579 0.103487 0.105842 0.107492 0.108048 0.10868 0.108667 0.104283 0.106567 0.107679 0.10943 0.108468 0.108932 0.111737 0.111541 0.114671 0.114897 0.102609 0.105086 0.105476 0.10401 0.10719 0.107385 0.108467 0.109777 0.110748 0.112292
20200901 0.098111 0.0992112 0.0989861 0.100119 0.0999062 0.101597 0.103442 0.104843 0.108911 0.106601 0.106833 0.109108 0.105572 0.105455 0.105647 0.107042 0.109589 0.109017 0.110338 0.110517 0.111778 0.114268 0.100546 0.105941 0.10381 0.106618 0.106456 0.107574 0.109599 0.109218 0.110661 0.11138
20200902 0.0985144 0.0988409 0.100032 0.100853 0.102149 0.101969 0.103616 0.104565 0.105353 0.110216 0.109753 0.109949 0.102022 0.108742 0.108564 0.110094 0.110544 0.11203 0.110072 0.113728 0.113498 0.11414 0.103614 0.104964 0.108356 0.106718 0.108397 0.109098 0.10924 0.110949 0.112719 0.114721
20200903 0.101195 0.100316 0.0998299 0.103833 0.105124 0.104949 0.106269 0.105748 0.108173 0.109847 0.110635 0.113394 0.104295 0.109419 0.110637 0.112483 0.113077 0.113974 0.114631 0.112892 0.116403 0.118011 0.104608 0.109638 0.107921 0.11045 0.108026 0.108202 0.110324 0.111717 0.112907 0.115845
20200904 0.10078 0.0996565 0.0987607 0.101238 0.104437 0.105563 0.105804 0.106751 0.107364 0.108115 0.107733 0.110134 0.103792 0.106676 0.108619 0.112084 0.111755 0.112079 0.112371 0.1145 0.114189 0.115738 0.105801 0.107784 0.107733 0.105163 0.104967 0.108127 0.108687 0.108681 0.112936 0.112816
20200905 0.102598 0.101994 0.101559 0.102282 0.102845 0.106476 0.106995 0.107494 0.109035 0.109833 0.110192 0.111126 0.103617 0.1091 0.107913 0.108904 0.114662 0.11238 0.113093 0.113812 0.117291 0.116084 0.107668 0.108912 0.106361 0.106803 0.108936 0.110374 0.11025 0.113393 0.114124 0.118075
20200906 0.101379 0.101086 0.101289 0.101329 0.101815 0.101812 0.106719 0.105905 0.106927 0.107474 0.107689 0.107485 0.101375 0.101568 0.103891 0.103025 0.105021 0.109591 0.109008 0.111053 0.111905 0.114121 0.103189 0.101798 0.101271 0.102485 0.104674 0.106293 0.109276 0.111008 0.112662 0.108894
20200907 0.101607 0.0998008 0.0997547 0.10049 0.101459 0.102566 0.103441 0.104914 0.105499 0.105767 0.108322 0.109383 0.103916 0.104433 0.102206 0.103816 0.103907 0.107175 0.110917 0.111785 0.112593 0.11286 0.100645 0.0999654 0.100155 0.10107 0.102639 0.105556 0.108229 0.110717 0.105839 0.108664
20200908 0.0994399 0.101659 0.100903 0.100901 0.101153 0.101747 0.102992 0.10304 0.106308 0.108333 0.108812 0.10943 0.104635 0.108422 0.106935 0.10641 0.107363 0.108955 0.110965 0.113798 0.113789 0.114074 0.10112 0.103544 0.103085 0.104239 0.10769 0.109332 0.113375 0.108639 0.109125 0.111093
20200909 0.0980443 0.0983574 0.101239 0.101788 0.101684 0.102692 0.104266 0.103624 0.105202 0.109308 0.110302 0.109735 0.101803 0.105757 0.108098 0.107153 0.10714 0.109012 0.109774 0.11091 0.113877 0.114205 0.100869 0.103718 0.103293 0.104651 0.107259 0.111102 0.10576 0.106129 0.108421 0.109244
20200910 0.0982282 0.0980242 0.0967301 0.101127 0.101924 0.103213 0.104242 0.104992 0.105927 0.105387 0.110658 0.111048 0.0992137 0.105607 0.106907 0.109306 0.111689 0.111216 0.113599 0.111584 0.112975 0.115187 0.102321 0.104092 0.104861 0.107139 0.111686 0.104494 0.106602 0.108292 0.108655 0.108996
20200911 0.100169 0.0998832 0.0997163 0.100631 0.10466 0.106302 0.106474 0.106675 0.107363 0.107891 0.108748 0.109319 0.101682 0.104196 0.108688 0.110771 0.112599 0.116269 0.114483 0.115871 0.114725 0.117725 0.104517 0.107508 0.10939 0.113997 0.109371 0.110256 0.113123 0.110954 0.110078 0.112251
20200912 0.103382 0.102333 0.101323 0.102763 0.103501 0.106235 0.106726 0.108318 0.110722 0.112164 0.114617 0.110057 0.105344 0.106513 0.108471 0.111551 0.113828 0.115987 0.11791 0.116257 0.116478 0.117598 0.106782 0.111022 0.115079 0.109659 0.111592 0.114554 0.112206 0.111261 0.110941 0.11163
20200913 0.103718 0.102963 0.102379 0.103269 0.10371 0.103228 0.106321 0.107567 0.108565 0.109604 0.110406 0.110297 0.104449 0.108068 0.107978 0.108671 0.109908 0.112973 0.116034 0.115583 0.114588 0.114284 0.108379 0.113196 0.106151 0.107384 0.111136 0.109288 0.109552 0.110866 0.111021 0.111135
20200914 0.100243 0.0981015 0.098067 0.0989959 0.100667 0.0995347 0.100467 0.105502 0.108039 0.110639 0.108887 0.110956 0.103812 0.104727 0.105402 0.106848 0.107549 0.108528 0.112671 0.113362 0.113418 0.111668 0.105157 0.103426 0.100275 0.106975 0.10506 0.105589 0.109136 0.108096 0.107117 0.107743
20200915 0.0974971 0.0980719 0.0987258 0.0997334 0.102307 0.103159 0.104195 0.104969 0.107536 0.110423 0.111451 0.110055 0.103272 0.108679 0.109105 0.109574 0.109659 0.109659 0.112139 0.114862 0.114659 0.115981 0.101518 0.101657 0.104536 0.1047 0.105673 0.108698 0.108997 0.108637 0.107521 0.108281
20200916 0.0999044 0.100281 0.102057 0.102886 0.10337 0.104802 0.105657 0.107083 0.107962 0.108071 0.110175 0.111616 0.104036 0.109134 0.110139 0.110837 0.110049 0.109904 0.110705 0.113783 0.114982 0.115934 0.104242 0.107443 0.106659 0.106243 0.109478 0.108126 0.109651 0.110224 0.1094 0.110741
20200917 0.102155 0.100949 0.100865 0.10542 0.105977 0.106574 0.106812 0.109255 0.110917 0.109471 0.111531 0.112159 0.10408 0.110883 0.111858 0.112068 0.112173 0.111352 0.114304 0.113821 0.114949 0.117614 0.10701 0.109055 0.107519 0.109643 0.107355 0.108025 0.112578 0.111763 0.112504 0.112704
20200918 0.105595 0.1047 0.104888 0.105749 0.110639 0.112121 0.11199 0.113341 0.114849 0.117992 0.116399 0.118347 0.107929 0.11097 0.117416 0.118248 0.118666 0.118027 0.1183 0.118744 0.117978 0.119722 0.110112 0.112374 0.114173 0.112887 0.11145 0.115881 0.115456 0.114913 0.116438 0.117713
20200919 0.104574 0.103257 0.102547 0.104049 0.103918 0.11013 0.11063 0.110981 0.113042 0.11366 0.11807 0.11364 0.107451 0.10916 0.109935 0.117645 0.116394 0.117106 0.11523 0.115857 0.114503 0.113837 0.108017 0.112163 0.110183 0.109821 0.113485 0.113087 0.115257 0.114747 0.115413 0.113598
20200920 0.104783 0.103068 0.102924 0.104071 0.105462 0.106255 0.108831 0.111259 0.110819 0.113055 0.112636 0.113175 0.106049 0.110888 0.109418 0.109839 0.116033 0.115752 0.116309 0.116757 0.117189 0.116036 0.108199 0.108125 0.106341 0.109591 0.107886 0.109162 0.107821 0.10788 0.109104 0.111715
20200921 0.106666 0.104599 0.104288 0.105648 0.106975 0.108019 0.109418 0.112112 0.114746 0.114268 0.113654 0.114894 0.109183 0.111026 0.115079 0.113466 0.113826 0.120754 0.119777 0.120083 0.119415 0.120522 0.107066 0.106126 0.109007 0.109601 0.108437 0.10626 0.106932 0.107652 0.109023 0.112397
20200922 0.104427 0.106456 0.10625 0.107696 0.108715 0.109481 0.108879 0.10983 0.112767 0.116012 0.114675 0.11649 0.110917 0.114781 0.113865 0.117049 0.116233 0.117165 0.123181 0.120788 0.120883 0.119341 0.106046 0.110503 0.110693 0.110673 0.108292 0.108445 0.109834 0.109684 0.112929 0.114954
20200923 0.0993773 0.099783 0.102569 0.103699 0.105218 0.105679 0.105811 0.106162 0.109601 0.111632 0.116181 0.112913 0.103636 0.111636 0.112256 0.111214 0.114607 0.112466 0.115484 0.119369 0.116886 0.118288 0.104492 0.107432 0.109992 0.107977 0.108861 0.109498 0.108402 0.110159 0.113627 0.114259
20200924 0.101057 0.10058 0.100574 0.105819 0.106952 0.106597 0.106578 0.106681 0.107746 0.109851 0.111514 0.116931 0.10137 0.107443 0.111671 0.112728 0.112018 0.114563 0.112752 0.115636 0.117508 0.115899 0.104683 0.109196 0.10694 0.109646 0.108123 0.107502 0.108052 0.110694 0.110354 0.112825
20200925 0.10228 0.101119 0.100679 0.102532 0.106801 0.107195 0.108799 0.110931 0.110123 0.110536 0.113526 0.114332 0.104634 0.106744 0.109522 0.112476 0.114258 0.114174 0.114926 0.114551 0.115487 0.116292 0.106429 0.107548 0.110511 0.10869 0.108161 0.107202 0.109297 0.109181 0.111147 0.113709
20200926 0.103336 0.10267 0.102214 0.102891 0.10356 0.10729 0.10769 0.109104 0.109821 0.110463 0.11283 0.115795 0.105728 0.108773 0.110276 0.111473 0.114258 0.115814 0.114222 0.116126 0.117751 0.118741 0.106342 0.110566 0.108257 0.107527 0.108182 0.108841 0.109956 0.109769 0.112386 0.111787
20200927 0.1061 0.105437 0.105516 0.105675 0.10632 0.107531 0.111661 0.113187 0.113236 0.113184 0.115848 0.116062 0.108134 0.111746 0.113303 0.114817 0.115765 0.117681 0.12021 0.118492 0.120762 0.12117 0.109389 0.109366 0.108039 0.110606 0.110681 0.112268 0.111803 0.114191 0.112043 0.112317
20200928 0.107526 0.105645 0.105315 0.106249 0.10638 0.107696 0.109033 0.114021 0.114042 0.115576 0.114763 0.115102 0.108482 0.112839 0.115514 0.115966 0.116022 0.116648 0.118806 0.121353 0.120779 0.123059 0.108648 0.109104 0.112074 0.113006 0.113877 0.115171 0.116515 0.114144 0.114519 0.115233
20200929 0.106147 0.107436 0.10758 0.10865 0.110196 0.11024 0.110393 0.11124 0.115075 0.116244 0.116763 0.11781 0.110685 0.112514 0.115674 0.118463 0.118394 0.118729 0.119692 0.121115 0.125208 0.123915 0.107488 0.111463 0.113062 0.113598 0.115799 0.117332 0.115363 0.116427 0.117375 0.119735
20200930 0.105949 0.106712 0.108064 0.109201 0.110459 0.111708 0.112873 0.114607 0.11511 0.118557 0.118699 0.119493 0.111004 0.113532 0.114572 0.117059 0.119769 0.118739 0.119441 0.120346 0.123008 0.126683 0.109711 0.11385 0.112071 0.115572 0.11748 0.11324 0.115694 0.115838 0.116843 0.118894
20201001 0.104479 0.103555 0.102628 0.107554 0.108516 0.108914 0.109678 0.111418 0.111516 0.112265 0.112406 0.113684 0.107752 0.111364 0.110965 0.112633 0.113873 0.116415 0.11521 0.115781 0.117549 0.119909 0.109921 0.109772 0.11109 0.11388 0.110432 0.111515 0.111426 0.111383 0.113042 0.115011
20201002 0.10467 0.103055 0.101699 0.103515 0.108066 0.107885 0.109415 0.109501 0.1118 0.110368 0.112362 0.112588 0.104115 0.108549 0.109704 0.110515 0.11153 0.114791 0.115658 0.116114 0.114487 0.11639 0.105949 0.107971 0.110965 0.106946 0.105802 0.105763 0.107367 0.108809 0.109994 0.109753
20201003 0.107271 0.105836 0.104284 0.10505 0.106232 0.109982 0.109796 0.110728 0.112213 0.114696 0.113683 0.113319 0.1103 0.111022 0.113594 0.113899 0.114995 0.115914 0.119164 0.119366 0.120292 0.117048 0.110493 0.114727 0.109867 0.107313 0.106891 0.110182 0.112016 0.111482 0.113296 0.113584
20201004 0.106614 0.104479 0.103689 0.104761 0.104908 0.105238 0.109635 0.108995 0.108504 0.109179 0.112252 0.111332 0.108131 0.110657 0.111198 0.112924 0.113337 0.115827 0.116515 0.115871 0.117672 0.118858 0.111838 0.11036 0.10544 0.106129 0.109058 0.110277 0.109864 0.112452 0.113021 0.114364
20201005 0.105891 0.103489 0.102944 0.104334 0.104889 0.104925 0.10689 0.108757 0.107766 0.108326 0.108594 0.110238 0.106175 0.108201 0.110591 0.109695 0.109977 0.112866 0.114718 0.115127 0.115141 0.118854 0.105172 0.105366 0.105867 0.107903 0.108067 0.105229 0.107653 0.107462 0.109611 0.110274
20201006 0.1028 0.1035 0.103238 0.104659 0.104745 0.106079 0.107341 0.108049 0.110387 0.112132 0.112886 0.113496 0.109694 0.11112 0.111186 0.114238 0.111743 0.111337 0.115271 0.114992 0.116936 0.117511 0.105878 0.10737 0.108948 0.108749 0.104925 0.108443 0.107072 0.106178 0.107933 0.107979
20201007 0.100914 0.101411 0.105551 0.105752 0.106305 0.106913 0.107108 0.107976 0.109158 0.111879 0.112069 0.113551 0.104143 0.110478 0.11024 0.10973 0.112158 0.109903 0.111737 0.114108 0.113845 0.115167 0.102991 0.105763 0.105016 0.103595 0.106289 0.105165 0.104632 0.107452 0.106035 0.108446
20201008 0.100163 0.100264 0.100096 0.106185 0.107684 0.108217 0.10842 0.108347 0.108886 0.109517 0.112251 0.114333 0.103417 0.107585 0.112543 0.113305 0.11074 0.114081 0.113602 0.116007 0.117871 0.119301 0.104524 0.106129 0.104467 0.107244 0.105804 0.105792 0.107592 0.105763 0.108083 0.109332
20201009 0.103696 0.103109 0.10293 0.103682 0.109348 0.112274 0.11263 0.111462 0.111327 0.111433 0.110489 0.116615 0.104412 0.107701 0.110324 0.114804 0.116051 0.112925 0.116115 0.11561 0.116771 0.119042 0.106771 0.109335 0.111478 0.109042 0.107919 0.108372 0.108699 0.111481 0.1118 0.11662
20201010 0.101357 0.100119 0.099522 0.100322 0.100645 0.10645 0.106586 0.108163 0.107644 0.109378 0.11161 0.115268 0.103147 0.105724 0.105813 0.10823 0.111346 0.111431 0.111184 0.113111 0.111444 0.112493 0.106031 0.109688 0.10674 0.106409 0.104593 0.106652 0.110565 0.110413 0.115112 0.113742
20201011 0.101738 0.100771 0.100149 0.101239 0.10149 0.102644 0.105528 0.107437 0.107252 0.109749 0.109819 0.110856 0.102213 0.103901 0.104037 0.105338 0.108999 0.111492 0.112333 0.112468 0.113889 0.114719 0.105963 0.103359 0.102385 0.102586 0.103117 0.107114 0.107677 0.111257 0.110594 0.109416
20201012 0.105849 0.105191 0.104873 0.105005 0.105619 0.106792 0.108682 0.11036 0.112549 0.113449 0.113031 0.114894 0.106029 0.107928 0.109081 0.108815 0.108964 0.113676 0.115102 0.115064 0.116226 0.115301 0.103878 0.106264 0.107205 0.107182 0.108991 0.110144 0.114069 0.111809 0.109101 0.111743
20201013 0.101062 0.103297 0.102689 0.1035 0.104747 0.104398 0.105321 0.106963 0.108889 0.112347 0.115039 0.11412 0.107764 0.108525 0.109591 0.111883 0.111925 0.11169 0.115601 0.116885 0.11611 0.116473 0.104097 0.106954 0.107676 0.108785 0.110978 0.113201 0.110482 0.107747 0.110463 0.11043
20201014 0.10468 0.105432 0.109184 0.109865 0.110184 0.110308 0.110596 0.112637 0.111422 0.115396 0.115918 0.121315 0.10988 0.117268 0.114035 0.115661 0.117048 0.116605 0.117664 0.119956 0.121385 0.120952 0.10745 0.109968 0.111845 0.112656 0.113934 0.11277 0.11062 0.111728 0.114451 0.117101
20201015 0.11021 0.109662 0.108358 0.113293 0.114473 0.115292 0.115325 0.11682 0.116471 0.116906 0.121657 0.121441 0.113032 0.118368 0.121619 0.119424 0.120562 0.121313 0.120281 0.123037 0.124732 0.126195 0.112662 0.117402 0.115757 0.117422 0.115531 0.113788 0.11419 0.117744 0.118235 0.118764
20201016 0.109228 0.108223 0.107912 0.108234 0.113268 0.1152 0.115286 0.115578 0.117103 0.115795 0.120194 0.120326 0.111374 0.113922 0.117285 0.120429 0.119222 0.119509 0.120283 0.118826 0.121796 0.122452 0.113686 0.115367 0.116365 0.113169 0.111177 0.113002 0.115615 0.11536 0.115785 0.120149
20201017 0.108551 0.106839 0.106182 0.107129 0.108378 0.113291 0.114282 0.116272 0.11574 0.116743 0.118207 0.118158 0.109861 0.112331 0.112861 0.114555 0.121266 0.119967 0.119569 0.120003 0.120288 0.123552 0.111273 0.114736 0.112464 0.108724 0.111389 0.114306 0.114734 0.114528 0.118459 0.118195
20201018 0.108717 0.106155 0.10524 0.105751 0.106753 0.107704 0.111862 0.113446 0.11407 0.114621 0.115033 0.11659 0.110169 0.111495 0.112885 0.113438 0.11651 0.122859 0.120976 0.119258 0.120065 0.11985 0.112492 0.111152 0.107872 0.110945 0.115356 0.114659 0.113629 0.119093 0.117283 0.116845
20201019 0.105895 0.103914 0.102953 0.103449 0.105494 0.106331 0.106534 0.10892 0.109017 0.110699 0.11215 0.111932 0.107827 0.110112 0.109997 0.111801 0.113129 0.116814 0.120871 0.117511 0.117488 0.118965 0.105269 0.105528 0.107579 0.111755 0.111114 0.110766 0.116029 0.113619 0.114341 0.114346
20201020 0.10319 0.104933 0.104206 0.104913 0.105243 0.10749 0.10733 0.107019 0.109691 0.11198 0.113184 0.113119 0.107519 0.110082 0.110579 0.110031 0.111916 0.113366 0.115135 0.118921 0.117297 0.11724 0.103218 0.106158 0.109589 0.108828 0.109652 0.115378 0.111847 0.111582 0.110802 0.113358
20201021 0.103872 0.104736 0.106993 0.108828 0.109107 0.11009 0.111122 0.111964 0.112163 0.114441 0.117894 0.11643 0.107242 0.113903 0.114969 0.114297 0.114518 0.117096 0.115935 0.118347 0.122681 0.121274 0.105478 0.110019 0.108881 0.111232 0.116339 0.111751 0.111196 0.109723 0.113292 0.116927
20201022 0.103101 0.103309 0.102395 0.107542 0.108516 0.109647 0.111044 0.111113 0.112608 0.111261 0.115313 0.116489 0.105453 0.11066 0.116918 0.117646 0.118722 0.118457 0.119942 0.119819 0.122257 0.126385 0.107095 0.110199 0.111586 0.11349 0.110119 0.10988 0.109968 0.11383 0.116318 0.114481
20201023 0.106466 0.106123 0.106085 0.106581 0.111474 0.11356 0.113833 0.114139 0.116412 0.116013 0.116629 0.118692 0.10839 0.110617 0.115898 0.120853 0.119569 0.121545 0.120277 0.120164 0.120321 0.122321 0.110969 0.115252 0.115031 0.109801 0.111162 0.112867 0.115918 0.117896 0.11571 0.117435
20201024 0.109338 0.108234 0.107214 0.108385 0.109413 0.114155 0.115732 0.116648 0.118713 0.120269 0.121455 0.121714 0.114635 0.114541 0.115465 0.118136 0.123678 0.12401 0.124722 0.12383 0.124909 0.124174 0.115778 0.120532 0.112791 0.112885 0.114506 0.117499 0.119525 0.119346 0.119711 0.119471
20201025 0.108905 0.109451 0.108531 0.108918 0.108888 0.109013 0.113868 0.114477 0.116511 0.124187 0.122353 0.125169 0.110183 0.116385 0.114513 0.115332 0.117383 0.12328 0.122919 0.12257 0.122656 0.1235 0.117202 0.113426 0.1121 0.113478 0.116119 0.11707 0.118034 0.119662 0.118668 0.122224
20201026 0.10884 0.108328 0.1084 0.109147 0.108267 0.111031 0.109696 0.114998 0.113181 0.120412 0.119983 0.119099 0.108201 0.111945 0.113049 0.114742 0.114845 0.117579 0.121797 0.121745 0.123214 0.123207 0.110779 0.112001 0.112851 0.114649 0.114516 0.115362 0.119285 0.116492 0.117546 0.117146
20201027 0.107867 0.109664 0.108679 0.109834 0.110238 0.110292 0.110747 0.110218 0.115729 0.113488 0.119226 0.119246 0.113119 0.115216 0.113785 0.113999 0.116369 0.116828 0.119212 0.122121 0.121733 0.124308 0.111544 0.113081 0.115927 0.115623 0.117167 0.118918 0.115867 0.11762 0.115492 0.117395
20201028 0.106656 0.107117 0.107582 0.10922 0.10956 0.110293 0.110899 0.110762 0.110954 0.114148 0.114688 0.117758 0.10841 0.11585 0.115856 0.114098 0.114806 0.115713 0.116781 0.119492 0.122575 0.123449 0.109786 0.114195 0.113541 0.115589 0.116291 0.114596 0.115746 0.115816 0.117565 0.115892
20201029 0.10631 0.106401 0.105498 0.107424 0.106812 0.108405 0.110326 0.109681 0.112319 0.113524 0.117762 0.113044 0.107562 0.111485 0.115801 0.1147 0.113523 0.114249 0.112592 0.113159 0.116549 0.119146 0.110639 0.111906 0.112307 0.114119 0.113682 0.114575 0.114313 0.115091 0.114102 0.115531
20201030 0.108821 0.107847 0.107262 0.107751 0.111979 0.112158 0.112269 0.115478 0.117741 0.114303 0.119178 0.121586 0.110192 0.112554 0.115362 0.118227 0.116435 0.115708 0.116497 0.115028 0.114675 0.118447 0.112438 0.116303 0.117449 0.114436 0.114427 0.115226 0.115372 0.114405 0.11669 0.117174
20201031 0.109699 0.108013 0.107745 0.1086 0.109285 0.114421 0.114911 0.117513 0.117389 0.121636 0.118103 0.12033 0.111108 0.112873 0.11271 0.116278 0.118715 0.116851 0.11799 0.117916 0.119156 0.118931 0.112958 0.117382 0.113811 0.11163 0.11405 0.113184 0.112222 0.112662 0.115448 0.115806
20201101 0.107061 0.105514 0.104894 0.105693 0.105983 0.107795 0.110085 0.111336 0.111639 0.113924 0.115512 0.114835 0.108463 0.112661 0.112681 0.111706 0.115138 0.118819 0.117575 0.119689 0.120488 0.119962 0.111946 0.113242 0.112353 0.114689 0.113297 0.111474 0.110592 0.1143 0.116253 0.117434
20201102 0.103744 0.101297 0.0998819 0.101234 0.100977 0.102527 0.103608 0.10515 0.108747 0.110192 0.112466 0.115961 0.1067 0.110286 0.111598 0.109945 0.110764 0.112701 0.120171 0.117064 0.11819 0.119164 0.107778 0.111518 0.112046 0.111653 0.109249 0.110039 0.110969 0.113229 0.114876 0.11464
20201103 0.104326 0.104571 0.10331 0.103716 0.104543 0.106382 0.107025 0.106858 0.110634 0.112953 0.112135 0.115997 0.107063 0.112759 0.11337 0.11533 0.11218 0.114238 0.117115 0.122558 0.119713 0.121827 0.109458 0.113634 0.111813 0.110269 0.113233 0.113185 0.112771 0.113563 0.113793 0.116027
20201104 0.104992 0.105206 0.108287 0.109223 0.109793 0.1113 0.109861 0.111111 0.111766 0.116923 0.113918 0.117145 0.108262 0.114311 0.117459 0.118046 0.118984 0.116174 0.117737 0.120599 0.122699 0.121358 0.111964 0.110606 0.109411 0.111798 0.113919 0.112916 0.112716 0.112436 0.11511 0.11574
20201105 0.106401 0.105887 0.10462 0.110342 0.110594 0.111658 0.111974 0.11199 0.113703 0.114572 0.118581 0.118303 0.106956 0.11127 0.11577 0.118175 0.117931 0.117836 0.11541 0.116689 0.11966 0.121596 0.106529 0.108357 0.110789 0.1111 0.109981 0.109968 0.108677 0.111128 0.112926 0.115031
20201106 0.108893 0.107041 0.105955 0.107069 0.111723 0.112868 0.113645 0.113937 0.118951 0.119729 0.122675 0.122879 0.111635 0.115995 0.119077 0.122981 0.125269 0.122889 0.123031 0.120948 0.122695 0.125253 0.112399 0.11822 0.116596 0.11434 0.11334 0.112391 0.114362 0.116399 0.118252 0.121056
20201107 0.111477 0.110001 0.108253 0.109084 0.109934 0.115006 0.115441 0.116689 0.118603 0.119461 0.122553 0.124527 0.113426 0.116491 0.118986 0.123254 0.126982 0.125701 0.126029 0.124473 0.12513 0.125446 0.118483 0.119621 0.116837 0.11448 0.114703 0.116803 0.119199 0.121483 0.123634 0.123476
20201108 0.112954 0.111448 0.109575 0.110478 0.111927 0.112673 0.115747 0.116838 0.116522 0.121634 0.119248 0.12493 0.111705 0.115177 0.117542 0.118561 0.124307 0.126595 0.125032 0.12572 0.12352 0.123917 0.116771 0.114645 0.111462 0.112085 0.114178 0.11702 0.119973 0.121221 0.121634 0.120916
20201109 0.107717 0.105418 0.103816 0.1044 0.105381 0.106967 0.107742 0.110755 0.111915 0.112214 0.115547 0.11429 0.109015 0.111079 0.113271 0.114091 0.115951 0.11926 0.119855 0.12024 0.119545 0.118484 0.106784 0.107033 0.106453 0.108241 0.111496 0.113383 0.115188 0.116162 0.114654 0.114769
20201110 0.101202 0.103399 0.102288 0.103737 0.103927 0.103769 0.104472 0.106122 0.110511 0.111115 0.110579 0.111605 0.107094 0.109223 0.110036 0.110284 0.110548 0.111878 0.115098 0.118364 0.119235 0.117818 0.103054 0.103449 0.105303 0.107115 0.108088 0.11013 0.110168 0.110686 0.111271 0.1119
20201111 0.0990807 0.0994403 0.102456 0.103297 0.10476 0.105956 0.105352 0.106324 0.107347 0.111924 0.112799 0.113839 0.102833 0.11073 0.109868 0.111307 0.111723 0.111466 0.113033 0.115406 0.121098 0.12009 0.101582 0.106123 0.107213 0.108557 0.10855 0.107826 0.109978 0.111118 0.11169 0.112277
20201112 0.100595 0.100132 0.0993573 0.103698 0.104452 0.104818 0.105277 0.107095 0.110664 0.110463 0.11191 0.113162 0.1024 0.1082 0.113418 0.112426 0.114528 0.114666 0.114155 0.116272 0.118814 0.122964 0.103743 0.107841 0.108637 0.108514 0.107625 0.108659 0.107972 0.10939 0.112501 0.111906
20201113 0.105098 0.105143 0.103554 0.103848 0.108636 0.110068 0.111218 0.11231 0.113659 0.113669 0.114386 0.118261 0.107292 0.110198 0.11469 0.118874 0.118028 0.117555 0.118402 0.118434 0.121547 0.124327 0.108484 0.112009 0.112491 0.112584 0.11265 0.110807 0.112102 0.116654 0.116727 0.119262
20201114 0.107226 0.106462 0.105485 0.105802 0.106904 0.112305 0.111309 0.113982 0.114047 0.116135 0.11459 0.116922 0.108558 0.111334 0.112851 0.116232 0.119497 0.119094 0.117894 0.120522 0.120786 0.12333 0.112165 0.114565 0.112684 0.11249 0.113998 0.11312 0.116377 0.118602 0.119744 0.120034
20201115 0.108163 0.106939 0.106076 0.107182 0.107106 0.107313 0.112082 0.112428 0.113828 0.115501 0.117912 0.117713 0.108798 0.111752 0.112076 0.11296 0.115197 0.118657 0.119227 0.119265 0.122098 0.124034 0.112349 0.109966 0.1086 0.11083 0.110706 0.113322 0.115934 0.116783 0.116821 0.118567
20201116 0.109669 0.108253 0.107296 0.107887 0.107597 0.108479 0.109537 0.113191 0.114776 0.115994 0.117406 0.119597 0.110217 0.113094 0.116153 0.115363 0.115621 0.117628 0.12222 0.124503 0.123888 0.126456 0.105975 0.106759 0.111464 0.111831 0.112971 0.115732 0.116469 0.115203 0.118231 0.116834
20201117 0.105203 0.105483 0.10442 0.105702 0.106347 0.107057 0.109645 0.111038 0.115171 0.118011 0.117668 0.119295 0.113799 0.115788 0.116902 0.12141 0.120153 0.120704 0.122164 0.12645 0.128644 0.128051 0.108119 0.11472 0.113692 0.1144 0.118686 0.118686 0.116061 0.120449 0.11725 0.116977
20201118 0.103561 0.104129 0.105878 0.107513 0.108611 0.108884 0.108968 0.110547 0.110556 0.114329 0.116928 0.11736 0.104838 0.114096 0.114285 0.115568 0.118908 0.118222 0.119114 0.119713 0.123099 0.122215 0.108395 0.108428 0.108121 0.111853 0.11176 0.11052 0.113382 0.110956 0.111779 0.112787
20201119 0.102177 0.101959 0.100728 0.104273 0.104967 0.105254 0.105881 0.108191 0.108004 0.108716 0.110931 0.11358 0.103707 0.10684 0.111001 0.111018 0.112935 0.114387 0.113563 0.113749 0.114461 0.116255 0.104627 0.104345 0.104802 0.10713 0.104504 0.104359 0.103736 0.105529 0.10729 0.106698
20201120 0.102842 0.101809 0.10063 0.101905 0.104085 0.105753 0.106072 0.106787 0.109142 0.10867 0.109951 0.113978 0.102551 0.106772 0.108353 0.111974 0.112335 0.113812 0.112369 0.111887 0.112263 0.112503 0.10409 0.105579 0.108406 0.10452 0.102881 0.102551 0.10517 0.10739 0.10573 0.108914
20201121 0.101505 0.100542 0.0995292 0.100391 0.101183 0.103487 0.104689 0.106923 0.10881 0.108446 0.110212 0.11184 0.104164 0.105875 0.109146 0.109944 0.113902 0.11469 0.113863 0.113968 0.113497 0.113576 0.105438 0.108528 0.106727 0.10405 0.102957 0.106962 0.108626 0.108403 0.110751 0.109799
20201122 0.105518 0.104438 0.103873 0.104812 0.105425 0.105893 0.108362 0.109081 0.110627 0.112276 0.112738 0.113018 0.106515 0.108587 0.110198 0.112673 0.113297 0.116052 0.116879 0.116823 0.116164 0.115587 0.108496 0.109272 0.104179 0.104484 0.106985 0.109583 0.110856 0.113154 0.112995 0.114653
20201123 0.106658 0.104623 0.103657 0.104696 0.105695 0.106816 0.107168 0.109014 0.110606 0.112825 0.116052 0.114293 0.109897 0.110637 0.110979 0.112044 0.111926 0.114139 0.117015 0.117842 0.118458 0.117619 0.107647 0.108177 0.105652 0.105912 0.10898 0.110385 0.114427 0.11127 0.11428 0.116914
20201124 0.104711 0.107061 0.106926 0.107956 0.109153 0.109086 0.109159 0.110126 0.113039 0.112372 0.11338 0.115767 0.109298 0.112917 0.112168 0.111789 0.112448 0.111623 0.11473 0.117448 0.117193 0.117901 0.107469 0.105743 0.105721 0.107887 0.110281 0.114514 0.108981 0.112087 0.115354 0.116857
20201125 0.103599 0.104532 0.110137 0.11113 0.1115 0.11393 0.1138 0.112285 0.115219 0.115317 0.118067 0.119923 0.111354 0.114148 0.114827 0.116224 0.115215 0.116041 0.116331 0.12017 0.121921 0.122479 0.106596 0.108862 0.108959 0.112111 0.11296 0.109367 0.1126 0.116442 0.117836 0.119602
20201126 0.10342 0.103689 0.10249 0.108355 0.109416 0.110992 0.111819 0.111239 0.110829 0.111141 0.114911 0.118255 0.105671 0.111741 0.112776 0.114611 0.11556 0.114423 0.115274 0.114933 0.118149 0.11952 0.10602 0.106881 0.110225 0.109832 0.105544 0.107096 0.109796 0.111389 0.113094 0.111196
20201127 0.106782 0.105936 0.104948 0.105721 0.111286 0.112511 0.11282 0.114275 0.114175 0.115401 0.116324 0.119796 0.109525 0.114248 0.113498 0.115638 0.117559 0.117466 0.117308 0.118136 0.115445 0.117101 0.109834 0.113081 0.113972 0.109892 0.107784 0.109844 0.113138 0.116775 0.114239 0.115369
20201128 0.108873 0.108214 0.107575 0.108051 0.108545 0.11244 0.112366 0.113902 0.114866 0.113925 0.114558 0.116077 0.108669 0.111873 0.115741 0.114116 0.117518 0.119304 0.120318 0.12077 0.120917 0.118592 0.110487 0.113873 0.108931 0.107119 0.109074 0.111966 0.115892 0.11393 0.116526 0.116956
20201129 0.106521 0.10544 0.104644 0.105028 0.105948 0.107141 0.107823 0.109252 0.111045 0.11116 0.111915 0.111679 0.109822 0.109741 0.111779 0.115298 0.112869 0.116789 0.118768 0.119304 0.121845 0.121452 0.112403 0.106042 0.102432 0.104833 0.107024 0.111515 0.109763 0.110743 0.11062 0.111176
20201130 0.11049 0.108578 0.10797 0.10933 0.108939 0.109634 0.110172 0.112844 0.112398 0.113653 0.112513 0.11499 0.112703 0.113284 0.111976 0.112644 0.115399 0.116027 0.119709 0.121017 0.121248 0.124057 0.108525 0.105979 0.1073 0.109209 0.111535 0.110088 0.112843 0.112045 0.109937 0.112552
20201201 0.109144 0.110664 0.109246 0.109978 0.110966 0.112052 0.113243 0.113672 0.11695 0.117381 0.119135 0.11963 0.114733 0.116754 0.115493 0.114984 0.114263 0.118914 0.120041 0.123322 0.126968 0.126818 0.10969 0.111463 0.11342 0.113271 0.111207 0.11474 0.114364 0.112564 0.114405 0.115815
20201202 0.106627 0.107057 0.11139 0.11171 0.112298 0.112029 0.113097 0.113243 0.115314 0.118108 0.116852 0.116569 0.110244 0.118567 0.116714 0.116166 0.11552 0.117151 0.123124 0.119348 0.122653 0.126348 0.107679 0.112537 0.112525 0.110431 0.113275 0.112068 0.110817 0.112695 0.114414 0.118461
20201203 0.10597 0.105752 0.104787 0.111732 0.111909 0.113452 0.113489 0.115148 0.115997 0.116854 0.11723 0.117535 0.110793 0.115993 0.120992 0.119515 0.118143 0.119514 0.120529 0.125014 0.121809 0.125091 0.112846 0.114004 0.11184 0.113577 0.112296 0.110931 0.111822 0.114605 0.117625 0.119425
20201204 0.105681 0.105201 0.104678 0.105956 0.111081 0.111519 0.110953 0.110764 0.111524 0.112589 0.114405 0.114748 0.105109 0.109855 0.111654 0.11639 0.115607 0.115929 0.117566 0.1171 0.121735 0.119248 0.108276 0.109451 0.110644 0.110518 0.110057 0.10911 0.111201 0.113602 0.115126 0.1149
20201205 0.108283 0.108512 0.108065 0.108677 0.108972 0.113722 0.117 0.115639 0.116386 0.117866 0.116038 0.121048 0.111644 0.11263 0.115162 0.116292 0.11915 0.12038 0.1212 0.121398 0.121517 0.125066 0.113119 0.114276 0.110898 0.111307 0.111708 0.113854 0.115307 0.114229 0.114601 0.114755
20201206 0.111007 0.110109 0.108722 0.109713 0.109941 0.111142 0.11622 0.116145 0.115791 0.114946 0.115579 0.117078 0.110272 0.115798 0.114605 0.116466 0.116094 0.119131 0.121295 0.121365 0.120949 0.120717 0.114176 0.110828 0.110851 0.112359 0.113522 0.117293 0.116029 0.117046 0.117933 0.121874
20201207 0.112505 0.110737 0.108687 0.109624 0.109929 0.111324 0.111927 0.118203 0.118875 0.118601 0.119261 0.119415 0.114188 0.114569 0.113224 0.114153 0.115665 0.115125 0.120315 0.118919 0.119117 0.118052 0.111297 0.111227 0.111421 0.110438 0.113597 0.115381 0.115196 0.116003 0.118771 0.116512
20201208 0.107266 0.109815 0.108119 0.108562 0.108985 0.109967 0.11133 0.111243 0.114354 0.117085 0.116945 0.116518 0.112508 0.115873 0.116677 0.114703 0.116436 0.117572 0.118689 0.122936 0.120562 0.12115 0.108119 0.110408 0.11105 0.112696 0.114552 0.113748 0.114766 0.115813 0.115005 0.115387
20201209 0.107607 0.108546 0.111341 0.111434 0.112141 0.111516 0.11085 0.11253 0.114069 0.118396 0.120005 0.119722 0.111338 0.117413 0.119092 0.119802 0.120329 0.119849 0.121709 0.123511 0.126127 0.126606 0.110564 0.116024 0.117988 0.117734 0.118272 0.119283 0.119037 0.11803 0.118672 0.120346
20201210 0.10718 0.107974 0.106413 0.109674 0.110637 0.111322 0.111613 0.111696 0.114208 0.112918 0.11497 0.117593 0.108098 0.113372 0.11872 0.119028 0.119228 0.121143 0.11891 0.121164 0.123168 0.124978 0.113818 0.118488 0.116459 0.118558 0.118755 0.118203 0.116786 0.116788 0.118353 0.120393
20201211 0.10457 0.105075 0.104074 0.104704 0.108453 0.109218 0.108101 0.108809 0.108544 0.109684 0.110714 0.11399 0.105845 0.107889 0.11197 0.116866 0.116096 0.117182 0.117985 0.116204 0.117627 0.120013 0.109566 0.109968 0.111882 0.11095 0.110739 0.110147 0.111215 0.112743 0.115687 0.11537
20201212 0.103686 0.104549 0.103164 0.103897 0.10328 0.107964 0.108339 0.107603 0.109075 0.111022 0.111189 0.110199 0.106729 0.107095 0.109534 0.111434 0.114527 0.115712 0.116898 0.116517 0.119305 0.119823 0.108008 0.108837 0.108463 0.105163 0.105185 0.108457 0.111169 0.112409 0.114211 0.115638
20201213 0.107139 0.107049 0.105665 0.106693 0.106277 0.107142 0.112065 0.11155 0.111209 0.11141 0.11516 0.11408 0.10764 0.112896 0.110169 0.113105 0.115374 0.118723 0.120251 0.120489 0.122264 0.124273 0.109749 0.109431 0.107609 0.106846 0.110016 0.112479 0.114998 0.1153 0.116263 0.118739
20201214 0.107369 0.105715 0.104739 0.106027 0.1067 0.10792 0.107105 0.112784 0.111853 0.11135 0.11096 0.112827 0.107615 0.110931 0.112124 0.110614 0.11183 0.114748 0.117801 0.119917 0.120755 0.121814 0.107436 0.108885 0.106219 0.108705 0.110164 0.112546 0.113176 0.11308 0.116364 0.115957
20201215 0.102254 0.103808 0.103249 0.104038 0.104523 0.106413 0.107103 0.106493 0.110176 0.110625 0.109955 0.109243 0.105321 0.107699 0.108917 0.109859 0.109352 0.109951 0.112621 0.115372 0.119487 0.120804 0.103413 0.104285 0.106101 0.106978 0.107929 0.110216 0.109537 0.111449 0.112386 0.113626
20201216 0.0968888 0.0973098 0.101287 0.102462 0.102616 0.102996 0.10327 0.105187 0.105022 0.107907 0.108581 0.10991 0.104286 0.107811 0.107393 0.108086 0.111697 0.112329 0.112198 0.114825 0.11823 0.121361 0.100498 0.104124 0.105798 0.105233 0.108066 0.108202 0.107117 0.107856 0.109254 0.111329
20201217 0.0986753 0.0984407 0.0968297 0.102541 0.103276 0.104248 0.105813 0.108482 0.107283 0.106559 0.10949 0.109892 0.100769 0.109016 0.110818 0.109362 0.112229 0.115102 0.115384 0.114186 0.115603 0.120704 0.103072 0.10573 0.104392 0.105489 0.107008 0.105836 0.106856 0.108226 0.110693 0.114145
20201218 0.0976566 0.0969393 0.0959041 0.0971569 0.101848 0.102776 0.104167 0.104218 0.106569 0.106511 0.105518 0.10728 0.0991436 0.105619 0.107479 0.107832 0.106368 0.110937 0.111133 0.110634 0.111682 0.112738 0.100153 0.100246 0.10001 0.100462 0.101097 0.101452 0.102934 0.104848 0.107708 0.10876
20201219 0.0982427 0.0966112 0.0965239 0.0978928 0.0983423 0.101681 0.103243 0.10309 0.104112 0.105402 0.104214 0.103631 0.100244 0.102695 0.106756 0.10518 0.106596 0.106644 0.110619 0.109598 0.109557 0.111659 0.0983914 0.0990133 0.0989021 0.0985545 0.0996602 0.09988 0.10275 0.10459 0.105071 0.103531
20201220 0.103243 0.100428 0.099407 0.100908 0.101342 0.102157 0.10545 0.105741 0.10685 0.108378 0.109993 0.108002 0.104541 0.107735 0.108252 0.110405 0.109949 0.111903 0.112257 0.113755 0.11297 0.113233 0.105301 0.104109 0.102479 0.101549 0.101661 0.103286 0.105445 0.106347 0.103297 0.104688
20201221 0.106413 0.102634 0.101595 0.103179 0.103685 0.104973 0.106252 0.108998 0.10855 0.108904 0.110892 0.110178 0.10781 0.109485 0.111448 0.111545 0.114324 0.114488 0.116311 0.116706 0.116327 0.116987 0.104077 0.104045 0.10369 0.104268 0.104046 0.106798 0.107806 0.104756 0.105843 0.107338
20201222 0.100152 0.0986557 0.0977579 0.0990501 0.0995785 0.100913 0.102187 0.101966 0.10721 0.107045 0.108409 0.10969 0.106663 0.110407 0.110636 0.112206 0.114177 0.118228 0.116849 0.118123 0.11769 0.119492 0.100836 0.104482 0.104315 0.105711 0.106804 0.107199 0.105363 0.10378 0.107974 0.108076
20201223 0.101624 0.101995 0.103107 0.103713 0.10407 0.104855 0.106341 0.108454 0.108749 0.111885 0.110593 0.114481 0.104832 0.110758 0.113062 0.11381 0.113649 0.116657 0.121057 0.120042 0.119426 0.119024 0.105252 0.107675 0.109368 0.109484 0.108061 0.106517 0.104663 0.108455 0.109114 0.111687
20201224 0.102205 0.102543 0.101623 0.104552 0.104234 0.105286 0.105353 0.106563 0.107866 0.107075 0.114371 0.111682 0.105175 0.109973 0.113363 0.113914 0.11606 0.115625 0.117244 0.120887 0.119886 0.118089 0.105431 0.108232 0.109973 0.109105 0.106876 0.106537 0.107804 0.109108 0.110985 0.112273
20201225 0.105266 0.104411 0.103381 0.104577 0.109142 0.110539 0.110601 0.110048 0.111564 0.113374 0.112989 0.120711 0.107133 0.111507 0.114679 0.117358 0.117109 0.11854 0.119421 0.120849 0.121608 0.119162 0.108397 0.110296 0.110496 0.10766 0.10837 0.109451 0.110985 0.114059 0.113489 0.115804
20201226 0.108757 0.106953 0.105195 0.106193 0.107465 0.111799 0.112457 0.112323 0.11456 0.115634 0.117635 0.116974 0.111242 0.116495 0.118598 0.119502 0.121221 0.121637 0.122247 0.123752 0.125564 0.124743 0.110339 0.113392 0.109548 0.109765 0.109898 0.111441 0.114856 0.114416 0.116248 0.113808
20201227 0.10751 0.106366 0.104981 0.105739 0.106546 0.107922 0.112265 0.112468 0.112796 0.113845 0.115879 0.116374 0.110871 0.114405 0.117683 0.119692 0.119514 0.12088 0.123141 0.123199 0.123839 0.125724 0.11198 0.108983 0.108941 0.10985 0.110311 0.115463 0.115324 0.115497 0.114864 0.115451
20201228 0.104915 0.10413 0.103503 0.104719 0.104725 0.104711 0.10559 0.11101 0.110551 0.110788 0.110699 0.114589 0.104489 0.108039 0.111057 0.112412 0.113854 0.112868 0.116342 0.118038 0.117896 0.118446 0.103716 0.102955 0.106114 0.10602 0.110841 0.110325 0.10853 0.108679 0.107427 0.109591
20201229 0.100668 0.102467 0.102303 0.103227 0.103246 0.104067 0.104688 0.106833 0.111359 0.112389 0.110724 0.111921 0.104801 0.105432 0.108728 0.111344 0.112457 0.112346 0.111783 0.115365 0.115717 0.115622 0.10041 0.103753 0.103338 0.106944 0.106513 0.105172 0.104455 0.102367 0.105681 0.107155
20201230 0.0973218 0.0978209 0.101321 0.101722 0.102221 0.104146 0.102967 0.104208 0.106208 0.107992 0.10971 0.109232 0.101368 0.105643 0.106986 0.110771 0.110928 0.112861 0.11076 0.112231 0.115245 0.116881 0.102532 0.10293 0.107036 0.107431 0.105862 0.104924 0.104965 0.107319 0.108076 0.109917
20201231 0.101585 0.101019 0.100734 0.105401 0.106274 0.106576 0.108584 0.109521 0.108096 0.108944 0.110878 0.11292 0.101371 0.105315 0.108824 0.11109 0.114608 0.114175 0.11628 0.115173 0.116505 0.119781 0.104643 0.108242 0.108284 0.10735 0.106107 0.106238 0.108155 0.10805 0.109137 0.110966
20210819 0.105257 0.104868 0.104164 0.109802 0.110285 0.111394 0.111432 0.112661 0.113013 0.112763 0.118105 0.116484 0.10614 0.109771 0.113667 0.113624 0.113216 0.114069 0.113752 0.116303 0.117473 0.117399 0.107965 0.109138 0.110955 0.111529 0.112085 0.109059 0.109495 0.11433 0.115118 0.114815
20210820 0.108332 0.106524 0.104893 0.106056 0.111981 0.113039 0.114336 0.116227 0.115315 0.115475 0.116448 0.120031 0.109781 0.111812 0.11391 0.117439 0.118049 0.118867 0.119745 0.11956 0.120186 0.120429 0.111092 0.112371 0.11401 0.113952 0.110438 0.112177 0.117618 0.11791 0.117949 0.117914
20210821 0.109952 0.107059 0.105971 0.106741 0.107316 0.11037 0.111652 0.112131 0.114356 0.113175 0.114683 0.11504 0.109371 0.110599 0.110261 0.111913 0.115656 0.11589 0.116151 0.117397 0.117114 0.1184 0.110908 0.113603 0.11236 0.109455 0.111616 0.114611 0.11651 0.116816 0.116479 0.115803
20210822 0.107706 0.106139 0.104436 0.104996 0.10584 0.10596 0.112037 0.113714 0.113349 0.11371 0.11373 0.115973 0.108285 0.109754 0.110221 0.10815 0.111359 0.11555 0.115987 0.116036 0.119097 0.118262 0.111664 0.109462 0.1065 0.108215 0.110532 0.111598 0.11323 0.114023 0.112721 0.110426
20210823 0.110333 0.110376 0.109332 0.109668 0.109516 0.109533 0.11016 0.116436 0.116707 0.117692 0.117408 0.118444 0.109779 0.111406 0.113231 0.113976 0.111687 0.116497 0.122036 0.121671 0.121819 0.125125 0.109133 0.107071 0.108209 0.110881 0.111789 0.112008 0.114237 0.112948 0.110378 0.113634
20210824 0.10708 0.109911 0.110131 0.110931 0.111893 0.112161 0.113158 0.113157 0.117948 0.117779 0.11923 0.118779 0.110225 0.110486 0.113362 0.115175 0.116874 0.115039 0.118245 0.123283 0.122765 0.123556 0.104857 0.107004 0.110208 0.111275 0.11092 0.113246 0.112069 0.108058 0.111142 0.11316
20210825 0.104583 0.105263 0.107956 0.109379 0.110342 0.110636 0.109647 0.110896 0.111508 0.114188 0.116089 0.116311 0.107454 0.112447 0.111218 0.114163 0.115803 0.11644 0.115282 0.118599 0.123909 0.123573 0.107657 0.110768 0.11104 0.110597 0.112887 0.109678 0.106012 0.10916 0.109815 0.112266
20210826 0.106882 0.10641 0.105345 0.109696 0.111596 0.111666 0.111802 0.111582 0.112315 0.114321 0.115137 0.117936 0.106899 0.109257 0.113787 0.112785 0.114559 0.117123 0.115726 0.11533 0.118828 0.122393 0.109287 0.111301 0.109748 0.112095 0.109411 0.108797 0.111489 0.1109 0.11102 0.113233
20210827 0.105178 0.103732 0.103322 0.10479 0.109001 0.110546 0.110005 0.109717 0.110879 0.112419 0.1137 0.117933 0.106041 0.109608 0.112009 0.115751 0.114055 0.115064 0.117705 0.114872 0.115338 0.117831 0.109132 0.108276 0.109642 0.107316 0.107182 0.108594 0.108912 0.107845 0.110346 0.112391
20210828 0.108043 0.106511 0.105125 0.106061 0.106878 0.109914 0.110869 0.110457 0.112741 0.111824 0.113618 0.113086 0.107554 0.109201 0.11066 0.113158 0.11666 0.11423 0.115642 0.115662 0.115275 0.115317 0.109922 0.11254 0.108568 0.106243 0.107309 0.109297 0.110172 0.112239 0.113343 0.112822
20210829 0.106453 0.103524 0.102139 0.10334 0.104029 0.105432 0.108076 0.109007 0.112251 0.111893 0.111428 0.112278 0.106667 0.10895 0.110248 0.109158 0.111584 0.115768 0.113302 0.115466 0.115069 0.11507 0.109437 0.106475 0.104193 0.105595 0.108241 0.10937 0.111185 0.112392 0.110617 0.108469
20210830 0.103443 0.101296 0.0997567 0.101385 0.100795 0.102423 0.102163 0.108024 0.111075 0.113812 0.113836 0.11229 0.104633 0.10656 0.108815 0.110027 0.10748 0.11094 0.114889 0.113295 0.115468 0.115255 0.101139 0.102194 0.102925 0.103948 0.106567 0.107222 0.107822 0.106561 0.105252 0.106433
20210831 0.1022 0.103924 0.103043 0.104152 0.104975 0.105196 0.106933 0.106829 0.112506 0.111811 0.112709 0.112036 0.108594 0.109638 0.111346 0.112673 0.111539 0.109815 0.112949 0.116878 0.114986 0.116295 0.106529 0.107368 0.106714 0.110537 0.109871 0.109885 0.107873 0.108019 0.108859 0.111645
20210901 0.107007 0.106822 0.109982 0.110659 0.111221 0.112445 0.113642 0.112658 0.11339 0.115547 0.117066 0.11564 0.107036 0.113329 0.113068 0.113938 0.116114 0.114702 0.113055 0.115127 0.118037 0.116324 0.109687 0.111023 0.112738 0.111978 0.110817 0.107223 0.107617 0.107251 0.109552 0.110665
20210902 0.107196 0.106184 0.10586 0.111209 0.112191 0.112759 0.113549 0.113194 0.11532 0.114426 0.115386 0.11713 0.107302 0.111012 0.113938 0.114892 0.11479 0.116023 0.114723 0.112906 0.114322 0.115736 0.108654 0.111688 0.111468 0.1098 0.106227 0.107466 0.10592 0.107992 0.109689 0.112697
20210903 0.106196 0.105294 0.104985 0.105394 0.109683 0.1109 0.112971 0.112822 0.1134 0.115485 0.113916 0.117581 0.10933 0.111388 0.113432 0.116051 0.116083 0.115149 0.115781 0.114856 0.113536 0.114837 0.110556 0.113915 0.114078 0.109988 0.11002 0.107978 0.109813 0.113243 0.11567 0.118906
20210904 0.10921 0.109193 0.108611 0.108853 0.108982 0.112859 0.112954 0.115001 0.115163 0.117062 0.119308 0.118728 0.110054 0.113134 0.114829 0.116255 0.118962 0.118981 0.119017 0.119901 0.118716 0.117734 0.114428 0.118592 0.112945 0.113401 0.112479 0.113878 0.11687 0.119955 0.12204 0.118245
20210905 0.115914 0.115053 0.114284 0.1158 0.114913 0.117133 0.119642 0.120207 0.121482 0.120637 0.121349 0.123212 0.114558 0.116505 0.117698 0.118914 0.119997 0.121939 0.121295 0.122438 0.122854 0.123465 0.121184 0.116646 0.11627 0.117297 0.118247 0.118775 0.123176 0.12301 0.120388 0.119764
20210906 0.11956 0.11873 0.117975 0.118082 0.118032 0.117337 0.118741 0.122285 0.124338 0.125989 0.126933 0.124706 0.11829 0.118719 0.119619 0.119073 0.120861 0.121856 0.125814 0.124262 0.125066 0.125759 0.116909 0.119409 0.120203 0.120981 0.122249 0.125544 0.125635 0.12334 0.1233 0.126303
20210907 0.109861 0.114071 0.113572 0.11421 0.114296 0.11466 0.114229 0.114705 0.120802 0.119854 0.122374 0.124703 0.11564 0.117632 0.11692 0.118346 0.116727 0.118393 0.119881 0.123144 0.121607 0.121032 0.112492 0.114209 0.114956 0.116469 0.120028 0.119371 0.116653 0.116868 0.117829 0.121031
20210908 0.105368 0.105831 0.111341 0.111583 0.112194 0.111537 0.112646 0.110799 0.113353 0.116742 0.11721 0.121768 0.108367 0.112341 0.113801 0.113569 0.114383 0.112746 0.112648 0.115423 0.117644 0.117047 0.108175 0.111904 0.111548 0.116896 0.117712 0.114283 0.11416 0.113803 0.117095 0.119488
20210909 0.113658 0.11413 0.113591 0.118612 0.119394 0.119777 0.119772 0.119366 0.120171 0.123206 0.125862 0.130265 0.114983 0.120015 0.122162 0.123693 0.123048 0.12155 0.121198 0.1201 0.120704 0.124618 0.120287 0.119455 0.123282 0.126115 0.120236 0.118053 0.118195 0.120363 0.123813 0.126256
20210910 0.112844 0.113481 0.111832 0.11333 0.11867 0.11874 0.119415 0.119925 0.120657 0.121104 0.120866 0.123234 0.112646 0.11537 0.117961 0.120595 0.121453 0.118804 0.118443 0.118993 0.118859 0.120465 0.116095 0.120885 0.121937 0.118852 0.116305 0.114653 0.118352 0.120277 0.121471 0.123234
20210911 0.122371 0.121727 0.120218 0.120674 0.121378 0.126024 0.12714 0.127005 0.127347 0.12969 0.132855 0.129771 0.123529 0.125102 0.125664 0.126348 0.129185 0.129959 0.128894 0.129152 0.130255 0.130711 0.125628 0.128642 0.125891 0.122644 0.124894 0.127105 0.128129 0.128296 0.128919 0.125845
20210912 0.112386 0.11098 0.110662 0.111876 0.113246 0.11545 0.118088 0.118384 0.119063 0.121303 0.122793 0.126738 0.113371 0.116398 0.1161 0.116671 0.116415 0.119593 0.119179 0.11825 0.120011 0.120493 0.116563 0.114037 0.110111 0.113693 0.11618 0.115483 0.116062 0.118655 0.115924 0.118424
20210913 0.110981 0.109452 0.108777 0.110012 0.110396 0.111152 0.112063 0.115925 0.116801 0.117521 0.116797 0.122855 0.112966 0.112279 0.115012 0.115217 0.114616 0.115215 0.117682 0.115519 0.11449 0.116331 0.108088 0.107201 0.109373 0.112331 0.112862 0.111815 0.114573 0.113307 0.117819 0.114122
20210914 0.104792 0.105657 0.105397 0.106313 0.106926 0.107814 0.108747 0.109148 0.113777 0.11637 0.118183 0.116724 0.111302 0.115222 0.112585 0.114409 0.113484 0.113555 0.114811 0.116333 0.114848 0.113683 0.1041 0.109936 0.110747 0.111962 0.10931 0.112003 0.107899 0.112756 0.111747 0.109894
20210915 0.102107 0.103939 0.105788 0.106448 0.10708 0.109073 0.109418 0.110519 0.110948 0.117606 0.116027 0.117608 0.10804 0.11575 0.115047 0.11514 0.114932 0.113997 0.114449 0.115017 0.11611 0.115988 0.107302 0.110222 0.111431 0.109136 0.111887 0.10668 0.107523 0.108582 0.108579 0.110088
20210916 0.105614 0.106887 0.10597 0.110116 0.110211 0.110403 0.111847 0.113482 0.113429 0.115703 0.118886 0.119216 0.105979 0.112847 0.118791 0.118724 0.118628 0.118699 0.118211 0.118312 0.118938 0.11928 0.110035 0.111381 0.111843 0.113371 0.107893 0.109388 0.108249 0.10956 0.109591 0.111423
20210917 0.105435 0.106081 0.105238 0.106591 0.108979 0.109858 0.110626 0.111239 0.111641 0.113063 0.114797 0.117897 0.106282 0.107811 0.112856 0.119335 0.119878 0.120527 0.120049 0.119808 0.120515 0.119973 0.109386 0.11231 0.112299 0.107576 0.109938 0.106962 0.106453 0.10637 0.108856 0.113347
20210918 0.105703 0.107025 0.106584 0.10733 0.107602 0.109939 0.110762 0.111894 0.111942 0.113071 0.11292 0.115634 0.106777 0.108554 0.109182 0.113734 0.119447 0.118224 0.119788 0.118942 0.119208 0.118941 0.110683 0.113087 0.108331 0.111807 0.109959 0.107539 0.108245 0.111264 0.114631 0.114944
20210919 0.106716 0.106577 0.105472 0.106539 0.107504 0.107862 0.111453 0.111534 0.112985 0.114044 0.114907 0.114298 0.10592 0.108784 0.108014 0.109964 0.113267 0.118772 0.118775 0.118244 0.117913 0.118612 0.11222 0.109351 0.110371 0.109981 0.107821 0.109994 0.113599 0.114384 0.115528 0.116069
20210920 0.110259 0.108208 0.106809 0.108184 0.108966 0.109527 0.11063 0.113367 0.116146 0.114391 0.114449 0.116465 0.110894 0.113908 0.112556 0.113002 0.113613 0.113331 0.118934 0.121708 0.120417 0.120647 0.109047 0.110507 0.109717 0.11015 0.113896 0.115671 0.115546 0.114845 0.116509 0.115898
20210921 0.110604 0.112622 0.111426 0.112697 0.113688 0.115021 0.116327 0.116977 0.121169 0.124357 0.123683 0.124516 0.115683 0.118099 0.118571 0.117625 0.118256 0.117032 0.119186 0.124842 0.127677 0.126356 0.111715 0.114108 0.113479 0.11798 0.117824 0.118809 0.116218 0.116937 0.117498 0.118163
20210922 0.109119 0.109908 0.113715 0.114925 0.115642 0.116441 0.116976 0.118887 0.119309 0.123939 0.125991 0.131907 0.115585 0.121246 0.12223 0.12245 0.124815 0.123208 0.120877 0.124882 0.128957 0.131121 0.11383 0.116101 0.119993 0.12056 0.121523 0.119439 0.118166 0.120091 0.121787 0.125056
20210923 0.11066 0.110329 0.109162 0.11534 0.116062 0.118032 0.118978 0.118413 0.122384 0.122598 0.124753 0.123252 0.111583 0.117266 0.121442 0.12068 0.120987 0.122539 0.121551 0.120061 0.122632 0.127184 0.113781 0.119138 0.120251 0.121297 0.118998 0.117867 0.118471 0.118672 0.122304 0.123795
20210924 0.11079 0.109808 0.108972 0.109191 0.115769 0.115232 0.116795 0.117048 0.116488 0.119394 0.119448 0.123255 0.108988 0.113199 0.117097 0.120623 0.11977 0.120747 0.121047 0.121056 0.120459 0.121573 0.115423 0.119043 0.119053 0.118253 0.117066 0.117541 0.117412 0.118734 0.122049 0.123942
20210925 0.11119 0.110365 0.108986 0.109642 0.11002 0.117009 0.117753 0.118466 0.121044 0.119663 0.119902 0.120859 0.112063 0.111635 0.116128 0.118679 0.121409 0.120655 0.120317 0.120929 0.120276 0.120157 0.115544 0.117047 0.11665 0.114283 0.116868 0.117507 0.118709 0.121222 0.123483 0.121286
20210926 0.111696 0.11031 0.109227 0.110109 0.110708 0.112019 0.117983 0.117657 0.117879 0.121299 0.12197 0.124058 0.113604 0.116615 0.115727 0.118592 0.119127 0.123612 0.122962 0.122675 0.124179 0.123551 0.11549 0.115862 0.112479 0.116763 0.117184 0.118364 0.119894 0.122909 0.12184 0.122389
20210927 0.10952 0.108528 0.107123 0.107728 0.108179 0.10953 0.110834 0.116846 0.116377 0.114928 0.116245 0.115724 0.109473 0.112338 0.113282 0.112523 0.115724 0.115729 0.119372 0.118746 0.118318 0.120505 0.109579 0.108003 0.111315 0.11179 0.112637 0.11305 0.114407 0.115036 0.117127 0.117302
20210928 0.106185 0.10843 0.107493 0.108232 0.109413 0.109999 0.110304 0.111683 0.117259 0.119049 0.119017 0.120319 0.110766 0.113564 0.112595 0.113505 0.112986 0.116933 0.11675 0.119436 0.118999 0.119082 0.106799 0.11119 0.111548 0.112049 0.11254 0.114426 0.113456 0.114413 0.114844 0.114655
20210929 0.0997606 0.100652 0.10593 0.10612 0.106584 0.106677 0.107565 0.110229 0.109303 0.11547 0.117072 0.116989 0.104616 0.111091 0.112649 0.11127 0.112258 0.113256 0.115973 0.116236 0.12107 0.119334 0.106855 0.108362 0.10808 0.10839 0.110922 0.110313 0.109989 0.110647 0.110471 0.113561
20210930 0.103997 0.103127 0.102269 0.107583 0.108803 0.110285 0.110556 0.113898 0.112698 0.113016 0.114565 0.115546 0.102695 0.108412 0.111972 0.113442 0.112325 0.113 0.115106 0.117398 0.116078 0.11985 0.106415 0.108973 0.109162 0.110984 0.109903 0.109087 0.109735 0.109186 0.112262 0.116359
20211001 0.105964 0.105023 0.104503 0.105931 0.110161 0.110636 0.112022 0.11418 0.113807 0.115679 0.114517 0.119169 0.105597 0.108688 0.1112 0.114148 0.115454 0.114121 0.113605 0.116994 0.118516 0.117156 0.108768 0.111243 0.113275 0.110746 0.109422 0.112138 0.112033 0.114985 0.119273 0.118144
20211002 0.105783 0.104328 0.103992 0.10477 0.105782 0.109571 0.111512 0.112958 0.114613 0.113776 0.115565 0.11703 0.106402 0.105804 0.110301 0.111766 0.114568 0.114704 0.113382 0.11345 0.118084 0.120386 0.111037 0.112897 0.109612 0.108947 0.109887 0.110456 0.113243 0.117015 0.117703 0.114424
20211003 0.108541 0.107123 0.10735 0.108127 0.108714 0.109159 0.114337 0.1154 0.116238 0.118446 0.116618 0.119583 0.107486 0.106908 0.106555 0.109903 0.111335 0.114372 0.115265 0.11405 0.114913 0.118538 0.110145 0.109256 0.107615 0.108154 0.109029 0.11103 0.114901 0.115 0.112737 0.11549
20211004 0.113644 0.112507 0.112546 0.112499 0.113414 0.113797 0.116145 0.121946 0.119922 0.121789 0.123712 0.122092 0.11552 0.115904 0.115313 0.114596 0.116505 0.118291 0.120086 0.120481 0.120762 0.120885 0.112534 0.112229 0.110611 0.111709 0.113437 0.118416 0.117177 0.114754 0.116141 0.119538
20211005 0.108258 0.110885 0.111438 0.112103 0.113995 0.113634 0.114818 0.116638 0.121537 0.126027 0.125728 0.128304 0.115218 0.1179 0.116848 0.116347 0.115033 0.117714 0.119412 0.120115 0.120431 0.1218 0.110827 0.110315 0.110117 0.111771 0.115269 0.113903 0.111955 0.11156 0.114602 0.114195
20211006 0.106313 0.106989 0.111553 0.113078 0.113165 0.114013 0.114511 0.11325 0.115281 0.119976 0.122641 0.122372 0.109094 0.1155 0.116541 0.11579 0.114986 0.115062 0.116109 0.117691 0.117761 0.119769 0.106769 0.10878 0.111056 0.114043 0.113421 0.110373 0.110202 0.113228 0.114272 0.113912
20211007 0.107332 0.107003 0.106481 0.111118 0.112313 0.113537 0.113896 0.114668 0.115286 0.117314 0.117437 0.120345 0.110103 0.112951 0.117394 0.119162 0.118142 0.118314 0.116933 0.117724 0.120705 0.119356 0.111128 0.115005 0.117863 0.116965 0.113169 0.113341 0.115399 0.115552 0.115392 0.115238
20211008 0.107867 0.107109 0.106629 0.107128 0.111946 0.112909 0.11262 0.113808 0.115019 0.114705 0.117228 0.117295 0.108002 0.11155 0.112689 0.117094 0.11939 0.117587 0.118089 0.116914 0.117577 0.11908 0.112414 0.116165 0.115553 0.111785 0.110923 0.112632 0.113795 0.114888 0.114867 0.117077
20211009 0.10656 0.106877 0.10659 0.107347 0.107915 0.113887 0.114755 0.116192 0.11618 0.116522 0.117201 0.116642 0.10758 0.110451 0.11109 0.111632 0.11717 0.118876 0.115823 0.117607 0.1167 0.117547 0.111203 0.11162 0.107907 0.107302 0.1081 0.110425 0.112941 0.11439 0.115815 0.115912
20211010 0.10511 0.105336 0.105474 0.106511 0.10663 0.107105 0.11202 0.113304 0.111914 0.11325 0.113163 0.113621 0.104678 0.107029 0.106785 0.107733 0.108528 0.113771 0.114315 0.11412 0.114307 0.112853 0.107375 0.10539 0.103342 0.104058 0.104006 0.108729 0.111337 0.113956 0.114257 0.114291
20211011 0.106963 0.106918 0.107166 0.107556 0.108649 0.108657 0.108355 0.114219 0.114945 0.114944 0.116482 0.116342 0.10797 0.109242 0.110004 0.109225 0.110874 0.111617 0.114176 0.115974 0.116627 0.116536 0.106618 0.104916 0.105469 0.106341 0.109339 0.110947 0.114247 0.113038 0.11429 0.113811
20211012 0.104158 0.10633 0.106473 0.106664 0.107613 0.107056 0.108258 0.108367 0.113481 0.11382 0.11656 0.115189 0.107436 0.110254 0.110326 0.109805 0.110304 0.111069 0.11191 0.115708 0.115845 0.114691 0.103345 0.106565 0.107852 0.110077 0.111977 0.112761 0.112629 0.110977 0.111866 0.116387
20211013 0.103365 0.104333 0.107761 0.108928 0.10924 0.109363 0.110963 0.110423 0.111753 0.116575 0.118603 0.118514 0.107325 0.112411 0.113261 0.113068 0.111903 0.113832 0.114128 0.115366 0.120267 0.120753 0.106894 0.109669 0.111366 0.114282 0.115927 0.116616 0.114151 0.114621 0.119494 0.121375
20211014 0.106109 0.10651 0.106421 0.110822 0.11157 0.112614 0.112439 0.114242 0.113577 0.115191 0.117971 0.11801 0.105386 0.111604 0.115951 0.115742 0.115428 0.115691 0.118052 0.118381 0.119163 0.123218 0.109256 0.111814 0.11378 0.116295 0.116716 0.113631 0.114382 0.119698 0.121264 0.12408
20211015 0.104833 0.105139 0.104346 0.104821 0.108407 0.10921 0.10861 0.111754 0.113464 0.112533 0.112213 0.117269 0.106241 0.106562 0.111569 0.115361 0.115568 0.114143 0.114629 0.116491 0.117537 0.118298 0.108603 0.110168 0.11137 0.11069 0.107412 0.110231 0.113303 0.114418 0.117505 0.117574
20211016 0.110194 0.110068 0.10934 0.109504 0.109561 0.114377 0.113403 0.114272 0.114241 0.116778 0.11668 0.116656 0.111647 0.114437 0.114215 0.117774 0.121655 0.122403 0.120362 0.120429 0.121664 0.122067 0.113985 0.116295 0.113778 0.109104 0.111903 0.113539 0.115731 0.118269 0.118464 0.118906
20211017 0.108048 0.108133 0.107418 0.107576 0.107891 0.107915 0.112725 0.112579 0.112338 0.114515 0.116447 0.117478 0.108515 0.109983 0.112947 0.111966 0.116038 0.120144 0.12029 0.119642 0.118396 0.117638 0.114418 0.112891 0.110398 0.109852 0.112596 0.114956 0.116876 0.115878 0.115959 0.115106
20211018 0.110506 0.109364 0.108663 0.109431 0.109401 0.109487 0.109606 0.114278 0.114683 0.113748 0.117633 0.117355 0.112461 0.113587 0.112134 0.113858 0.113236 0.118752 0.123202 0.12467 0.123764 0.122042 0.112178 0.11218 0.113959 0.113494 0.114087 0.119216 0.117733 0.116049 0.116367 0.119278
20211019 0.109498 0.112138 0.11192 0.112266 0.112407 0.111732 0.110516 0.111216 0.1188 0.119865 0.119838 0.122984 0.112763 0.119281 0.117535 0.117069 0.11921 0.119447 0.124002 0.129044 0.128886 0.126827 0.109391 0.114554 0.112539 0.112313 0.115832 0.116354 0.114001 0.114931 0.11869 0.119498
20211020 0.105243 0.105889 0.109354 0.110465 0.111062 0.111768 0.111442 0.11322 0.113061 0.118553 0.118879 0.120286 0.110976 0.116403 0.120813 0.119441 0.116775 0.118974 0.119573 0.124408 0.129448 0.128198 0.111787 0.112957 0.115096 0.11561 0.118062 0.116329 0.114957 0.117792 0.117674 0.119037
20211021 0.110542 0.110619 0.110023 0.114644 0.115642 0.115362 0.117667 0.116245 0.117234 0.116676 0.119787 0.120592 0.107671 0.116774 0.12128 0.123029 0.121746 0.12041 0.121865 0.122202 0.12422 0.129684 0.111742 0.116427 0.116068 0.119012 0.118231 0.116255 0.118171 0.120634 0.121083 0.123126
20211022 0.10726 0.106959 0.106467 0.107495 0.111727 0.11268 0.112702 0.11517 0.115874 0.115627 0.117514 0.120477 0.111321 0.11078 0.115866 0.122042 0.121773 0.120683 0.122018 0.122813 0.121279 0.122688 0.112195 0.116311 0.115876 0.114794 0.114987 0.116171 0.118232 0.119424 0.120845 0.12491
20211023 0.105799 0.105343 0.104216 0.105578 0.106933 0.111464 0.111975 0.111843 0.112886 0.113156 0.113309 0.117369 0.107085 0.113502 0.110412 0.1129 0.118579 0.121026 0.122926 0.122385 0.122719 0.121863 0.112688 0.113471 0.110025 0.110168 0.113853 0.114645 0.11629 0.117924 0.120559 0.11911
20211024 0.108536 0.106874 0.106163 0.107409 0.107947 0.10827 0.112271 0.114357 0.113416 0.11596 0.115724 0.115395 0.108982 0.111791 0.1132 0.110956 0.113658 0.117832 0.122301 0.123321 0.122314 0.123442 0.11371 0.11164 0.108474 0.111848 0.11379 0.114373 0.115307 0.116902 0.116718 0.117268
20211025 0.109093 0.106259 0.105864 0.106786 0.107732 0.109268 0.110506 0.115393 0.115598 0.116086 0.116636 0.119251 0.109647 0.112282 0.111366 0.110828 0.112263 0.113886 0.119115 0.119095 0.119829 0.11863 0.110207 0.108892 0.109356 0.111896 0.112384 0.111243 0.116667 0.11588 0.114842 0.115482
20211026 0.105975 0.105104 0.104634 0.105865 0.106233 0.108088 0.109339 0.11006 0.114908 0.116055 0.115934 0.115215 0.10894 0.114252 0.11228 0.111723 0.113401 0.115055 0.116443 0.122032 0.118642 0.120131 0.10634 0.108554 0.108637 0.110067 0.110203 0.115949 0.115368 0.112543 0.113568 0.116099
20211027 0.102756 0.103165 0.103467 0.104322 0.105232 0.107015 0.107369 0.108196 0.111983 0.114601 0.114323 0.116086 0.108026 0.113063 0.117764 0.114785 0.115024 0.117117 0.116023 0.118529 0.120446 0.119775 0.108078 0.107716 0.107846 0.110636 0.11123 0.112082 0.10781 0.109377 0.111721 0.114216
20211028 0.103839 0.103324 0.102746 0.106526 0.106659 0.108095 0.107952 0.108958 0.111445 0.111494 0.116759 0.114931 0.102763 0.109192 0.112843 0.115948 0.114014 0.113827 0.115097 0.113537 0.115687 0.118307 0.1066 0.107228 0.108551 0.108514 0.107206 0.105534 0.10779 0.110236 0.112701 0.111483
20211029 0.103097 0.101834 0.100988 0.101894 0.105309 0.105183 0.105841 0.106081 0.109212 0.109102 0.108782 0.112959 0.102973 0.104714 0.108009 0.11172 0.114258 0.112343 0.113107 0.111963 0.111977 0.112964 0.106427 0.107283 0.107129 0.103879 0.101519 0.105024 0.107767 0.109855 0.109913 0.111271
20211030 0.10535 0.104314 0.10224 0.102868 0.103692 0.106627 0.10708 0.1054 0.108238 0.10918 0.110817 0.109822 0.105529 0.106569 0.107774 0.109946 0.113624 0.115744 0.110792 0.114099 0.112817 0.113036 0.108364 0.1071 0.106385 0.102693 0.103943 0.107298 0.109996 0.110826 0.112329 0.10879
20211031 0.11295 0.111628 0.109777 0.109924 0.110022 0.110922 0.113602 0.113846 0.115398 0.117381 0.116516 0.11809 0.11073 0.114572 0.114455 0.114375 0.117686 0.120099 0.120369 0.116848 0.11987 0.118438 0.114669 0.114002 0.112087 0.112024 0.116883 0.118589 0.11995 0.120501 0.117498 0.12062
20211101 0.109872 0.109137 0.107035 0.107373 0.10786 0.108082 0.108713 0.112008 0.113739 0.115075 0.117561 0.116177 0.110388 0.113556 0.113305 0.114566 0.114167 0.118951 0.12108 0.12249 0.123318 0.124637 0.112503 0.112759 0.114181 0.116587 0.117311 0.118149 0.120139 0.11882 0.119494 0.122526
20211102 0.109481 0.110545 0.109436 0.109945 0.110685 0.111329 0.112766 0.112989 0.114746 0.115562 0.117417 0.118473 0.109994 0.114112 0.115007 0.115393 0.118141 0.117502 0.121909 0.124784 0.12614 0.126223 0.110583 0.113162 0.115066 0.115648 0.116873 0.117487 0.116511 0.116108 0.119812 0.119513
20211103 0.106076 0.106421 0.107601 0.10816 0.108208 0.108552 0.109398 0.109211 0.111783 0.115638 0.114201 0.116875 0.109047 0.114621 0.113399 0.114543 0.115416 0.117948 0.117108 0.120205 0.122645 0.122497 0.109884 0.11326 0.113898 0.114799 0.11436 0.113873 0.115149 0.116837 0.117577 0.120909
20211104 0.10507 0.10487 0.103314 0.107858 0.107766 0.108199 0.108333 0.10945 0.110321 0.110752 0.114787 0.115876 0.106598 0.110986 0.115845 0.11257 0.113319 0.113582 0.114588 0.114348 0.117093 0.117877 0.108871 0.110577 0.111511 0.111365 0.108841 0.109953 0.110596 0.111395 0.114463 0.113541
20211105 0.103923 0.103713 0.101583 0.102303 0.10588 0.106129 0.106878 0.106753 0.10754 0.110792 0.107718 0.111037 0.103587 0.106805 0.109104 0.113882 0.112279 0.111543 0.113018 0.112111 0.113281 0.115311 0.106712 0.110207 0.110189 0.106438 0.105951 0.107788 0.10658 0.110678 0.110299 0.112364
20211106 0.101277 0.101535 0.100622 0.100959 0.100953 0.105445 0.105288 0.107563 0.107781 0.107473 0.111556 0.107349 0.102084 0.103145 0.104303 0.107022 0.11133 0.112276 0.111019 0.111988 0.110651 0.112252 0.105448 0.10783 0.103095 0.101797 0.104264 0.10356 0.10696 0.107285 0.108971 0.108353
20211107 0.103648 0.103533 0.102456 0.103572 0.103102 0.104032 0.107192 0.108715 0.109585 0.110931 0.111371 0.113524 0.1051 0.106013 0.10696 0.107801 0.111302 0.115706 0.114428 0.114144 0.11465 0.113001 0.107558 0.106462 0.104739 0.106871 0.106034 0.10793 0.110303 0.112325 0.111262 0.110724
20211108 0.106314 0.105122 0.104571 0.105088 0.105717 0.106086 0.105396 0.109492 0.110217 0.110819 0.110794 0.113778 0.106402 0.108008 0.108138 0.109195 0.110751 0.113668 0.117591 0.113162 0.115202 0.113948 0.107088 0.105728 0.105936 0.106036 0.108045 0.109461 0.111676 0.110661 0.107981 0.110047
20211109 0.104077 0.106332 0.106045 0.106888 0.10669 0.107447 0.107255 0.108663 0.114283 0.113966 0.114791 0.112593 0.107994 0.108907 0.108428 0.10967 0.112455 0.113168 0.115227 0.118575 0.115332 0.118862 0.104716 0.106806 0.10686 0.110223 0.108591 0.109957 0.108059 0.107778 0.10816 0.110478
20211110 0.103868 0.104391 0.107947 0.109043 0.109727 0.109473 0.109947 0.112189 0.111116 0.117528 0.116631 0.117263 0.107165 0.111791 0.111459 0.111431 0.112893 0.115208 0.115419 0.117128 0.119817 0.119322 0.106737 0.107485 0.109319 0.10892 0.109948 0.107107 0.109069 0.110154 0.111623 0.111863
20211111 0.105669 0.105328 0.104716 0.109854 0.11058 0.111485 0.111034 0.110655 0.112867 0.11507 0.119136 0.119345 0.106879 0.110764 0.113181 0.112104 0.113742 0.115189 0.115879 0.116566 0.118515 0.121949 0.10871 0.110008 0.110765 0.111675 0.108328 0.107026 0.110298 0.111249 0.111927 0.113579
20211112 0.10997 0.108898 0.108071 0.108431 0.112857 0.114103 0.114012 0.116272 0.114733 0.117335 0.117864 0.120748 0.110431 0.11162 0.116304 0.119152 0.117103 0.119358 0.120715 0.120957 0.121463 0.123798 0.112798 0.114846 0.115344 0.111537 0.109295 0.111803 0.112658 0.115003 0.115544 0.117849
20211113 0.111245 0.110363 0.109144 0.110128 0.110425 0.11449 0.114679 0.116833 0.118685 0.115266 0.120745 0.118589 0.112305 0.114411 0.115459 0.120047 0.122762 0.121312 0.12487 0.125232 0.125853 0.125882 0.116358 0.117308 0.11451 0.112892 0.114268 0.115961 0.117493 0.118867 0.120262 0.121492
20211114 0.104844 0.103493 0.102818 0.103374 0.103337 0.10455 0.108423 0.107862 0.11186 0.111159 0.112068 0.11309 0.104675 0.105829 0.106341 0.10771 0.109936 0.113536 0.112619 0.11545 0.117471 0.118514 0.108202 0.107617 0.10555 0.106708 0.107845 0.107868 0.109183 0.110669 0.113132 0.111613
20211115 0.102143 0.10027 0.0993949 0.10034 0.10021 0.101713 0.102389 0.105857 0.106278 0.10963 0.110525 0.109968 0.102425 0.105333 0.10425 0.10515 0.105984 0.107365 0.110219 0.111037 0.112927 0.114136 0.10265 0.0991137 0.100903 0.103289 0.103577 0.104418 0.104752 0.106976 0.106468 0.108395
20211116 0.0994574 0.100731 0.100508 0.101872 0.102775 0.102163 0.102593 0.102916 0.108432 0.108345 0.107526 0.109235 0.10246 0.104918 0.107439 0.107165 0.107911 0.108331 0.111686 0.114863 0.114685 0.115187 0.0964169 0.0980098 0.0985606 0.0992992 0.101226 0.102688 0.103703 0.103499 0.106374 0.10658
20211117 0.0991592 0.0996765 0.100049 0.1009 0.101395 0.102444 0.103087 0.104304 0.104935 0.111397 0.109525 0.108456 0.104012 0.108464 0.110558 0.112962 0.111463 0.111481 0.111989 0.114591 0.118288 0.116132 0.101141 0.10336 0.102502 0.104036 0.105926 0.107065 0.106002 0.106712 0.108396 0.110179
20211118 0.101226 0.101134 0.100298 0.104864 0.105383 0.105482 0.106296 0.106792 0.106968 0.108448 0.112245 0.111478 0.101878 0.105885 0.109914 0.113395 0.11478 0.113065 0.113324 0.113476 0.115709 0.116922 0.104304 0.105183 0.105846 0.108205 0.108568 0.108833 0.107651 0.110007 0.109381 0.110119
20211119 0.101177 0.100534 0.100202 0.101001 0.105809 0.105447 0.106371 0.106403 0.107583 0.108482 0.108693 0.115658 0.102411 0.104259 0.106567 0.110472 0.113439 0.115126 0.1141 0.11348 0.113705 0.1137 0.103873 0.105654 0.106605 0.103899 0.10532 0.105289 0.109013 0.109697 0.109573 0.110883
20211120 0.10445 0.103399 0.102628 0.103597 0.103789 0.107153 0.107537 0.107412 0.108249 0.110227 0.110221 0.111792 0.106023 0.10768 0.108087 0.108767 0.113703 0.116155 0.116345 0.114827 0.113844 0.114216 0.107935 0.109534 0.107349 0.105017 0.106495 0.109477 0.112009 0.112755 0.113645 0.11128
20211121 0.10476 0.104426 0.103532 0.10382 0.104377 0.104928 0.107964 0.109491 0.107974 0.109868 0.110058 0.110449 0.105296 0.109014 0.108107 0.106984 0.10934 0.113573 0.115162 0.114287 0.11294 0.112825 0.108871 0.108968 0.103233 0.104518 0.105661 0.107639 0.109559 0.1094 0.1073 0.106747
20211122 0.104685 0.10384 0.103111 0.10289 0.10367 0.104466 0.104529 0.108836 0.108463 0.107482 0.109763 0.107837 0.105183 0.106164 0.107677 0.106772 0.107597 0.110864 0.112414 0.113987 0.114458 0.114684 0.105238 0.103696 0.101952 0.103703 0.10479 0.105753 0.106542 0.104588 0.104872 0.107493
20211123 0.103184 0.104127 0.103441 0.104254 0.105635 0.106234 0.106468 0.107592 0.111037 0.11326 0.114288 0.112726 0.107651 0.11048 0.110447 0.109905 0.111707 0.112004 0.113464 0.11563 0.117498 0.11918 0.104594 0.105074 0.104909 0.107328 0.106703 0.107105 0.106195 0.109568 0.110824 0.110662
20211124 0.102854 0.10363 0.107063 0.108632 0.109875 0.110207 0.111053 0.11115 0.110915 0.114799 0.116414 0.117212 0.106098 0.110929 0.113205 0.111801 0.112482 0.11491 0.113951 0.112768 0.116546 0.11799 0.105406 0.106399 0.108332 0.108831 0.108436 0.106068 0.108991 0.108985 0.109568 0.114203
20211125 0.100097 0.101595 0.101244 0.105353 0.105438 0.106176 0.106338 0.108369 0.110125 0.11035 0.112927 0.115687 0.102668 0.108789 0.112457 0.113287 0.112719 0.113607 0.114983 0.114908 0.112451 0.116618 0.104578 0.106434 0.10688 0.107352 0.102885 0.104555 0.104849 0.105524 0.108865 0.11563
20211126 0.101724 0.100596 0.099937 0.100702 0.104207 0.104993 0.105031 0.106072 0.106557 0.108911 0.1085 0.111675 0.10196 0.104856 0.108018 0.111833 0.112476 0.11216 0.111392 0.113388 0.112612 0.112312 0.10443 0.105458 0.105529 0.102195 0.103593 0.1028 0.103674 0.106944 0.112992 0.114022
20211127 0.102147 0.102557 0.101856 0.103036 0.103189 0.108685 0.107951 0.108086 0.108703 0.110664 0.112412 0.11115 0.103682 0.107116 0.106133 0.110688 0.11328 0.113494 0.112461 0.112676 0.114303 0.114208 0.106038 0.106513 0.103308 0.105071 0.104644 0.104592 0.107124 0.111088 0.112035 0.108218
20211128 0.103094 0.102482 0.102012 0.102854 0.103661 0.103449 0.108211 0.109269 0.10929 0.110062 0.110667 0.110474 0.102839 0.105802 0.107957 0.106772 0.11036 0.111952 0.111989 0.111718 0.112259 0.113811 0.105541 0.102906 0.10337 0.104366 0.104343 0.107387 0.111013 0.110681 0.105947 0.107844
20211129 0.10709 0.106813 0.106733 0.106611 0.106487 0.107173 0.107138 0.11241 0.112181 0.112649 0.114736 0.113589 0.107972 0.108526 0.11208 0.114809 0.11251 0.113982 0.115959 0.117053 0.116173 0.11622 0.104813 0.105514 0.106394 0.108755 0.110403 0.113892 0.112689 0.109867 0.110809 0.110281
20211130 0.106016 0.107631 0.1072 0.10781 0.108925 0.109112 0.109491 0.111203 0.113038 0.113976 0.114781 0.11552 0.110734 0.1135 0.11283 0.115462 0.117522 0.114182 0.116245 0.118397 0.120805 0.119449 0.107425 0.109061 0.109936 0.111802 0.115305 0.113531 0.113379 0.112779 0.111777 0.11477
20211201 0.102512 0.102921 0.106827 0.108078 0.108786 0.110083 0.111145 0.110044 0.109712 0.11307 0.112714 0.115383 0.10599 0.111255 0.113951 0.112077 0.113436 0.114704 0.112595 0.115457 0.11629 0.116638 0.105915 0.10804 0.109586 0.112403 0.111228 0.110411 0.107936 0.108574 0.108855 0.113826
20211202 0.102524 0.101413 0.101615 0.10754 0.108164 0.108542 0.108829 0.109329 0.110588 0.110226 0.112167 0.112386 0.10206 0.107332 0.111958 0.113844 0.11235 0.113207 0.11352 0.112284 0.115221 0.117081 0.105137 0.108299 0.110822 0.109923 0.10821 0.107248 0.109177 0.108477 0.112911 0.115468
20211203 0.109331 0.108387 0.108424 0.109538 0.113771 0.115014 0.114572 0.115533 0.11688 0.117382 0.121824 0.121993 0.111209 0.112222 0.114529 0.118648 0.119086 0.118426 0.118358 0.120021 0.118875 0.121363 0.114199 0.119568 0.116989 0.113326 0.113087 0.113113 0.114867 0.116266 0.117891 0.121899
20211204 0.115503 0.115023 0.115361 0.115991 0.116631 0.120944 0.123315 0.124034 0.125223 0.124807 0.126197 0.12617 0.118512 0.119643 0.118696 0.123105 0.125506 0.126463 0.126801 0.126104 0.128672 0.126034 0.121733 0.122264 0.11957 0.118525 0.118002 0.118466 0.121178 0.123319 0.125549 0.122354
20211205 0.111562 0.111465 0.112659 0.113209 0.112943 0.113465 0.119502 0.12063 0.119919 0.121312 0.124935 0.123794 0.112462 0.119263 0.117176 0.11547 0.121624 0.123462 0.125218 0.126919 0.126277 0.12714 0.116396 0.117967 0.112875 0.114553 0.11249 0.116608 0.119926 0.120056 0.11635 0.117682
20211206 0.109561 0.109064 0.10899 0.109688 0.109686 0.109662 0.110525 0.116478 0.11592 0.117244 0.11632 0.119552 0.111143 0.116205 0.116659 0.114576 0.115557 0.118404 0.121108 0.122024 0.124252 0.123177 0.112879 0.110251 0.110797 0.111307 0.111708 0.114648 0.11643 0.112004 0.114389 0.114552
20211207 0.110366 0.112697 0.112857 0.113302 0.113697 0.113144 0.114376 0.114392 0.118257 0.119684 0.118423 0.119209 0.113498 0.118009 0.119987 0.117675 0.117385 0.117534 0.11966 0.121975 0.123325 0.126246 0.112383 0.113076 0.115146 0.114637 0.115152 0.116955 0.114051 0.115636 0.117733 0.119356
20211208 0.106031 0.106218 0.108925 0.110212 0.111514 0.112051 0.112434 0.113538 0.114048 0.117988 0.117724 0.116461 0.107564 0.111726 0.115077 0.115785 0.116051 0.114295 0.1133 0.117284 0.11802 0.119905 0.108791 0.11135 0.11178 0.113234 0.114484 0.110383 0.112853 0.113012 0.11558 0.11866
20211209 0.103604 0.10277 0.101402 0.103768 0.104346 0.10601 0.106339 0.106383 0.106794 0.109075 0.112688 0.114196 0.103862 0.107331 0.109775 0.112336 0.113826 0.113993 0.112796 0.111943 0.115623 0.116343 0.107731 0.108913 0.110826 0.111355 0.106148 0.108985 0.110882 0.114054 0.116477 0.115774
20211210 0.101672 0.100327 0.0997605 0.101056 0.104832 0.105178 0.106042 0.105426 0.104969 0.106974 0.107164 0.109732 0.102685 0.102977 0.105734 0.10882 0.110107 0.11199 0.114176 0.111439 0.110571 0.114613 0.104476 0.108077 0.107921 0.101801 0.102796 0.10437 0.108889 0.110442 0.11059 0.110409
20211211 0.10421 0.103457 0.101971 0.102491 0.102988 0.106666 0.106894 0.108502 0.108986 0.109891 0.11092 0.110939 0.105881 0.10852 0.107483 0.1097 0.112354 0.114702 0.115504 0.115858 0.113726 0.113103 0.108594 0.10934 0.103616 0.104342 0.104245 0.10953 0.109994 0.112054 0.112983 0.111285
20211212 0.112679 0.112109 0.111564 0.111509 0.111345 0.112139 0.114844 0.114692 0.117424 0.119255 0.117841 0.118699 0.11231 0.116337 0.116181 0.116556 0.117979 0.120138 0.124162 0.124281 0.122306 0.122356 0.116037 0.110501 0.112408 0.111507 0.115008 0.114391 0.119764 0.12049 0.118991 0.117488
20211213 0.109761 0.109032 0.108562 0.109921 0.110067 0.10982 0.110043 0.113634 0.112851 0.114218 0.118322 0.11535 0.111362 0.11271 0.115406 0.115004 0.115192 0.115651 0.117754 0.120811 0.121105 0.120793 0.107882 0.107998 0.110482 0.113642 0.112664 0.115782 0.116464 0.115704 0.112028 0.115792
20211214 0.10827 0.109178 0.107766 0.109002 0.110161 0.110762 0.111684 0.111934 0.114851 0.114856 0.11564 0.115275 0.112897 0.116411 0.115959 0.117989 0.118541 0.11652 0.118877 0.117476 0.121273 0.121104 0.108168 0.110511 0.114411 0.112355 0.113265 0.11448 0.113403 0.109932 0.113745 0.113945
20211215 0.10453 0.10528 0.107195 0.107948 0.109452 0.109761 0.110075 0.110313 0.109736 0.114628 0.114696 0.115558 0.107822 0.112633 0.116494 0.115972 0.11754 0.119415 0.118194 0.120508 0.117542 0.12036 0.106804 0.112664 0.111469 0.110158 0.112062 0.110224 0.108551 0.111695 0.113002 0.111962
20211216 0.107617 0.10771 0.106925 0.109359 0.109622 0.111153 0.111869 0.113342 0.113745 0.114894 0.117329 0.118456 0.110432 0.113582 0.116839 0.119523 0.119088 0.119895 0.122475 0.122652 0.122258 0.121059 0.110601 0.113643 0.114015 0.115615 0.110798 0.109847 0.112515 0.113156 0.112976 0.114558
20211217 0.10175 0.101252 0.100375 0.101017 0.10418 0.104748 0.106305 0.107228 0.107373 0.108894 0.110673 0.112861 0.107068 0.110552 0.112418 0.115105 0.115266 0.118061 0.118725 0.119071 0.118112 0.115138 0.107716 0.111154 0.113315 0.1064 0.104162 0.105427 0.10666 0.106876 0.108878 0.110002
20211218 0.104144 0.103289 0.102826 0.103007 0.104399 0.107156 0.107104 0.107943 0.112302 0.112193 0.11148 0.112284 0.104682 0.10951 0.111608 0.113371 0.114293 0.113663 0.117207 0.117342 0.11806 0.116065 0.109187 0.112094 0.105282 0.103423 0.103163 0.105323 0.105192 0.10583 0.107948 0.10838
20211219 0.111956 0.111068 0.11133 0.112668 0.11301 0.11219 0.115626 0.114801 0.114359 0.116422 0.117946 0.117312 0.111649 0.115671 0.116023 0.117125 0.119645 0.12048 0.12091 0.123232 0.123547 0.125021 0.117202 0.111857 0.110709 0.109852 0.111037 0.112335 0.112025 0.115434 0.11501 0.113967
20211220 0.109277 0.107879 0.107192 0.107571 0.108966 0.109647 0.113108 0.114624 0.116246 0.115487 0.11762 0.116703 0.110595 0.114285 0.116341 0.115741 0.115204 0.119723 0.120429 0.121129 0.120846 0.120631 0.109681 0.107888 0.10924 0.110982 0.111849 0.113603 0.114629 0.113469 0.113513 0.112423
20211221 0.103742 0.105216 0.105471 0.105972 0.106725 0.109062 0.107995 0.110702 0.11445 0.115813 0.115237 0.115737 0.11085 0.110508 0.111656 0.113567 0.114007 0.115097 0.117115 0.1187 0.119818 0.117877 0.103279 0.107174 0.108219 0.109378 0.111282 0.111574 0.109334 0.108656 0.108764 0.108918
20211222 0.100516 0.101323 0.104582 0.105374 0.106395 0.107091 0.108341 0.107646 0.11005 0.113035 0.114328 0.112838 0.106152 0.113531 0.112948 0.113142 0.113012 0.11385 0.114751 0.116077 0.116747 0.11713 0.104868 0.107024 0.107985 0.108964 0.109721 0.106496 0.107246 0.108833 0.110106 0.110886
20211223 0.103497 0.103704 0.103474 0.108638 0.109326 0.109476 0.110625 0.112431 0.113855 0.112567 0.116405 0.115661 0.104322 0.109833 0.113824 0.113878 0.114171 0.113319 0.112772 0.114869 0.115798 0.115464 0.106617 0.107229 0.107162 0.10895 0.1063 0.108419 0.108698 0.110391 0.111016 0.114327
20211224 0.105385 0.104516 0.104294 0.105177 0.110412 0.111736 0.111545 0.113611 0.112333 0.113897 0.113012 0.115315 0.105701 0.108633 0.110185 0.11374 0.113041 0.11406 0.114129 0.114357 0.11735 0.115967 0.108694 0.108212 0.109034 0.106737 0.107181 0.108043 0.109776 0.110295 0.112947 0.115455
20211225 0.102299 0.100618 0.0998633 0.100634 0.101189 0.104731 0.106173 0.106291 0.1066 0.105567 0.108424 0.109014 0.10375 0.105008 0.105516 0.10737 0.110923 0.110453 0.111762 0.112372 0.114456 0.116176 0.103687 0.105995 0.104783 0.105563 0.105506 0.107612 0.107633 0.110218 0.112233 0.113737
20211226 0.100502 0.10001 0.0988216 0.0991111 0.100078 0.0993421 0.102034 0.103014 0.103573 0.105652 0.104797 0.1053 0.101066 0.105581 0.105826 0.106052 0.106966 0.109963 0.109333 0.110662 0.110286 0.111989 0.103682 0.102954 0.103226 0.103032 0.105139 0.105528 0.108454 0.108462 0.11039 0.112141
20211227 0.103628 0.10428 0.102514 0.10279 0.103589 0.103471 0.103678 0.106599 0.108764 0.108759 0.109677 0.109265 0.10349 0.104292 0.106328 0.106487 0.107753 0.110227 0.113179 0.112788 0.112139 0.112922 0.103374 0.104425 0.104457 0.106196 0.105891 0.109401 0.11074 0.111657 0.112304 0.113772
20211228 0.10062 0.103619 0.101618 0.102247 0.102439 0.102804 0.103901 0.104759 0.107838 0.110209 0.107061 0.110351 0.103623 0.104963 0.105344 0.105578 0.106494 0.108243 0.110433 0.112825 0.113149 0.113192 0.102479 0.103174 0.104373 0.104059 0.106988 0.109759 0.110357 0.110209 0.113415 0.113195
20211229 0.0988113 0.0992044 0.101946 0.10245 0.103224 0.103336 0.103476 0.102335 0.103034 0.109829 0.110005 0.109469 0.100277 0.104242 0.105474 0.105905 0.106345 0.107409 0.107886 0.110211 0.111948 0.11269 0.0998639 0.101848 0.102526 0.104729 0.107287 0.107879 0.107948 0.111171 0.110969 0.113027
20211230 0.101363 0.101091 0.0989145 0.103389 0.104497 0.104935 0.105991 0.105806 0.106437 0.107751 0.1125 0.113921 0.103652 0.105381 0.108224 0.109009 0.108593 0.110452 0.111481 0.110774 0.11333 0.115812 0.103775 0.106511 0.10911 0.110455 0.109915 0.110891 0.112441 0.111031 0.115853 0.116148
20211231 0.105097 0.104741 0.104272 0.104925 0.108724 0.109324 0.10942 0.109842 0.111694 0.110949 0.11396 0.11707 0.105663 0.108903 0.109785 0.112461 0.11227 0.111783 0.113873 0.114608 0.113955 0.116178 0.108287 0.11251 0.113877 0.111931 0.113275 0.115273 0.114437 0.118657 0.119081 0.118314
