20191224 1.89879 1.93504 1.88419 1.89086 1.91845 1.93298 1.97613 2.00089 2.03998 2.11451 2.13521 2.1301 1.8873 2.03385 2.01346 2.02706 2.0677 1.94699 2.05746 2.11472 2.10488 2.17783 1.80329 1.95681 1.91225 1.8828 1.97473 1.97279 1.9215 1.95778 2.08152 2.0102
20191225 1.78885 1.80068 1.86983 1.91309 1.93759 1.98735 1.99419 1.98926 2.03427 2.18678 2.18921 2.19822 1.97547 2.00495 2.07767 2.03881 2.12019 2.11115 2.05022 2.09092 2.19123 2.11615 1.91433 2.01668 1.90735 1.93912 1.95371 1.92208 1.96369 2.15108 2.01049 2.03199
20191226 1.85571 1.82932 1.76789 1.93738 1.97147 2.01073 1.97557 2.03121 2.069 1.96087 2.17685 2.18043 1.94409 2.08249 2.10408 2.14792 2.14753 2.22246 2.22652 2.13589 2.20065 2.2304 2.0076 2.03582 2.06302 2.09242 2.04401 2.09919 2.23369 2.20967 2.12944 2.21202
20191227 1.75155 1.72332 1.68398 1.73036 1.85343 1.84816 1.89985 1.88353 1.90442 1.96172 2.03641 2.04922 1.75468 1.95021 1.98747 2.05954 2.13315 2.15793 2.15496 2.16024 2.09658 2.15863 1.8717 1.9609 1.99399 1.98281 1.98087 2.10612 2.14282 1.97883 2.12251 2.08883
20191229 1.80316 1.75817 1.72658 1.77242 1.81061 1.80131 1.88471 1.90295 2.00291 1.97484 1.99983 1.91761 1.80873 1.90549 1.9863 2.04824 2.09555 2.15075 2.15481 2.23898 2.18713 2.20882 1.92628 1.95466 1.91577 2.0557 1.96411 2.01135 2.07237 2.05666 2.02708 2.07717
20191231 1.84099 1.88385 1.81925 1.84129 1.85817 1.90454 1.90755 1.91612 1.98512 2.04375 2.11605 2.09885 2.02295 2.00196 2.06455 2.09705 2.10254 2.07723 2.20048 2.26333 2.2365 2.27119 1.91851 2.12056 2.08292 2.09402 2.04299 2.09742 1.97878 2.1129 2.07908 2.09658
20200719 1.868 1.86033 1.79653 1.82077 1.79387 1.81227 1.94127 1.97037 1.94012 1.92924 2.05637 2.036 1.92941 1.97934 2.00942 2.07639 2.09887 2.17511 2.16708 2.16179 2.11357 2.13143 1.95981 1.98408 1.94209 1.94153 1.93361 1.91981 1.90033 1.89814 1.82816 1.9412
20200720 1.90605 1.89108 1.84902 1.88366 1.87571 1.85755 1.88405 1.93029 1.97481 2.02497 1.96261 2.0228 1.93557 2.03218 2.04962 2.0508 2.13681 2.1779 2.2478 2.22924 2.25641 2.22932 1.84304 1.9105 1.99393 1.94205 1.97557 2.00926 1.98609 1.90568 2.02074 2.08947
20200721 1.72008 1.76248 1.71773 1.73659 1.76595 1.74681 1.74829 1.76116 1.88161 1.95003 1.98056 2.0035 1.85214 1.95629 2.0306 2.046 2.03745 2.10083 2.15334 2.23421 2.1961 2.21134 1.78498 1.9133 1.87709 1.90833 1.95897 1.94131 1.87182 1.97006 2.01671 2.0798
20200722 1.71806 1.72209 1.72659 1.72818 1.76588 1.7736 1.83551 1.7878 1.86578 1.93603 1.99734 1.98778 1.79486 1.89027 1.96176 2.01118 2.05777 2.03705 2.099 2.12656 2.16106 2.18867 1.80126 1.81199 1.82355 1.87595 1.9367 1.85442 1.95223 1.97014 2.00654 2.02013
20200723 1.75492 1.76051 1.69158 1.80869 1.82382 1.85106 1.81462 1.86023 1.85971 1.85634 1.99199 2.0595 1.78071 1.88021 1.97193 2.01129 2.0505 2.11161 2.08438 2.13464 2.14021 2.14483 1.79099 1.87106 1.91049 1.95961 1.85658 1.93553 1.97744 1.98342 2.00296 2.12889
20200725 1.74673 1.74855 1.67489 1.72722 1.7209 1.88223 1.86039 1.92037 1.91218 2.00656 1.99106 1.91468 1.78817 1.8343 1.80874 1.91924 2.05893 2.17637 2.18483 2.22627 2.26889 2.24862 1.7965 1.86542 1.74242 1.84875 1.88948 1.98832 1.98919 2.09054 2.15591 2.10297
20200726 1.7313 1.7094 1.65561 1.68736 1.69875 1.69616 1.82496 1.87832 1.91239 1.94789 2.06049 2.00875 1.79443 1.808 1.86071 1.85048 1.93869 2.04507 2.11309 2.14154 2.19433 2.2094 1.83014 1.76768 1.85657 1.88069 1.98031 2.00451 2.08685 2.08516 2.07083 2.01817
20200727 1.69899 1.67328 1.58848 1.61843 1.61879 1.70467 1.68385 1.78947 1.8061 1.9162 1.86493 1.98066 1.75476 1.80696 1.76171 1.85808 1.8105 1.8759 2.00278 2.05906 2.12451 2.09035 1.67668 1.78264 1.76593 1.88417 1.90582 1.9705 1.94353 1.98973 1.92284 1.99675
20200728 1.64681 1.68236 1.61409 1.63196 1.6764 1.66698 1.71088 1.80091 1.83688 1.85599 1.95711 1.99366 1.80754 1.85045 1.85289 1.82155 1.86963 1.85229 1.96551 2.06554 2.07687 2.07588 1.76288 1.79013 1.81887 1.88524 1.91269 1.92562 1.92033 1.87085 1.98102 1.96449
20200729 1.65173 1.67 1.67834 1.69661 1.72715 1.70507 1.7254 1.75847 1.84222 1.95021 1.92349 1.92332 1.69978 1.88529 1.80653 1.82741 1.82907 1.8279 1.89251 1.98014 2.00893 2.00746 1.69286 1.77079 1.79618 1.82079 1.82285 1.83548 1.81586 1.86212 1.91673 1.95035
20200730 1.69574 1.68449 1.64946 1.77483 1.81453 1.86147 1.86219 1.86608 1.85367 1.83127 2.03372 2.0606 1.73314 1.84315 1.97966 1.8746 1.89206 1.8984 1.98638 1.98385 2.02311 2.09904 1.79187 1.86251 1.92532 1.93056 1.93509 1.8915 1.9559 1.97676 2.03752 2.07927
20200731 1.77556 1.74866 1.67873 1.71496 1.83186 1.85479 1.91013 1.93389 1.96155 1.95004 1.99278 2.06901 1.84076 1.87081 1.91241 2.01399 1.96453 1.9631 1.98892 2.09278 2.04386 2.08397 1.85806 2.01808 2.04616 1.97454 1.91848 2.0171 1.99634 2.07526 2.15022 2.21137
20200801 1.79795 1.76352 1.70873 1.74664 1.76368 1.8872 1.92595 1.93465 2.01952 2.07694 1.98896 1.98026 1.92591 1.97141 1.96745 1.95807 2.04066 2.00471 2.02094 2.04813 2.12177 2.10361 1.92747 2.07847 1.96534 1.9018 2.00708 2.0371 2.0701 2.16989 2.18368 2.12311
20200802 1.83025 1.79935 1.77305 1.78051 1.81863 1.85468 1.96384 1.96634 2.01504 2.06571 2.07096 2.10763 1.85854 1.99434 1.97624 1.96352 2.02237 2.12685 2.04907 2.04414 2.09782 2.12913 2.03096 1.96383 1.878 1.91761 2.00971 2.0425 2.10714 2.09832 2.06716 2.12406
20200803 1.89346 1.85838 1.8284 1.81857 1.83893 1.84963 1.9 1.97646 1.99503 2.01547 2.03629 2.0094 1.85326 1.94151 1.94877 1.93935 1.96133 1.97897 2.06287 2.03679 2.0484 2.05229 1.83241 1.85981 1.84875 1.95385 1.97273 2.03189 2.00756 2.00128 2.01096 2.05775
20200804 1.73203 1.79021 1.75166 1.77311 1.7722 1.83258 1.85124 1.87051 1.90301 1.97886 1.99246 2.03636 1.92307 1.93447 1.98068 1.96447 1.95834 1.99885 1.98471 2.08799 2.06617 2.08772 1.81616 1.85337 1.92786 1.95933 2.01411 1.96542 1.92201 1.8736 1.95212 2.01335
20200805 1.74317 1.76241 1.80986 1.82641 1.8474 1.84303 1.87074 1.96226 1.99362 2.04233 2.05258 2.03833 1.79403 2.01381 2.0279 2.01 1.99128 1.97921 1.99583 2.01532 2.09814 2.08119 1.85714 1.89833 1.93665 2.00055 1.96571 1.88811 1.8674 1.92258 1.95312 2.01155
20200806 1.81037 1.80405 1.76564 1.88618 1.91152 1.92403 1.92463 1.97265 1.96402 1.9871 2.0408 2.09275 1.7859 1.9265 2.07203 2.09079 2.02725 2.08518 1.99058 1.99285 1.99933 2.09564 1.88102 1.96352 1.94048 1.98318 1.86472 1.83272 1.90077 1.97419 1.98841 1.98388
20200807 1.80818 1.81486 1.75613 1.77699 1.91156 1.90512 1.90269 1.94906 1.99058 2.013 1.95284 2.07194 1.84274 1.88223 2.01464 2.14312 2.15164 2.07792 2.16611 2.07778 2.05658 2.07086 1.96266 1.93769 1.97359 1.91329 1.84663 1.89238 2.01233 2.0036 2.01725 2.04068
20200808 1.88465 1.8894 1.83402 1.85905 1.84504 1.91698 1.9561 2.00527 1.99519 2.02482 2.0651 2.06142 1.92358 1.91237 1.98234 2.10628 2.17103 2.22001 2.16211 2.18424 2.11336 2.12305 1.95516 2.0199 1.93872 1.90568 1.93383 2.01024 2.10014 2.08434 2.12011 2.08949
20200809 1.91083 1.87889 1.79525 1.81715 1.84636 1.89333 1.95658 1.95632 2.03406 2.09463 2.08577 2.17875 1.9928 2.05168 1.97114 2.10396 2.14299 2.22701 2.3255 2.22034 2.24808 2.17903 1.97197 1.96864 1.92383 1.96972 2.04783 2.13519 2.16206 2.22551 2.18738 2.14531
20200810 1.89118 1.86194 1.80279 1.79901 1.86355 1.88996 1.89241 2.04245 2.07923 1.9802 2.0582 2.14406 1.9746 2.06361 2.08836 2.1063 2.17657 2.19495 2.29582 2.32858 2.25326 2.28584 1.88731 1.95713 1.95818 2.04152 2.08266 2.07986 2.16363 2.18248 2.11171 2.1106
20200811 1.81663 1.84107 1.80231 1.83377 1.8631 1.8865 1.90434 1.93812 2.03753 2.07258 2.0219 2.15563 1.99955 2.07092 2.08257 2.14363 2.16367 2.19617 2.23767 2.25875 2.29553 2.25021 1.92242 1.97524 2.02962 2.0839 2.07477 2.13483 2.16544 2.03991 2.06976 2.09879
20200812 1.75972 1.76855 1.77486 1.79122 1.82125 1.85074 1.87544 1.85408 1.87422 1.99243 2.14038 2.05714 1.80011 1.9673 2.00277 2.01997 2.07823 2.01401 2.05793 2.09541 2.11427 2.14798 1.86859 1.94801 2.01044 2.02679 2.0272 2.04993 1.96649 2.03118 2.06211 2.13807
20200813 1.75905 1.72959 1.70087 1.78703 1.81639 1.8339 1.83054 1.87217 1.87579 1.8816 2.07632 2.04285 1.79111 1.8378 1.96942 2.0035 1.99375 2.00104 2.02496 2.0112 2.06691 2.07671 1.83316 1.92723 1.96574 1.99217 1.99188 1.95134 1.9888 1.99582 2.05119 2.01674
20200814 1.71072 1.6967 1.63106 1.68238 1.75367 1.75085 1.73935 1.82882 1.86298 1.84803 1.85658 1.99933 1.80397 1.86341 1.81698 1.88596 1.93139 1.94054 1.92327 1.95888 1.95345 2.04639 1.82373 1.91922 1.90666 1.94713 1.91239 1.93382 1.94799 2.00989 1.97874 1.9996
20200815 1.68569 1.67442 1.58864 1.67306 1.65598 1.7306 1.71673 1.70551 1.79121 1.78158 1.81107 1.84359 1.7462 1.86117 1.84899 1.842 1.86889 1.9475 1.95724 1.94465 1.90257 1.92158 1.78719 1.83855 1.9305 1.83141 1.86843 1.88218 1.96252 1.94976 1.99707 2.02262
20200816 1.71922 1.73299 1.68121 1.69313 1.6902 1.71406 1.77488 1.83049 1.83265 1.90826 1.95187 1.8867 1.85093 1.94619 1.96395 1.94926 1.96652 2.03982 2.10109 2.08177 2.07881 2.07042 1.86652 1.96197 1.85186 1.92017 1.87672 1.97323 2.00499 2.08154 2.07608 2.06624
20200817 1.738 1.70502 1.68131 1.66004 1.67184 1.68292 1.72078 1.75953 1.78285 1.7757 1.81474 1.8827 1.7695 1.92849 1.94326 1.90562 1.95056 1.95477 2.01388 2.0926 2.08195 2.10757 1.79048 1.79623 1.85267 1.81551 1.87256 1.88998 1.95815 1.87009 1.94252 1.96397
20200818 1.66234 1.7106 1.6655 1.67947 1.67549 1.73144 1.72567 1.69239 1.82541 1.85616 1.86111 1.85994 1.79537 1.84511 1.9372 1.95127 1.94047 1.96375 1.94806 1.96628 2.05808 2.0698 1.71398 1.8199 1.81015 1.81531 1.81673 1.88772 1.84969 1.86175 1.90133 1.98728
20200819 1.70926 1.71949 1.69989 1.73095 1.7178 1.78991 1.84292 1.79411 1.8638 1.91437 1.90342 2.02199 1.77799 1.93218 1.93225 2.02406 2.00738 2.0397 2.01315 2.04123 2.11511 2.21656 1.79139 1.87002 1.86338 1.86713 1.93383 1.94114 1.87404 1.91878 2.00666 2.06532
20200820 1.74633 1.7312 1.65576 1.71897 1.72469 1.75946 1.76585 1.7773 1.764 1.97885 1.93586 1.91797 1.81608 1.92716 2.07425 2.03616 2.11744 2.11447 2.12447 2.11014 2.17913 2.23057 1.84993 1.91856 1.94085 1.99273 1.97128 1.92759 1.95701 2.05278 2.09743 2.15792
20200821 1.73542 1.71397 1.66185 1.69026 1.75701 1.75986 1.79759 1.85133 1.88057 1.89249 1.94717 1.998 1.76453 1.84754 1.89512 2.02956 2.02931 2.08708 2.06114 2.1202 2.09357 2.12658 1.82124 1.91378 1.97106 1.92261 1.89317 1.90517 1.99302 2.03734 2.09618 2.06384
20200822 1.74529 1.75669 1.6732 1.70169 1.67107 1.79587 1.86867 1.87862 1.86857 1.87891 1.93882 1.90253 1.82441 1.86836 1.85496 1.86954 2.0409 2.04286 2.06144 2.01345 2.08579 2.09098 1.81594 1.91369 1.88595 1.85996 1.87448 1.93767 2.00343 2.06987 2.05913 2.1328
20200823 1.75621 1.7464 1.68994 1.70793 1.75126 1.76192 1.88469 1.85374 1.85595 1.92645 1.94414 1.90536 1.84231 1.91551 1.93157 1.8237 1.8818 2.06462 1.98764 2.08841 2.0669 2.15706 1.8605 1.92101 1.81948 1.88645 1.89781 1.95742 2.03212 1.98222 2.08028 2.07077
20200824 1.73408 1.68147 1.62105 1.64655 1.67177 1.68068 1.69884 1.81896 1.90613 1.88645 1.82403 1.98298 1.73402 1.84047 1.83513 1.84432 1.8161 1.85543 1.9337 1.88495 2.0241 2.00415 1.82404 1.80009 1.83139 1.80761 1.86381 1.93538 1.9028 1.9372 1.93261 1.91706
20200825 1.75034 1.79653 1.73972 1.77723 1.79347 1.79274 1.85984 1.82498 1.93782 1.97785 1.96487 1.94541 1.84404 1.84949 1.86478 1.88332 1.93122 1.92545 1.92602 2.01409 1.98884 2.0551 1.74212 1.79688 1.81227 1.84247 1.9322 1.91932 1.94475 1.87338 1.93029 1.94517
20200826 1.68165 1.69337 1.72041 1.7633 1.75715 1.81648 1.84299 1.89843 1.90224 1.96296 2.02381 2.06227 1.82872 1.92457 1.9299 1.97847 1.9706 2.02128 1.99759 2.04783 2.1168 2.10819 1.70871 1.81424 1.87898 2.0054 1.95804 2.01179 1.91299 1.91407 1.99471 2.07728
20200827 1.67608 1.67444 1.62514 1.74839 1.7413 1.75065 1.82099 1.84323 1.90921 1.8903 2.04835 2.04893 1.75434 1.95409 2.01839 2.0331 2.02379 2.01919 2.05922 2.071 2.16219 2.14055 1.805 1.8824 2.04422 1.96227 1.99211 1.96669 1.89579 2.00695 2.02394 2.07998
20200828 1.67661 1.67912 1.6161 1.6462 1.74012 1.83533 1.83168 1.81261 1.77878 1.81984 1.81714 1.99764 1.69708 1.76082 1.90002 1.95195 1.97035 1.95654 1.99329 2.06301 2.06949 2.11067 1.71545 1.8964 1.91111 1.86281 1.90578 1.86786 1.88878 1.94073 1.94322 2.02318
20200829 1.64988 1.60998 1.53994 1.57987 1.60698 1.71688 1.72298 1.69578 1.73966 1.79726 1.90755 1.93072 1.76448 1.84625 1.84966 1.93573 1.92572 1.96039 2.00752 1.99437 2.09894 2.05535 1.73044 1.92353 1.83838 1.89662 1.89155 1.81067 1.87844 1.89837 1.93351 1.91514
20200830 1.63249 1.60439 1.51692 1.56195 1.5783 1.61839 1.76762 1.78509 1.74029 1.73287 1.83724 1.83098 1.72756 1.91748 1.93676 1.92835 1.99983 1.98361 2.06014 2.10251 2.08588 2.12344 1.83616 1.81125 1.82911 1.92598 1.77805 1.86688 1.85999 1.90564 1.92626 1.96061
20200831 1.66396 1.60724 1.5725 1.58092 1.63434 1.62164 1.62885 1.73161 1.75241 1.72853 1.77616 1.78297 1.71575 1.81065 1.95349 1.92281 1.91977 1.96118 1.95552 2.06016 2.08544 2.08518 1.68962 1.74977 1.89514 1.78388 1.90729 1.81624 1.84883 1.93024 1.93141 1.96408
20200901 1.62718 1.67956 1.61774 1.66007 1.65283 1.66997 1.67233 1.6673 1.79039 1.73816 1.77758 1.90775 1.76419 1.85346 1.87573 1.99767 1.99708 1.93351 1.9693 1.96665 2.07189 2.07985 1.6718 1.89506 1.81184 1.98718 1.86201 1.83226 1.97345 1.96752 1.93964 1.90615
20200902 1.62619 1.63004 1.64211 1.65916 1.70503 1.68647 1.6982 1.73922 1.75564 1.9099 1.91904 1.9392 1.77982 1.91027 1.93124 1.91633 2.01937 1.98953 1.93195 1.96992 2.0119 2.11242 1.8402 1.876 1.98567 1.89629 1.86811 1.93376 2.00197 1.96916 1.94713 2.03153
20200903 1.69849 1.70074 1.65075 1.73234 1.77802 1.78031 1.79122 1.80849 1.84488 1.84511 1.99403 2.02879 1.77262 1.96963 1.97338 2.05923 1.95585 2.01121 1.99323 1.95832 2.06277 2.09395 1.8417 1.92969 1.89585 1.91287 1.83655 1.88786 1.9423 1.90613 1.95562 1.9924
20200904 1.73205 1.7164 1.66244 1.68746 1.79155 1.83376 1.83673 1.86573 1.84742 1.87443 1.9233 2.07353 1.76875 1.94913 2.03387 2.08279 2.11716 1.95067 1.99875 2.00228 1.97622 2.13722 1.81207 1.93502 1.94512 1.84476 1.84279 1.9378 1.8944 1.87445 1.95746 2.00918
20200905 1.67147 1.68319 1.61557 1.63925 1.64817 1.79992 1.8228 1.83637 1.91525 1.98201 1.94922 1.91735 1.79702 1.90463 1.92957 1.9791 2.02968 2.03282 1.89629 1.95327 1.99861 1.97577 1.84591 1.98692 1.85617 1.83856 1.94066 1.93419 1.94269 1.98425 2.04295 2.03054
20200906 1.74498 1.74182 1.69341 1.6811 1.71026 1.718 1.80628 1.83985 1.84007 1.93893 1.95077 1.95131 1.76974 1.91285 1.93447 1.8335 1.90258 1.93925 1.9994 1.94224 2.03187 2.0656 1.88418 1.91662 1.83152 1.88053 1.87366 1.9752 1.94167 2.02445 2.02146 1.97352
20200907 1.76568 1.76403 1.69435 1.71006 1.73611 1.78452 1.76415 1.82558 1.88513 1.94189 2.03084 2.03592 1.83692 1.94096 1.94457 1.96722 1.8449 1.95142 2.02745 2.07158 2.05362 2.13811 1.86966 1.87519 1.88 1.84381 2.0001 1.94989 2.05224 2.03219 1.98051 2.04987
20200908 1.82422 1.88827 1.83391 1.8637 1.88625 1.85098 1.87479 1.82253 1.9669 2.02259 2.04505 2.08305 1.90902 2.0087 1.99681 1.98318 1.99573 2.00162 2.12745 2.18281 2.19009 2.13528 1.88958 1.95772 1.85953 2.02916 1.99453 2.05974 2.06265 2.0368 1.95026 2.12981
20200909 1.72138 1.73339 1.74068 1.76252 1.79468 1.78116 1.78364 1.78978 1.80285 2.01459 2.01911 2.06243 1.89822 1.98962 1.99028 1.96607 1.93391 2.0251 2.06574 2.13769 2.15946 2.15 1.85007 1.82184 1.98688 1.9698 2.00722 1.94146 1.96278 1.84786 1.97641 1.96707
20200910 1.70611 1.70654 1.63398 1.75622 1.77499 1.80377 1.84158 1.89035 1.88664 1.79064 2.16209 2.16262 1.73742 1.94536 2.0081 1.94405 2.02047 1.98749 2.08902 2.07557 2.13206 2.13165 1.75182 1.91192 1.91575 2.02319 1.99983 1.96412 1.9055 1.98266 1.92352 2.02352
20200911 1.66032 1.65982 1.62211 1.61856 1.72446 1.74365 1.78343 1.87451 1.93613 1.92944 1.91411 1.9567 1.72624 1.83973 1.94954 2.03557 1.99104 2.04441 1.99211 2.03243 2.05416 2.11424 1.79223 1.8511 1.9339 1.98271 1.94398 1.887 1.98507 1.91148 1.98623 1.95989
20200912 1.69353 1.68393 1.62601 1.65596 1.6871 1.79263 1.82356 1.85598 1.93484 1.9396 1.96835 1.98421 1.7054 1.80911 1.85148 1.94694 2.05936 2.03918 2.04295 1.99667 2.06416 2.14234 1.80416 1.96076 1.94959 1.95217 1.94588 1.97362 1.89783 1.90553 1.8426 1.86008
20200913 1.68549 1.67228 1.61165 1.61932 1.62042 1.65012 1.77546 1.75187 1.80714 1.87803 1.90395 1.94138 1.74879 1.8105 1.89335 1.92477 1.90029 2.08097 2.09345 2.04243 1.96049 2.02985 1.85273 1.94114 1.90145 1.88029 1.93916 1.90372 1.85311 1.88427 1.89208 1.96137
20200914 1.6569 1.64782 1.58389 1.61854 1.60947 1.62614 1.60188 1.72301 1.82876 1.89675 1.88338 1.97875 1.7384 1.85281 1.82429 1.93903 1.90196 1.8653 2.07673 2.05108 1.98268 1.88723 1.76731 1.84599 1.73485 1.86353 1.88676 1.87976 1.96117 1.90012 1.85075 1.83565
20200915 1.63124 1.68675 1.6121 1.63705 1.62602 1.65222 1.73368 1.78971 1.80783 1.91651 1.99955 2.03488 1.77211 1.88842 1.92892 1.9034 1.91728 1.92798 1.93156 1.98926 2.00305 2.00842 1.7586 1.83637 1.84258 1.87264 1.87895 1.92493 1.87318 1.91868 1.8855 1.90325
20200916 1.67799 1.68551 1.7089 1.75274 1.75675 1.76363 1.77623 1.80553 1.8887 1.8752 1.97804 2.05189 1.77859 1.96491 1.93383 2.03326 1.93451 1.92494 2.00511 2.03407 2.0107 2.05711 1.8731 1.89914 1.91141 1.92854 1.91443 1.88147 1.95241 1.96485 1.94398 2.05369
20200917 1.71123 1.72024 1.66989 1.8133 1.77077 1.79535 1.82861 1.91757 1.9651 1.92499 2.03028 2.08622 1.8081 1.97636 2.02696 2.02429 2.08382 1.99518 2.0506 2.02356 2.04015 2.09234 1.85713 1.9509 1.96791 1.99183 1.92322 1.89609 1.99443 1.98662 1.99265 2.10997
20200918 1.71958 1.71346 1.67257 1.70398 1.8249 1.86582 1.86744 1.92586 2.05713 2.01494 1.92567 2.07459 1.7658 1.91619 1.9976 2.06859 2.12244 2.10916 2.07969 2.0878 2.02845 2.08719 1.89034 1.99944 2.01967 1.91854 1.92441 1.98565 1.98225 1.98598 2.09646 2.06993
20200919 1.76932 1.73431 1.70161 1.73958 1.76206 1.86172 1.90066 1.91679 2.01963 2.02311 2.10709 1.98974 1.84931 1.90119 1.90884 1.99077 2.06087 2.10227 2.04848 2.03409 2.0503 2.00388 1.83572 1.92953 1.8434 1.90914 1.96575 1.89607 1.98953 2.04029 2.02987 1.94975
20200920 1.69196 1.66508 1.64252 1.64189 1.67038 1.64457 1.78764 1.831 1.79425 1.95278 1.9194 1.91289 1.78796 1.9581 1.92468 1.91068 2.03981 2.08986 2.07073 2.03749 1.99718 2.06462 1.79582 1.80618 1.86729 1.93469 1.8516 1.93669 1.96884 2.00697 1.90811 1.93346
20200921 1.71326 1.68515 1.63269 1.67004 1.66696 1.65293 1.71218 1.83136 1.88067 1.94146 1.90733 1.95807 1.73417 1.8474 1.96512 1.92406 1.8979 2.02819 2.12256 2.12082 2.06655 2.08186 1.73175 1.80761 1.88893 1.85592 1.89841 1.85859 1.93047 1.84028 1.87494 1.88325
20200922 1.60982 1.68258 1.64297 1.67199 1.65178 1.68664 1.67858 1.73833 1.8355 1.86557 1.88946 1.90485 1.7999 1.81766 1.86315 1.94042 1.92336 1.91901 1.99708 2.10038 2.08478 2.03184 1.68994 1.86662 1.82439 1.91794 1.84202 1.8883 1.82897 1.84948 1.85385 1.84561
20200923 1.52294 1.53889 1.58406 1.58956 1.60666 1.63087 1.60098 1.65109 1.74745 1.94088 2.01839 1.8286 1.66591 1.88779 1.90675 1.8671 1.94658 1.88904 1.97758 2.00814 2.05286 2.07982 1.70698 1.81083 1.94584 1.87617 1.91436 1.83338 1.85532 1.80193 1.87393 1.91438
20200924 1.55535 1.57065 1.51486 1.61773 1.64538 1.64431 1.70133 1.68019 1.71486 1.78411 1.95561 2.03499 1.55072 1.75554 1.89492 1.88519 1.8498 1.94885 1.87036 1.91869 1.92751 1.99237 1.63029 1.80352 1.84674 1.89225 1.7584 1.81177 1.76314 1.84064 1.87056 2.01494
20200925 1.54914 1.55319 1.5024 1.5423 1.71738 1.73916 1.67718 1.78962 1.75751 1.80791 1.7594 1.94606 1.61963 1.65337 1.82226 1.92952 1.90044 1.87983 1.99062 1.95351 1.94823 1.94756 1.68917 1.84029 1.94485 1.79654 1.81473 1.74576 1.80771 1.83935 1.91951 1.96915
20200926 1.59008 1.57796 1.55007 1.57972 1.59586 1.66815 1.71748 1.73006 1.76999 1.77847 1.78984 1.89657 1.59528 1.6938 1.80124 1.91545 1.94933 1.94438 1.83746 1.96007 1.98595 1.96892 1.75392 1.92263 1.86814 1.8279 1.79312 1.80688 1.82823 1.90142 1.9725 1.99674
20200927 1.71107 1.71936 1.70124 1.71776 1.71782 1.7479 1.90234 1.90118 1.88178 1.91022 1.91427 1.89957 1.76964 1.78402 1.85481 1.94543 2.03572 2.04259 2.05747 1.95222 2.04575 2.00335 1.83948 1.95838 1.82211 1.86437 1.87051 1.89102 1.94045 2.01656 2.03235 2.07599
20200928 1.72747 1.74178 1.68429 1.7028 1.70563 1.76024 1.8357 1.92623 1.93335 2.02892 1.98108 1.96687 1.7635 1.88054 1.83608 1.89844 1.95392 2.00946 2.05033 2.06779 1.97897 2.02385 1.87346 1.82186 1.8778 1.88686 1.93358 1.99144 2.04206 2.04627 2.10888 2.16387
20200929 1.68975 1.76515 1.69267 1.7405 1.73693 1.75857 1.74946 1.80657 1.90668 1.94518 1.92777 2.00548 1.76797 1.82028 1.90753 1.89801 1.93202 1.96757 1.99868 2.07087 2.06271 2.00598 1.7095 1.79594 1.8625 1.8814 1.96423 1.96939 1.92023 2.04381 2.01493 2.02133
20200930 1.59804 1.61664 1.63032 1.65716 1.69525 1.71099 1.77356 1.80655 1.88946 1.96903 1.94725 1.98634 1.76339 1.84314 1.89617 1.92291 1.96956 1.94071 1.97318 2.00977 2.12832 2.12563 1.76573 1.88774 1.87873 1.96744 2.00255 1.91678 2.03648 1.93501 1.95648 2.05741
20201001 1.6398 1.6478 1.57607 1.70526 1.70748 1.70914 1.72944 1.80085 1.90929 1.94915 1.93027 1.91478 1.69297 1.86725 1.87922 1.93588 1.92821 1.93699 1.87748 1.91194 1.97474 2.08945 1.79297 1.92526 1.97633 2.00345 1.96671 2.01335 1.9493 1.90487 1.94262 1.99848
20201002 1.751 1.7461 1.67883 1.71912 1.85384 1.86422 1.85945 1.87699 1.94318 2.00396 2.01553 2.00679 1.71177 1.88474 1.92341 1.9602 2.00345 2.00397 1.97551 1.98365 1.97741 2.01221 1.91585 1.97932 1.98599 1.94887 1.9715 1.9489 1.92135 1.9433 1.98439 1.9621
20201003 1.76735 1.75469 1.71485 1.74992 1.74514 1.83058 1.80841 1.85372 1.88961 1.88698 1.97909 1.97917 1.78643 1.81387 1.92549 1.93196 1.98285 2.0314 2.04748 1.98768 2.08497 1.99558 1.88757 1.9816 1.93103 1.92333 1.91296 1.95835 1.96388 1.95924 1.97275 1.99965
20201004 1.79056 1.75354 1.70377 1.74109 1.75894 1.7362 1.85741 1.84709 1.8783 1.90052 1.96632 1.99937 1.85039 1.85213 1.92069 1.94834 1.97265 2.04651 2.06199 2.06949 2.06514 2.16978 1.94074 1.97486 1.92733 1.91884 1.95726 1.93235 1.97435 1.97471 1.98859 2.09902
20201005 1.84389 1.82896 1.80218 1.79672 1.82704 1.80232 1.85836 1.93709 1.95814 1.93956 2.00749 2.01457 1.88814 1.97327 1.95665 2.00287 1.98924 2.00724 2.1228 2.13399 2.16302 2.21356 1.87975 2.02384 2.03208 2.02167 2.02896 2.03012 2.03483 2.01515 2.04127 2.14047
20201006 1.73186 1.76795 1.72145 1.76167 1.77144 1.79004 1.77334 1.79808 1.87446 1.96567 1.98325 2.1207 1.89071 1.99609 2.05708 2.044 1.95904 2.02667 2.01679 2.06226 2.12733 2.20067 1.96824 2.03522 2.01122 2.02474 2.02344 2.07455 2.06402 1.95809 1.99983 2.0396
20201007 1.76171 1.77238 1.83249 1.84258 1.84797 1.84702 1.82545 1.83522 1.82592 1.98513 2.01284 1.96294 1.77489 1.97363 1.98794 2.03364 2.00699 1.8992 2.07095 2.01017 2.03579 2.0753 1.85717 1.8918 1.87625 1.878 1.96539 2.00227 1.926 1.9338 1.97702 2.12095
20201008 1.6613 1.68268 1.66171 1.8174 1.83361 1.79468 1.81764 1.79974 1.81988 1.87292 2.05102 2.01305 1.76417 1.91187 2.03361 1.99087 1.95464 1.98393 1.94417 2.029 2.0034 2.05816 1.78937 1.87105 1.86754 1.91823 1.95528 1.96724 1.95862 2.02997 2.07873 2.08186
20201009 1.67645 1.6718 1.63148 1.64563 1.79489 1.79663 1.82903 1.79281 1.75688 1.83442 1.88651 2.03483 1.66784 1.83572 1.96923 2.03973 2.0042 1.91663 1.95225 1.94276 1.99323 2.02589 1.7979 1.88675 1.90331 1.93556 1.94423 1.92113 2.00054 1.99739 2.00372 2.13565
20201010 1.69333 1.69127 1.61567 1.64199 1.66157 1.79733 1.85441 1.90465 1.86786 1.84931 1.98154 1.92595 1.73939 1.79721 1.8665 1.95782 1.9897 1.98509 1.94007 1.93188 1.90666 1.98698 1.80503 1.92431 1.85654 1.88596 1.88948 1.92201 2.02515 1.96252 2.12143 2.11377
20201011 1.77416 1.77915 1.70259 1.75623 1.73495 1.72943 1.80956 1.88661 1.90946 1.98477 1.97439 1.99215 1.81319 1.8732 1.89717 1.96174 1.98778 2.0346 2.05028 2.04188 2.0089 2.01295 1.89348 1.85064 1.81619 1.87391 1.88936 1.9658 1.91029 2.0129 2.03478 1.91188
20201012 1.78612 1.77441 1.73869 1.76109 1.74523 1.80096 1.86518 1.87695 1.9704 2.02127 2.02477 2.00255 1.832 1.88514 1.91129 1.96356 2.00141 2.089 2.05831 2.05747 2.07193 1.99162 1.76633 1.77737 1.92267 1.93198 1.97553 1.95525 2.00888 1.93596 1.81301 1.90233
20201013 1.65149 1.69528 1.67824 1.70819 1.72303 1.74767 1.80176 1.90551 1.91537 2.11292 1.99048 2.0052 1.83359 1.948 1.92283 2.0167 2.07389 2.05309 2.16189 2.09911 2.05654 2.07079 1.76365 1.98633 1.97193 2.0285 2.01943 2.01017 1.96222 1.82349 1.91363 1.9131
20201014 1.67723 1.68232 1.77806 1.77418 1.81385 1.78598 1.8331 1.9221 1.94878 2.02398 2.14875 2.1297 1.83817 2.04593 2.03247 2.03022 2.07594 2.12331 2.14532 2.14581 2.14693 2.15432 1.86471 1.90837 1.9963 1.99656 2.00101 2.05901 1.96216 1.97949 2.01818 1.99243
20201015 1.72042 1.73963 1.68193 1.81407 1.80844 1.84018 1.84765 1.92219 1.90703 1.95667 2.0721 2.05391 1.73608 2.0011 2.09484 2.04403 2.03872 2.07057 2.0796 2.16491 2.11 2.14717 1.82352 1.95329 1.93912 1.96241 1.99875 1.91225 1.96752 2.07942 1.98919 2.013
20201016 1.67739 1.68453 1.6569 1.66536 1.79073 1.84479 1.86554 1.9483 1.9467 1.83222 2.0537 2.06659 1.69533 1.76374 1.99022 2.08011 2.04265 2.04337 2.03681 2.02986 2.09292 2.07281 1.85048 1.91602 1.90346 1.97839 1.85337 1.9603 2.03148 2.00213 1.95133 2.05401
20201017 1.75252 1.73741 1.71044 1.71528 1.73929 1.84978 1.91971 2.02196 2.06026 2.03978 2.02024 2.13732 1.76083 1.84505 1.85516 2.03049 2.15603 2.10027 2.08065 2.03131 2.07327 2.13988 1.83117 1.89323 1.93481 1.87611 1.98181 2.02317 2.0188 1.9815 2.11716 2.15998
20201018 1.89901 1.87025 1.83643 1.86788 1.87612 1.91281 2.01099 2.04108 2.09108 2.14315 2.10321 2.17941 1.98204 1.99588 2.07243 2.07435 2.2177 2.31744 2.20212 2.1353 2.14887 2.14241 1.9431 2.03025 1.9637 2.08113 2.14471 2.08947 2.07762 2.24311 2.19054 2.18249
20201019 1.89037 1.88999 1.87322 1.90044 1.94562 1.90767 1.96922 2.00981 2.07286 2.1585 2.22776 2.19449 1.93227 2.08338 2.03911 2.09247 2.16757 2.25397 2.33279 2.24352 2.19267 2.20289 1.96461 2.01666 2.10541 2.13444 2.07129 2.13781 2.2746 2.12733 2.11621 2.04006
20201020 1.82431 1.90526 1.8821 1.92615 1.93652 1.982 1.94491 1.98623 2.06706 2.19185 2.24969 2.3621 1.90501 2.02218 2.0918 2.10216 2.14724 2.11172 2.18982 2.30295 2.24877 2.21956 1.88295 2.01273 2.03197 1.96845 2.07434 2.19559 2.01146 2.01841 2.0117 2.00278
20201021 1.73681 1.75676 1.80348 1.83467 1.8325 1.82139 1.87531 1.88284 1.93523 2.01679 2.1774 2.12533 1.8179 1.94664 2.06812 2.05881 2.08434 2.17361 2.00915 2.05644 2.16925 2.20952 1.81505 1.87167 1.86517 1.97732 2.03727 1.95535 1.93448 1.91541 2.00085 2.09832
20201022 1.66154 1.68384 1.63687 1.81657 1.81213 1.8084 1.91927 1.85519 1.88322 1.86185 1.88991 2.11771 1.76034 1.93132 2.03819 2.08003 2.03101 2.0985 2.18899 2.05119 2.06195 2.13264 1.7062 1.84379 1.99649 2.02563 1.90892 1.89919 1.88329 1.93847 2.05729 2.07722
20201023 1.62491 1.64766 1.61964 1.63583 1.73419 1.75057 1.7973 1.82885 1.92113 1.87878 1.9336 1.96919 1.74081 1.83673 2.00457 2.09835 2.06683 2.04403 2.12031 2.21098 2.06998 2.10291 1.74224 1.94641 1.96277 1.82004 1.87132 1.88651 1.88562 2.06415 2.09527 2.20132
20201024 1.59692 1.6257 1.59744 1.59166 1.58597 1.68661 1.76251 1.82184 1.88972 1.95031 1.96013 2.10226 1.7519 1.8417 1.91542 2.01759 2.13168 2.11295 2.10546 2.14495 2.17612 2.04728 1.81113 2.03198 1.83395 1.82855 1.82493 1.89073 2.08738 2.14142 2.19333 2.15407
20201025 1.70346 1.68778 1.63118 1.66434 1.68491 1.68728 1.80891 1.77944 1.78562 2.06931 1.98673 2.04148 1.69536 1.88991 1.93791 1.93516 2.00212 2.17008 2.14354 2.15466 2.19998 2.16685 1.90545 1.91448 1.84328 1.85486 1.85369 1.95855 2.0544 2.12832 2.09125 2.14199
20201026 1.68192 1.67271 1.59581 1.65764 1.64196 1.66839 1.65547 1.72602 1.76161 1.86916 2.01431 2.01967 1.76271 1.80953 1.90179 1.99339 1.91375 2.01573 2.18731 2.14713 2.1572 2.18101 1.80295 1.84279 1.8793 1.85534 1.85531 1.88501 2.05532 2.05211 1.97806 1.9948
20201027 1.6079 1.69675 1.62392 1.65247 1.66325 1.70418 1.67804 1.71366 1.77265 1.78732 1.88194 1.90994 1.69604 1.8277 1.76488 1.83548 1.9158 1.94999 2.01968 2.11858 2.08874 2.08071 1.71407 1.81327 1.85347 1.86188 1.86562 2.0131 2.00701 1.90324 1.9133 1.99201
20201028 1.5371 1.54901 1.60739 1.63476 1.63105 1.67401 1.71953 1.67506 1.6731 1.77407 1.79182 1.94265 1.5942 1.79078 1.81364 1.71841 1.75173 1.81093 1.89329 1.95749 2.07667 2.07184 1.6745 1.80412 1.84648 1.85277 1.97023 1.95463 1.86215 1.89177 1.97062 1.9887
20201029 1.60736 1.62048 1.57616 1.63253 1.63511 1.69154 1.76761 1.73787 1.79296 1.82293 1.83426 1.83787 1.62711 1.73128 1.89679 1.87457 1.79498 1.86402 1.86145 1.91723 2.01884 2.04514 1.69941 1.85909 1.91558 2.02209 1.98806 1.88853 1.88934 1.92704 1.95156 1.98007
20201030 1.64729 1.62246 1.56266 1.57571 1.70048 1.74106 1.77665 1.86251 1.91378 1.89589 2.00283 2.05991 1.73962 1.79685 1.89324 1.98641 1.92138 1.88858 1.96401 1.93829 1.95516 2.06845 1.7988 1.97694 2.15518 2.12241 1.99239 1.9753 2.01168 2.00115 2.05137 2.05861
20201031 1.63671 1.61288 1.56936 1.60498 1.60604 1.68773 1.73259 1.83542 1.84965 1.9472 1.95758 1.9806 1.70174 1.88541 1.87359 1.95578 2.03469 1.94298 1.93817 1.98394 1.99332 1.96711 1.82585 2.08755 2.08851 1.98489 1.98332 1.94417 1.89853 1.93428 2.00489 2.02866
20201101 1.62405 1.58363 1.53301 1.57321 1.60949 1.6424 1.72825 1.77519 1.86539 1.85752 1.86138 1.79866 1.65051 1.76472 1.86061 1.87271 1.90598 2.04193 1.9931 2.0037 2.07729 2.01865 1.82242 1.95314 1.90742 1.95264 1.9112 1.85425 1.88399 1.96336 1.98405 2.10486
20201102 1.62188 1.62101 1.57024 1.61192 1.66684 1.64913 1.62672 1.69983 1.76349 1.78773 1.93355 1.91791 1.69984 1.78565 1.82403 1.84304 1.90837 1.96649 2.13137 2.00932 2.05093 2.13503 1.70704 1.82306 1.85983 1.89788 1.81372 1.88256 1.92728 1.88668 1.96856 1.9562
20201103 1.53084 1.59503 1.54662 1.58973 1.62618 1.67685 1.67327 1.69089 1.68959 1.75297 1.86129 1.96549 1.67294 1.81221 1.86406 1.91406 1.87441 1.94817 1.9778 2.17806 2.01755 2.07194 1.723 1.90541 1.86562 1.82562 1.94098 1.93753 1.88819 1.91446 1.87522 1.92188
20201104 1.47431 1.49087 1.53655 1.58425 1.57798 1.64913 1.68382 1.75334 1.75645 1.80564 1.79631 1.88782 1.66891 1.93441 1.8937 1.92609 1.9483 1.94409 2.00893 2.041 2.15302 2.06354 1.75546 1.85499 1.86552 1.90753 1.95003 1.99169 1.91986 1.84301 1.87242 1.92854
20201105 1.57144 1.565 1.53413 1.66863 1.7343 1.68353 1.73713 1.86493 1.89926 1.86357 1.95074 2.01617 1.55048 1.90958 2.1307 2.03852 2.0334 2.04092 2.04148 2.06978 2.16162 2.2117 1.75149 1.90888 1.96755 1.95572 1.99551 1.94511 1.83971 1.85448 1.93714 1.98817
20201106 1.63087 1.604 1.55785 1.57548 1.67949 1.73663 1.79049 1.77597 1.95633 2.13684 2.06021 2.13521 1.66507 1.78116 2.00751 2.28338 2.21823 2.21237 2.13216 2.13386 2.17292 2.27931 1.84258 2.04951 2.02985 1.95785 1.93991 1.9035 1.91465 2.02727 2.06516 2.07628
20201107 1.68722 1.66678 1.62884 1.6251 1.65284 1.83209 1.86392 1.89819 1.99031 1.96725 2.20549 2.14883 1.70035 1.84112 1.88845 2.11591 2.3087 2.18695 2.19687 2.10323 2.1712 2.17864 1.95805 2.09127 2.00743 1.91908 1.88132 1.90161 1.96654 2.09806 2.09986 1.9928
20201108 1.83326 1.81021 1.75512 1.76814 1.80275 1.80022 1.90375 1.9339 1.89185 2.07052 2.003 2.27292 1.7669 1.87185 1.91785 1.94359 2.20519 2.30651 2.1161 2.07027 2.03419 2.06656 2.00797 2.06169 1.90103 1.8926 1.88277 1.96128 2.1344 2.09485 2.03094 2.01821
20201109 1.84916 1.81721 1.74843 1.76672 1.81212 1.82541 1.84115 1.9525 1.98175 1.99132 2.11372 2.09612 1.93953 1.90463 1.96634 1.98685 1.97174 2.18618 2.26382 2.12452 2.06078 2.0845 1.92813 1.89107 1.90627 1.88969 2.00147 2.05018 2.03909 2.01274 2.0207 1.98061
20201110 1.74056 1.78902 1.74884 1.75207 1.76791 1.76381 1.78082 1.84775 1.97156 1.93482 1.99226 2.04183 1.94099 2.02071 1.95283 1.97392 1.9841 1.92797 2.08074 2.20436 2.15031 2.15068 1.78836 1.89546 1.87102 1.93279 1.98784 1.97564 1.92537 1.96115 1.93459 1.93988
20201111 1.66223 1.66705 1.69663 1.71915 1.73482 1.76161 1.79683 1.7714 1.80722 1.86637 1.98066 1.96412 1.73384 2.02936 2.00038 1.98598 2.0156 1.88837 1.90719 2.02514 2.13519 2.07674 1.71857 1.81663 1.90865 1.94073 1.95262 1.87605 1.89561 1.90038 1.89577 1.98124
20201112 1.65699 1.64693 1.59986 1.73096 1.74079 1.76447 1.78044 1.85192 1.85387 1.86816 1.91544 1.85272 1.71715 1.89658 2.05408 2.08008 2.05 2.06268 1.8984 1.94884 2.12586 2.14228 1.78962 1.9671 1.92416 1.92324 1.84168 1.86727 1.83036 1.86383 1.95198 1.90866
20201113 1.66574 1.66177 1.62086 1.63047 1.75499 1.74613 1.77349 1.84366 1.82814 1.87363 1.89891 1.93368 1.72627 1.81713 2.01187 2.05591 2.12062 2.06592 2.03899 1.98225 1.95734 2.18103 1.86585 1.92686 1.85924 1.82286 1.83621 1.81195 1.79749 1.91482 1.91174 1.96654
20201114 1.79375 1.78679 1.74082 1.75528 1.74094 1.85213 1.83851 1.83618 1.93105 1.90023 1.95471 1.98176 1.79578 1.91431 1.95019 2.07728 2.1009 2.10545 2.07263 2.10591 2.10298 2.04867 1.97379 1.97015 1.91739 1.88752 1.89797 1.87791 1.91931 2.00653 2.0031 2.04381
20201115 1.87167 1.81679 1.79304 1.82124 1.82534 1.88415 1.91781 1.94524 1.96016 1.99295 2.00618 2.08967 1.89783 1.9351 2.00403 2.05306 2.13643 2.19573 2.17684 2.19353 2.2131 2.19077 1.94837 1.90985 1.86027 1.91786 1.91584 1.99684 2.02876 2.01929 2.07869 2.09037
20201116 1.80686 1.75389 1.72776 1.77664 1.77906 1.78789 1.80768 1.91512 2.04602 1.98819 1.96366 2.14849 1.92269 2.00562 2.0301 2.05705 2.11598 2.21105 2.27507 2.31265 2.36131 2.34606 1.81938 1.87331 1.95663 1.94068 1.97817 2.04143 2.00105 2.03398 2.07591 2.05694
20201117 1.62977 1.69334 1.65273 1.66986 1.69638 1.73115 1.75317 1.84729 1.98212 2.03478 2.02463 1.99962 1.86407 1.9686 2.01996 2.06422 2.07085 2.13695 2.14333 2.28963 2.32214 2.33701 1.81011 1.99564 1.9717 1.92338 1.99613 1.97298 1.91877 2.0293 2.00241 2.00272
20201118 1.65653 1.67132 1.70907 1.7428 1.76411 1.80765 1.74746 1.84928 1.83406 1.96504 2.14713 2.09765 1.66688 1.92776 1.97811 2.02159 2.08463 2.06611 2.11136 2.14014 2.28404 2.24051 1.84611 1.93743 1.89077 1.96541 1.94213 1.84848 1.95324 1.93738 1.91174 1.95398
20201119 1.62863 1.63623 1.61103 1.69892 1.75227 1.72685 1.71078 1.81695 1.81588 1.83579 1.96497 2.01664 1.66204 1.72709 1.93687 1.9782 2.01126 2.02306 2.00903 1.96996 2.09407 2.25007 1.76541 1.81174 1.82377 1.91211 1.81721 1.85686 1.87842 1.81677 1.88292 1.90955
20201120 1.68094 1.67317 1.62181 1.64698 1.75257 1.78336 1.81382 1.87095 1.95652 1.95504 1.93633 2.10235 1.76656 1.85627 1.85383 2.04437 2.09733 2.04395 2.0591 2.02433 1.99861 2.07231 1.80089 1.84892 1.95109 1.85031 1.8864 1.92252 1.89767 1.93906 1.94355 1.99539
20201121 1.71553 1.68622 1.63247 1.68016 1.69312 1.75756 1.80595 1.85566 1.89885 1.87714 1.88785 1.90451 1.74712 1.87372 1.90359 1.94368 2.08694 2.12558 2.07451 2.05994 2.06745 1.99003 1.79601 1.94819 1.82838 1.80649 1.85379 1.87699 1.93042 1.91279 1.96004 1.91614
20201122 1.75005 1.70504 1.68881 1.73039 1.71912 1.76008 1.79292 1.84869 1.92364 1.93678 1.91859 1.93779 1.83819 1.87001 1.88584 1.91294 1.97242 2.02841 2.03239 2.0332 1.98268 1.99741 1.86888 1.83379 1.72515 1.80746 1.80106 1.86373 1.83254 1.88175 1.8737 1.82166
20201123 1.83502 1.80498 1.76965 1.80477 1.80173 1.84875 1.85226 1.9763 1.99226 2.05314 2.05735 2.02776 1.96 1.99811 2.05146 2.06519 2.04911 2.08548 2.18176 2.09567 2.11373 2.08707 1.84168 1.88632 1.8805 1.84309 1.91539 1.90426 2.0359 1.93427 1.89879 2.08999
20201124 1.739 1.75918 1.72536 1.7402 1.80541 1.81551 1.85119 1.87387 2.01311 2.0213 1.98438 1.95248 1.93177 1.98767 1.97137 2.0402 2.04541 1.99985 2.0712 2.20353 2.12052 2.14178 1.89118 1.90207 1.83498 1.89628 1.90385 2.07898 1.98521 1.92289 2.09008 1.98658
20201125 1.65894 1.66392 1.71168 1.72088 1.71634 1.74409 1.79194 1.77961 1.80302 1.95125 1.99987 1.99357 1.76553 1.98946 1.88896 1.96152 1.97777 1.98349 2.04611 2.10752 2.2041 2.17219 1.81612 1.80204 1.80622 1.88841 1.96853 1.93134 1.89024 1.99602 1.96101 2.04106
20201126 1.69926 1.71321 1.62976 1.76703 1.78133 1.81105 1.78575 1.82604 1.83305 1.86601 2.01852 2.05849 1.73301 1.92815 1.96535 1.95911 2.01158 1.99067 2.02389 2.0473 2.11926 2.19063 1.76111 1.78504 1.91698 1.90434 1.81968 1.83129 1.93381 1.91915 1.95315 2.02438
20201127 1.70923 1.70226 1.66171 1.68735 1.80827 1.83091 1.82564 1.90984 1.90462 1.90526 2.04584 2.14131 1.81483 1.92798 1.98089 2.05453 2.0561 2.07854 2.17341 2.11633 2.13754 2.13034 1.83731 1.90702 1.97673 1.8431 1.81918 1.91624 1.91756 1.96363 2.04472 1.9995
20201128 1.83038 1.86713 1.79874 1.83569 1.86677 2.00555 2.0009 1.9718 2.04304 1.93793 2.00101 2.03574 1.78535 1.92192 2.03908 1.98081 2.06563 2.14687 2.14081 2.23747 2.20198 2.21141 1.91855 2.07687 1.92325 1.83815 1.9443 1.95317 2.03516 2.0876 2.03765 2.09117
20201129 1.79914 1.77874 1.71521 1.73722 1.79538 1.78617 1.88998 1.93117 1.9273 1.98284 1.97369 1.97428 1.8522 1.8743 1.94759 1.99779 1.96793 2.05818 2.11855 2.10375 2.211 2.24029 1.96551 1.8792 1.69709 1.84517 1.85433 1.95099 1.9753 1.95732 2.01001 2.00113
20201130 1.81427 1.75604 1.74118 1.7794 1.78867 1.78428 1.81671 1.92687 1.97456 2.01549 1.91024 2.05745 1.87231 1.8807 1.86272 1.87575 1.84886 1.95027 2.03959 2.08882 2.08924 2.11775 1.82467 1.72044 1.81573 1.8607 1.86365 1.89141 1.9333 1.95304 1.93632 1.99056
20201201 1.69139 1.71662 1.65519 1.71943 1.72852 1.73568 1.77009 1.76979 1.92503 1.86939 2.08938 2.00273 1.81033 1.94911 1.88187 1.88441 1.84366 1.81368 1.93457 2.01888 2.06918 2.10062 1.71205 1.79773 1.82975 1.8433 1.87558 1.96863 1.9664 1.9641 1.96705 1.92697
20201202 1.69194 1.70219 1.76687 1.78656 1.81451 1.84696 1.83654 1.78513 1.87978 1.97307 1.96343 2.09829 1.82236 1.95673 1.99027 1.96408 1.96203 1.95175 1.96103 1.92115 2.08307 2.11444 1.76073 1.8806 1.87282 1.92181 1.96441 1.98676 1.94194 1.92426 1.94253 2.02956
20201203 1.66995 1.6768 1.65807 1.76012 1.8059 1.82908 1.87959 1.93851 1.91251 2.00374 2.06638 2.06836 1.78579 1.92187 1.99106 1.96972 1.99123 2.01696 2.02244 2.01441 1.96543 2.11551 1.82725 1.91712 1.96282 1.97663 1.99454 1.9474 1.93338 1.9634 2.08953 2.10148
20201204 1.69985 1.69697 1.6446 1.68789 1.79907 1.78476 1.81707 1.82572 1.90659 1.85518 1.97556 1.93621 1.69185 1.8207 1.92904 1.98173 1.97585 1.9682 2.00438 2.02001 2.04053 2.02281 1.84519 1.89372 1.91818 1.95719 1.96899 1.95191 1.95735 2.04917 2.07938 2.06017
20201205 1.79196 1.76838 1.739 1.75613 1.76702 1.83987 1.92438 1.95809 1.89514 1.94275 1.9721 2.00535 1.82896 1.84187 1.89686 1.93162 1.96469 2.01039 1.93628 2.00533 2.00071 2.04439 1.93066 2.00304 1.9887 2.04768 1.98783 2.01822 2.04155 2.04341 2.06244 2.04196
20201206 1.85961 1.84102 1.79858 1.81599 1.81728 1.81954 1.97652 2.00459 2.01112 1.95401 2.00348 2.03739 1.85129 1.93414 1.92124 2.02746 1.99082 2.05787 2.06583 1.99751 2.09567 2.07279 2.04689 2.06777 2.00894 2.00423 2.03985 2.13374 2.07493 2.16082 2.10889 2.11365
20201207 1.8562 1.81206 1.77023 1.78555 1.797 1.84041 1.8197 2.00109 2.01583 2.02 2.05898 2.03561 1.89526 1.95268 1.83734 1.87668 1.96466 2.02582 2.09956 2.04669 2.07698 2.1416 1.99155 1.93392 1.95455 1.94963 2.00694 2.04368 2.06421 2.03957 1.98039 1.99987
20201208 1.90577 1.93533 1.87496 1.90724 1.9343 1.99498 1.98752 1.96393 2.04683 2.06578 2.14741 2.07058 1.96384 2.05147 2.07734 1.95409 2.01 2.06344 2.17464 2.21651 2.14714 2.23634 1.94201 2.02033 2.0902 2.06919 2.11222 2.16231 2.09974 2.0239 2.08581 2.14205
20201209 1.82414 1.84357 1.90221 1.9131 1.92665 1.90328 1.93778 2.00172 2.08682 2.12619 2.18157 2.20438 1.97748 2.11386 2.12211 2.05915 2.13438 2.12818 2.15951 2.25911 2.25485 2.23229 1.98842 2.14441 2.19686 2.12612 2.21179 2.14414 2.04707 2.07665 2.12683 2.17511
20201210 1.78214 1.78788 1.7442 1.84428 1.87145 1.87532 1.85785 1.89477 1.94677 1.91286 1.98105 2.13396 1.79867 1.99803 2.11441 2.06216 2.00294 2.10621 2.00093 2.06802 2.15721 2.14788 1.98289 2.15008 2.04667 2.13703 2.04934 2.00418 1.98018 1.92608 2.00813 2.0623
20201211 1.87263 1.86154 1.78086 1.82153 1.96784 1.96223 1.97011 1.95933 1.92466 1.95539 2.00852 2.08472 1.79634 1.92175 2.08089 2.14868 2.05336 2.08691 2.09183 2.06569 2.11193 2.20454 2.03406 2.04235 2.04948 2.04226 2.04469 1.98782 1.9781 2.01497 2.07072 2.08529
20201212 1.83575 1.83703 1.82138 1.85233 1.8882 1.92172 1.92499 1.90321 1.91256 2.04811 2.09304 2.02358 1.94684 1.9065 2.03989 2.1531 2.12065 2.11776 2.1147 2.10372 2.19543 2.17871 1.95413 2.00961 2.0136 1.98627 1.94228 1.96669 2.00521 2.06401 2.0987 2.11386
20201213 1.92359 1.92112 1.88665 1.91712 1.92096 1.91158 2.01428 2.02353 2.01851 2.00107 2.21405 2.19265 1.95982 2.17577 2.09812 2.22744 2.26578 2.27274 2.26428 2.25745 2.3129 2.37942 2.03448 2.07882 2.00203 1.9197 1.98359 2.02675 2.07656 2.1132 2.11691 2.14395
20201214 1.93642 1.93354 1.90427 1.91892 1.93412 1.94758 1.90148 2.06127 2.00801 2.0669 2.06735 2.17579 1.98101 2.07836 2.12763 2.04634 2.12567 2.18355 2.18309 2.18758 2.2453 2.23737 1.97615 1.96745 1.82079 1.88669 1.93234 1.99427 2.04098 1.9814 2.02775 2.03576
20201215 1.85637 1.92815 1.88835 1.92679 1.93366 1.99076 1.98855 1.97195 2.02781 2.07926 2.11745 2.07529 1.94222 2.13739 2.14277 2.08303 2.04109 2.02313 2.13749 2.10001 2.19086 2.22394 1.80588 1.78648 1.85465 1.87533 1.93959 2.02678 1.89421 1.90656 1.9676 2.12584
20201216 1.70534 1.71702 1.8244 1.83909 1.88536 1.87508 1.8981 1.89441 1.94038 1.97905 2.00767 1.99023 1.89119 2.03716 2.12276 2.04235 2.08247 2.05162 2.02222 2.0553 2.09044 2.20744 1.73092 1.85626 1.91014 1.91058 1.9755 2.0036 1.92999 1.9534 2.09053 2.06677
20201217 1.69228 1.6966 1.63602 1.80385 1.80856 1.85167 1.87316 1.88125 1.90136 1.909 1.96423 1.95377 1.79143 2.02226 2.0937 2.09609 2.07242 2.15171 2.08915 2.03916 2.07831 2.20245 1.80203 1.93623 1.90698 1.94382 2.07384 1.97213 1.97709 2.09687 2.0838 2.1207
20201218 1.7315 1.73587 1.68963 1.71912 1.83677 1.86163 1.87314 1.89575 1.97731 1.96709 2.0023 2.00954 1.74179 1.94087 2.0032 2.07403 2.12862 2.17251 2.16922 2.07982 2.09579 2.16639 1.82828 1.88085 1.91625 2.02625 1.98396 1.98259 2.06593 2.07567 2.0995 2.05342
20201219 1.78737 1.78643 1.74329 1.77459 1.79267 1.88712 1.88392 1.91151 1.97819 2.08288 2.00281 2.04566 1.85745 1.86167 2.05716 2.03226 2.12783 2.14981 2.20382 2.23164 2.14981 2.22408 1.85228 1.97015 1.98314 1.95868 1.96801 1.99259 2.00947 2.06225 2.03482 2.03885
20201220 1.87767 1.87308 1.8148 1.82364 1.82297 1.86848 1.99538 1.95519 1.98921 2.04776 2.09306 2.15087 1.94291 2.00781 2.01162 2.15729 2.20333 2.26293 2.25028 2.30199 2.35526 2.27385 1.98524 2.01919 1.98493 1.95744 1.94544 1.96911 2.03845 2.03298 2.00692 2.0794
20201221 1.89873 1.82361 1.77863 1.80539 1.84102 1.87032 1.85162 2.01392 2.0313 2.03931 2.07611 2.02444 1.93648 2.05403 2.04881 2.04702 2.13472 2.17844 2.25823 2.27722 2.30474 2.39438 1.93374 1.93884 1.9337 1.93787 1.93806 2.00564 2.05318 1.97526 2.03732 2.01645
20201222 1.87259 1.85112 1.83078 1.84086 1.86798 1.87037 1.88544 1.90905 2.06406 2.04758 2.05593 2.15444 1.95641 1.98739 2.09188 2.05831 2.02219 2.14338 2.1855 2.27455 2.23168 2.3626 1.90614 1.96357 1.97488 1.99698 1.99956 1.99598 1.91333 1.90142 2.02155 2.01318
20201223 1.76361 1.78088 1.81299 1.83373 1.85992 1.8568 1.89795 1.98029 1.94741 2.02222 2.01298 2.09447 1.8715 1.92919 1.96053 2.0347 1.97616 1.96084 2.07881 2.14254 2.21286 2.21276 1.84002 1.92658 1.9658 1.97814 1.93099 1.82651 1.80261 1.9049 1.94151 1.90737
20201224 1.71678 1.71311 1.69724 1.74548 1.75464 1.73785 1.79931 1.82977 1.85244 1.83925 2.03115 1.92912 1.78576 1.92524 1.95988 1.93655 2.01067 1.95131 2.02517 2.09536 2.10503 2.1468 1.85357 1.93504 1.99575 1.9492 1.88612 1.87977 1.89063 1.94514 1.89498 1.94594
20201225 1.77273 1.77087 1.74354 1.77238 1.88123 1.87694 1.8784 1.86753 1.89518 1.90732 1.89713 2.11476 1.756 1.8951 1.98603 2.07926 2.04826 2.05493 2.0324 2.10285 2.07304 2.11295 1.88162 1.96717 1.9681 1.8587 1.8667 1.82369 1.8963 1.86409 1.86455 2.01383
20201226 1.84971 1.84432 1.79055 1.81174 1.87539 1.92794 1.93989 1.97458 1.9886 2.01644 2.04822 2.07871 1.9119 1.91114 1.99498 2.03287 2.09876 2.10642 2.12255 2.12812 2.14961 2.12273 1.91749 1.99758 1.78706 1.84247 1.78727 1.87645 1.89738 1.88829 2.01368 1.94261
20201227 1.84111 1.80324 1.76341 1.78298 1.80951 1.83881 1.93975 1.9733 1.94725 2.0268 2.08193 2.15551 1.95539 2.0781 2.00091 2.06162 2.09125 2.1986 2.20403 2.24032 2.24903 2.19759 1.96229 1.82723 1.93457 1.89092 1.95311 2.01793 2.04767 2.09957 2.09215 2.07395
20201228 1.87742 1.8267 1.78911 1.84212 1.84295 1.83014 1.87334 1.98691 1.98651 2.03739 2.05295 2.13849 1.88941 2.02684 2.13135 2.03678 2.11965 2.10579 2.19574 2.25904 2.22468 2.26701 1.83657 1.89983 1.84819 1.93495 1.97594 2.05803 1.95041 2.01395 2.01572 2.06357
20201229 1.79845 1.81748 1.77934 1.83174 1.87178 1.83569 1.87204 1.92331 2.05979 2.14209 2.0286 2.12677 1.9365 1.99897 2.09765 2.13391 2.09475 2.14073 2.14433 2.2129 2.25955 2.18683 1.86431 1.8311 1.88887 1.91177 1.91797 1.95967 1.91985 1.92879 2.00472 2.02424
20201230 1.71416 1.71467 1.81361 1.80397 1.82252 1.89521 1.85094 1.86767 1.9436 1.92656 1.94914 2.00751 1.81074 1.94858 2.00355 2.14728 2.14379 2.10968 2.0623 2.07368 2.13698 2.1828 1.81006 1.88014 1.89873 1.91289 1.97649 1.9395 1.88087 2.0196 1.94034 2.02081
20201231 1.70253 1.69917 1.67334 1.76543 1.81111 1.8426 1.8729 1.85905 1.86411 1.88031 1.95262 2.06848 1.72737 1.79962 1.9372 2.00941 2.08969 2.08747 2.04409 2.03005 2.06965 2.15619 1.82934 1.89457 1.91111 1.93275 1.87628 1.8568 1.94807 1.87358 2.00045 1.99137
20210716 1.90462 1.87957 1.81799 1.84002 1.9655 1.9469 1.97844 2.07165 2.07139 2.09813 2.11549 2.13234 1.97724 1.99597 2.15356 2.18202 2.23866 2.1544 2.21555 2.22489 2.23134 2.35449 2.10564 2.19353 2.17225 2.17985 2.07466 2.12724 2.10862 2.07298 2.10484 2.20813
20210717 2.02013 1.99519 1.91881 1.95872 1.94196 2.0319 2.04143 2.04964 2.10188 2.09935 2.12808 2.08444 1.93263 1.9766 1.97023 2.10177 2.17789 2.25584 2.14423 2.22647 2.23655 2.21998 2.0945 2.14475 2.13063 2.0518 2.1057 2.10333 2.0424 2.05615 2.11982 2.12462
20210718 2.02129 1.98705 1.91402 1.92966 1.95504 1.94889 2.01975 2.01502 2.02577 2.07053 2.14539 2.17534 2.04357 1.96484 1.94675 2.02582 2.1075 2.24536 2.28293 2.16406 2.28522 2.30735 2.0812 2.1763 2.04191 2.09352 2.07702 2.06682 2.09181 2.12313 2.12998 2.13412
20210719 2.03043 1.98515 1.92444 1.93979 1.95251 1.96457 1.97478 2.05245 2.09191 2.10755 2.12305 2.19338 2.06794 2.13171 2.01342 2.02537 2.11522 2.18145 2.29156 2.37414 2.25877 2.35212 2.13152 2.10932 2.10918 2.04752 2.06305 2.02983 2.05346 2.09532 2.09431 2.12878
20210720 2.17433 2.18522 2.13404 2.16472 2.16821 2.21142 2.2137 2.19788 2.21708 2.31696 2.34592 2.41981 2.21822 2.33025 2.27536 2.18418 2.23789 2.30393 2.33322 2.36547 2.44366 2.37229 2.22089 2.23292 2.21235 2.15133 2.17449 2.1597 2.19674 2.19026 2.17291 2.28619
20210721 2.19815 2.21227 2.26455 2.27866 2.29429 2.32372 2.3062 2.34916 2.31948 2.40161 2.39651 2.38541 2.27124 2.34639 2.41512 2.36245 2.31416 2.33312 2.40672 2.44457 2.47519 2.52057 2.19466 2.20852 2.16911 2.18384 2.20704 2.24484 2.25543 2.25885 2.37064 2.32407
20210722 2.01145 2.0074 1.96402 2.09376 2.13584 2.13854 2.17514 2.20633 2.1993 2.22852 2.24728 2.30235 2.10698 2.21621 2.28532 2.33758 2.31526 2.2196 2.21956 2.31035 2.3598 2.38078 2.03994 2.08803 2.11273 2.14192 2.16567 2.20235 2.24197 2.28723 2.24604 2.30989
20210723 1.89786 1.86428 1.81328 1.81801 1.98395 2.03333 2.05395 2.09407 2.09411 2.10018 2.15104 2.24134 1.97951 2.08926 2.13122 2.24571 2.3446 2.20531 2.15623 2.12365 2.1972 2.20895 1.99093 2.06991 2.10895 2.08971 2.07553 2.10928 2.16338 2.14628 2.1883 2.23695
20210724 1.91946 1.91787 1.88131 1.89739 1.9212 2.02943 2.02102 2.05496 2.09764 2.14576 2.13952 2.18689 1.95809 2.04222 2.04585 2.15631 2.2747 2.36486 2.21366 2.18902 2.14238 2.25669 2.0724 2.18403 2.03983 2.04088 2.06942 2.12303 2.13078 2.18379 2.20979 2.14115
20210725 2.01978 2.01593 1.94958 1.95511 1.9447 1.93099 2.02569 2.09066 2.09316 2.18005 2.15138 2.14081 1.98427 2.04338 2.1009 2.15186 2.23493 2.28762 2.37638 2.24812 2.2061 2.17461 2.11089 2.01855 2.02157 2.03732 2.1147 2.0932 2.18258 2.17353 2.13181 2.10406
20210726 2.07842 2.05264 2.00973 2.01959 2.07732 2.07366 2.07539 2.14614 2.17845 2.16691 2.21821 2.20184 2.04978 2.1067 2.07252 2.15336 2.19165 2.2678 2.3179 2.35185 2.30431 2.24567 2.03845 2.09487 2.08029 2.13659 2.12726 2.25999 2.23411 2.17749 2.14906 2.17734
20210727 2.01558 2.06543 2.00317 2.02516 2.03466 2.03752 2.06248 2.05671 2.1588 2.17958 2.26328 2.26672 2.12636 2.1612 2.21226 2.1463 2.21422 2.21685 2.34302 2.33362 2.33963 2.31838 2.03102 2.11896 2.18711 2.15169 2.2724 2.29999 2.18388 2.21894 2.26238 2.15655
20210728 1.88114 1.89493 1.94241 1.96453 1.99838 2.00176 2.07135 2.06587 2.06927 2.16879 2.20169 2.15955 1.99589 2.13861 2.16981 2.16915 2.1634 2.21655 2.20512 2.30848 2.27992 2.27536 2.02562 2.1381 2.10243 2.20099 2.30469 2.16373 2.1769 2.24763 2.17827 2.16459
20210729 1.84001 1.84211 1.80106 1.96068 1.95423 1.99251 2.02318 2.0479 2.06765 2.04438 2.20104 2.21244 1.8 1.94978 2.10801 2.10146 2.17909 2.16254 2.1552 2.16248 2.25318 2.23056 2.05631 2.05827 2.10886 2.24004 2.1046 2.1396 2.22827 2.15131 2.16962 2.25269
20210730 1.9926 1.97487 1.93972 1.92956 2.04186 2.08926 2.10961 2.11903 2.08996 2.11296 2.13249 2.24945 1.85823 1.89148 2.04084 2.11487 2.10039 2.22727 2.17353 2.12079 2.15733 2.21797 2.02416 2.10181 2.25411 2.09677 2.13286 2.16185 2.13352 2.14947 2.21526 2.20553
20210731 1.94297 1.95734 1.90535 1.87949 1.91512 1.98223 2.02895 2.02337 2.14189 2.14943 2.1556 2.17523 2.0292 2.00095 2.07151 2.13912 2.13204 2.12088 2.20824 2.13646 2.12949 2.18447 2.04866 2.24409 2.11013 2.09792 2.17309 2.13346 2.16292 2.18777 2.13462 2.16334
20210801 2.0496 2.01273 1.96778 1.97365 1.98118 2.00918 2.10131 2.14346 2.19704 2.20127 2.26293 2.28908 2.07225 2.13356 2.14649 2.17105 2.23437 2.24968 2.21258 2.30879 2.25619 2.27155 2.25348 2.18386 2.13199 2.24648 2.20847 2.2147 2.28867 2.19378 2.17351 2.15723
20210802 2.12836 2.08043 2.05244 2.0503 2.09281 2.04919 2.08458 2.19352 2.19986 2.31126 2.30174 2.31883 2.06645 2.12157 2.18811 2.20888 2.24268 2.23931 2.29705 2.24005 2.33249 2.27516 2.09251 2.17541 2.18781 2.152 2.14004 2.23452 2.12897 2.08635 2.12121 2.11583
20210803 1.9936 2.0432 2.02191 2.06202 2.08738 2.12487 2.11799 2.14811 2.23191 2.23927 2.32084 2.3611 2.1879 2.1761 2.20194 2.25215 2.26088 2.28766 2.22306 2.32587 2.26322 2.28311 2.1258 2.22905 2.20432 2.14066 2.23138 2.1812 2.09019 2.10873 2.14301 2.20644
20210804 1.97736 1.97819 2.01845 2.05579 2.10177 2.12102 2.11268 2.14656 2.18746 2.22026 2.2962 2.3594 2.00689 2.15785 2.16437 2.19812 2.24342 2.2066 2.25633 2.2681 2.3597 2.27895 2.14267 2.18998 2.13233 2.27761 2.35918 2.14444 2.14383 2.15881 2.22674 2.21456
20210805 1.99965 1.98885 1.95852 2.04611 2.06284 2.08407 2.10287 2.14737 2.18589 2.18577 2.23145 2.32986 2.00983 2.11438 2.16677 2.18259 2.21852 2.23266 2.19909 2.2962 2.26075 2.32716 2.07325 2.11473 2.21102 2.3277 2.22413 2.12672 2.12172 2.17278 2.22331 2.23467
20210806 1.95594 1.9355 1.91442 1.92745 2.00766 2.05859 2.08182 2.03591 2.05258 2.08651 2.08951 2.19673 1.9859 2.04389 2.15029 2.22789 2.14641 2.21061 2.25561 2.2215 2.3434 2.30354 1.97555 2.12751 2.17913 2.20672 2.10481 2.0726 2.0961 2.10583 2.08635 2.08993
20210807 1.90467 1.85239 1.81383 1.83178 1.85363 2.00597 2.025 2.035 2.12109 2.08742 2.15607 2.16128 1.99937 2.00146 2.092 2.17549 2.30016 2.19484 2.29932 2.28222 2.28278 2.41772 2.04339 2.12291 2.156 2.08412 2.0282 2.06874 2.05034 2.02895 2.05042 2.11573
20210808 1.95 1.91018 1.86844 1.89334 1.90787 1.94207 2.01381 2.05792 2.10416 2.1552 2.1736 2.19423 1.97982 2.04883 2.05264 2.1618 2.20231 2.31679 2.27318 2.30367 2.32999 2.34985 2.03899 2.14921 2.03756 2.02822 2.06504 2.07394 2.06293 2.08033 2.08141 2.04794
20210809 1.9932 1.95629 1.91594 1.95339 1.96274 1.98525 2.04045 2.10438 2.21986 2.17604 2.24814 2.1855 2.02362 2.07777 2.12429 2.1581 2.18947 2.30954 2.37739 2.31056 2.31478 2.38584 2.04289 2.07362 2.0538 2.06429 2.13261 2.15703 2.189 2.14806 2.0998 2.10431
20210810 1.92269 1.95991 1.90031 1.91436 1.92323 1.98321 2.00789 2.03341 2.2201 2.19588 2.2312 2.32853 2.09318 2.14097 2.13013 2.19671 2.15332 2.16586 2.29041 2.34507 2.30565 2.3649 2.00741 2.04769 1.9874 2.08038 2.11871 2.16815 2.12877 2.06914 2.00758 2.11419
20210811 1.80451 1.83782 1.91791 1.92045 1.90865 1.93626 1.95494 1.90099 1.89725 2.12784 2.1539 2.23225 1.92793 2.0743 2.05958 2.02152 2.07952 2.02972 2.05464 2.1497 2.20797 2.21514 1.88899 1.948 1.97248 1.99976 2.01161 2.00146 1.97747 1.92106 2.05417 1.94166
20210813 1.79808 1.78718 1.73337 1.75314 1.89597 1.87987 1.92709 1.92393 1.91516 1.89908 1.93522 2.17012 1.78412 2.00478 1.98126 2.03871 2.0273 2.03407 1.98805 2.00743 2.01272 2.11097 1.86682 1.88483 1.94776 1.91726 1.98553 2.02764 2.07373 2.07287 2.07717 2.1414
20210814 1.95529 1.94241 1.87343 1.87909 1.9203 2.01919 2.05117 2.10155 2.08181 2.08377 2.16927 2.14316 2.0265 2.02571 2.14831 2.10791 2.14299 2.19181 2.19554 2.12041 2.14543 2.14523 1.95407 2.0984 2.00347 2.02688 2.07529 2.11435 2.17809 2.20941 2.25148 2.18036
20210815 2.02071 2.01052 1.93197 1.94903 1.93753 2.01828 2.13884 2.15698 2.26396 2.24816 2.21781 2.26533 2.03658 2.14249 2.17319 2.26885 2.23864 2.27371 2.34189 2.28745 2.28194 2.29617 2.12195 2.09388 2.05023 2.05832 2.08737 2.13613 2.16594 2.2718 2.17844 2.168
20210816 2.02676 1.99853 1.93871 1.96186 1.99503 2.05271 2.01668 2.15357 2.15401 2.23821 2.26165 2.29084 2.01918 2.05984 2.14653 2.10714 2.23643 2.29024 2.35084 2.35381 2.34182 2.34671 1.98935 2.01481 2.04358 2.03293 2.10517 2.10868 2.19114 2.08111 2.07988 2.12088
20210817 1.91931 1.97196 1.93806 1.9713 1.96258 1.98718 2.05952 2.09424 2.2505 2.21636 2.29952 2.32939 2.06456 2.05847 2.07398 2.1631 2.05512 2.16215 2.29318 2.30599 2.31669 2.33026 1.9771 2.00855 2.03962 2.04885 2.06407 2.17507 2.0891 2.00461 2.08418 2.01975
20210818 1.8723 1.88655 1.95413 1.96823 1.9751 2.00663 2.06126 2.07549 2.11295 2.25448 2.28303 2.30156 1.9579 2.08974 2.08689 2.07259 2.18595 2.04871 2.12957 2.21886 2.24982 2.26301 1.87245 1.99629 1.96845 1.98977 2.08237 2.02072 1.94574 2.05515 1.9487 2.02266
20210819 1.80631 1.80622 1.75257 1.84726 1.85682 1.92235 1.94885 1.95281 2.02905 2.02012 2.17772 2.16899 1.84494 1.95642 2.07672 2.06962 2.05076 2.13262 2.09458 2.14723 2.19037 2.21764 1.91606 1.95093 1.97823 2.03152 1.99891 1.9452 2.03439 1.97099 2.04668 2.02583
20210820 1.79526 1.79305 1.73859 1.74466 1.87041 1.90131 1.88316 1.9714 1.98348 2.01207 2.04384 2.0781 1.88626 1.92039 2.01201 2.09926 2.12352 2.0574 2.15398 2.10007 2.17964 2.16481 1.8724 1.93768 2.02527 1.95694 1.98212 1.97916 2.00681 2.07599 2.06384 2.05884
20210821 1.79646 1.78202 1.70933 1.72079 1.73557 1.83917 1.88836 1.85538 1.87377 1.89233 1.97724 1.97633 1.76794 1.89913 1.90538 1.96677 2.05126 2.04932 2.00941 2.08372 1.99862 2.08587 1.83691 1.94008 1.91608 1.91845 1.86275 1.95949 1.99598 1.98676 1.9413 1.93334
20210822 1.76236 1.77089 1.72493 1.72378 1.75481 1.7502 1.85565 1.89165 1.90648 1.89968 2.01546 2.03335 1.89389 1.88478 1.977 1.94325 2.04538 2.10445 2.12334 2.0902 2.14071 2.08802 1.91566 1.96563 1.93774 1.92261 1.9816 2.04022 2.05106 1.98639 1.97194 1.94596
20210823 1.84727 1.8869 1.80409 1.81234 1.83958 1.82148 1.82068 2.00018 2.03809 2.01917 2.04231 2.16938 1.83605 2.01369 2.05398 2.12199 2.05238 2.15528 2.20996 2.22941 2.23399 2.2863 1.89425 1.89298 1.93794 1.97268 2.05226 2.06307 2.00709 1.99309 1.94287 1.93331
20210824 1.80515 1.88827 1.84063 1.85519 1.92889 1.927 1.96816 1.97761 2.09194 2.14923 2.15326 2.15655 1.8944 1.90166 2.00136 2.09779 2.10874 2.0997 2.15214 2.1996 2.27426 2.27313 1.85651 1.99313 2.0127 2.05961 2.08428 2.01908 2.00408 1.89749 1.93308 2.0018
20210825 1.79186 1.81967 1.83179 1.86447 1.8748 1.85901 1.85211 1.90155 1.95521 2.04341 2.09866 2.18199 1.89353 2.01716 1.95271 2.01507 2.10885 2.06659 2.10455 2.15361 2.17838 2.23129 1.91249 2.06476 2.04837 2.00643 2.05559 1.97413 1.87247 1.92705 2.01772 2.02154
20210826 1.82225 1.82313 1.75913 1.87455 1.87818 1.95475 1.99018 1.914 2.01912 2.03438 2.1226 2.13254 1.89214 2.02605 2.12036 2.01135 2.0553 2.07685 2.07247 2.13028 2.17459 2.21345 1.97453 2.08134 1.95926 2.13439 2.02457 1.97438 2.01285 2.06919 1.99972 2.14626
20210827 1.86695 1.87366 1.82514 1.84503 1.94914 1.89714 1.92769 2.047 1.95793 2.0602 2.1242 2.20007 1.8913 1.99826 2.07548 2.17465 2.05605 2.10404 2.09098 2.13936 2.14998 2.24455 2.0559 2.01071 2.11054 1.99265 2.00971 1.98392 2.07095 1.99967 2.18001 2.19865
20210828 1.97112 2.0069 1.90896 1.93578 1.94683 2.01732 2.02069 2.07624 2.22747 2.02523 2.10196 2.15916 1.95829 2.0226 2.0628 2.14977 2.25736 2.12974 2.14369 2.08063 2.11091 2.15943 1.97791 2.1046 1.95409 2.00828 2.02706 2.07989 2.07048 2.21664 2.25781 2.21241
20210829 1.96142 1.97067 1.90096 1.89674 1.94353 1.96819 2.09022 2.10143 2.08737 2.22673 2.1865 2.19499 2.01893 2.09583 2.13239 2.12733 2.21918 2.28123 2.22905 2.23363 2.19957 2.21083 2.04732 1.96373 1.97681 2.0573 2.13304 2.16898 2.22677 2.28262 2.20801 2.08147
20210830 1.92223 1.89681 1.85314 1.85892 1.89021 1.91212 1.89152 2.02381 2.12752 2.13937 2.17218 2.21935 1.97609 2.10067 2.10908 2.06826 2.05146 2.14055 2.19579 2.14448 2.1639 2.22965 1.88657 1.91447 1.95871 2.05751 2.08899 2.08195 2.15297 2.12926 1.96144 2.00061
20210831 1.87877 1.92865 1.90669 1.91325 1.9277 1.92836 1.96059 2.04561 2.1287 2.15297 2.12845 2.19261 2.01039 2.1094 2.23428 2.14105 2.14522 2.12908 2.16444 2.22653 2.164 2.17158 1.96326 2.0399 2.09785 2.15489 2.10701 2.14717 2.13354 2.02855 2.00427 2.2178
20210901 1.84001 1.84589 1.95081 1.98255 1.99356 2.00419 2.03989 1.96164 2.08204 2.14105 2.18956 2.17833 1.92672 2.12914 2.1586 2.23233 2.18153 2.23904 2.16169 2.17914 2.25223 2.13592 1.93872 2.05071 2.11317 2.13805 2.10583 2.05206 1.9692 1.89212 2.1208 2.06681
20210902 1.86089 1.86698 1.81778 1.96834 2.00452 2.00865 2.01965 2.0462 2.10435 2.11462 2.1777 2.20874 1.90364 2.06322 2.20403 2.22455 2.20338 2.20365 2.26885 2.20221 2.29064 2.34325 1.96122 2.09838 2.12281 2.07386 2.06085 1.9389 1.9185 2.04523 2.02654 2.08343
20210903 1.85912 1.84691 1.79668 1.84807 1.95666 2.01181 2.06043 2.08359 2.10935 2.08495 2.07328 2.25073 1.89965 1.98273 2.08064 2.21616 2.27852 2.19254 2.19102 2.23733 2.2219 2.28069 2.00896 2.11438 2.11224 2.14555 1.99155 1.99184 2.05665 2.04424 2.11241 2.15414
20210905 1.80081 1.79333 1.75383 1.77303 1.77718 1.88712 2.03603 2.10038 2.12935 2.09566 2.12443 2.22136 1.91207 1.9913 1.99742 2.03969 2.08805 2.21887 2.2105 2.26287 2.2707 2.222 2.03544 2.02198 1.92817 1.94345 1.95756 1.90726 1.94183 2.01543 1.99705 2.01966
20210906 1.90454 1.87707 1.84498 1.81467 1.84349 1.83591 1.91881 2.0675 2.13971 2.11227 2.1968 2.16013 1.88322 1.96459 2.02105 2.04224 2.13267 2.13197 2.21007 2.15808 2.22289 2.23601 1.90471 1.95046 1.9666 1.9741 1.93779 1.91434 1.99139 1.93997 1.9573 2.01631
20210907 1.71872 1.78278 1.75005 1.78786 1.76404 1.78195 1.82709 1.83555 2.11799 2.07533 2.08071 2.19485 1.88567 1.95109 1.95757 2.00906 2.00301 2.14742 2.12529 2.25978 2.20797 2.23484 1.83771 2.00114 1.93347 1.91722 1.98025 1.99533 1.92841 1.95526 1.92884 1.96302
20210908 1.78444 1.80272 1.89353 1.91086 1.92309 1.93223 1.94365 1.94736 2.00082 2.09114 2.15611 2.21402 1.88599 2.09186 2.16615 2.13254 2.08998 2.08779 2.17062 2.12437 2.30668 2.28299 1.89411 2.03066 1.99167 2.11054 2.11321 1.97449 2.10033 1.99387 2.05145 2.11605
20210909 1.87723 1.89907 1.8323 2.01299 2.04163 2.03831 2.068 2.1325 2.05827 2.17789 2.23485 2.34214 1.97574 2.12934 2.22553 2.28031 2.27286 2.14119 2.19043 2.22458 2.16915 2.36302 2.11399 2.14556 2.14213 2.15524 2.03212 2.12648 2.11051 2.14104 2.23361 2.24247
20210910 1.87566 1.90316 1.85816 1.88897 2.01994 2.04124 2.071 2.15051 2.21333 2.13147 2.21397 2.17807 1.87297 1.96835 2.05204 2.19268 2.20073 2.16137 2.04693 2.09471 2.10324 2.16785 2.03133 2.05583 2.0956 2.02398 2.11463 2.0489 2.08442 2.10377 2.23125 2.14786
20210911 1.93279 1.95194 1.90004 1.92533 1.92106 1.9962 2.00684 2.06682 2.11192 2.21732 2.29253 2.27133 1.9506 1.97282 2.02382 2.09916 2.19679 2.13533 2.12665 2.1348 2.1246 2.0888 1.96208 2.13767 2.12802 2.0824 2.08456 2.11634 2.04306 2.18744 2.12383 2.19364
20210912 1.68418 1.70977 1.69095 1.73986 1.7133 1.74774 1.8374 1.83871 1.90352 1.9378 2.12077 2.21838 1.83048 1.89936 1.88175 1.97042 2.02342 2.08271 2.00722 1.97536 2.05077 2.03183 1.85611 1.9203 1.81364 1.83748 1.95037 1.92284 2.01076 1.96921 2.05115 2.04678
20210913 1.74818 1.72271 1.67397 1.71869 1.72323 1.71264 1.77757 1.87735 1.88315 1.94994 2.05135 2.13384 1.74232 1.84271 1.91381 1.90279 1.94583 2.01794 2.05939 1.96117 1.96635 2.00115 1.81518 1.85971 1.8311 1.95099 1.9927 1.9513 1.97605 2.04581 2.10509 1.95405
20210914 1.77898 1.79952 1.77782 1.8205 1.83712 1.85867 1.82432 1.84846 1.93083 1.98958 2.0019 2.20868 1.81859 1.83677 1.87471 1.96365 1.88121 1.92747 2.02882 2.03145 2.00898 2.01366 1.83352 1.91868 1.98006 2.02189 1.98074 1.98993 2.03229 2.03445 1.96716 1.94967
20210915 1.75146 1.7877 1.81968 1.81627 1.83307 1.88483 1.93253 1.92387 1.93336 1.99058 2.12627 2.15218 1.87188 1.95502 1.90642 2.02403 2.0843 1.99981 1.99054 2.12362 2.12118 2.12139 1.92335 1.97931 1.96916 1.96274 2.01055 2.03568 1.9549 1.92618 1.91376 1.91168
20210916 1.79108 1.84542 1.80991 1.89092 1.95668 1.96405 2.00508 1.98782 1.94965 1.94718 2.06744 2.12652 1.83696 2.00706 2.03484 2.00682 2.09596 2.1064 2.15084 2.13167 2.25036 2.24838 1.91778 1.99445 2.01845 2.04542 2.04841 2.03785 1.94862 2.01702 1.86255 1.94186
20210917 1.80148 1.80852 1.78015 1.8197 1.88842 1.89828 1.95074 1.9409 1.97519 2.00327 2.12912 2.20888 1.84481 1.91389 2.01036 2.12298 2.12555 2.16529 2.11452 2.17962 2.11238 2.20771 1.9317 2.04652 1.99907 1.98996 2.01525 1.95764 2.04427 1.90118 1.98427 2.07771
20210918 1.78836 1.8112 1.77104 1.79215 1.8116 1.90838 1.92954 1.97454 2.01284 1.98217 2.07557 2.16275 1.85067 1.94686 1.99152 2.10149 2.16394 2.21742 2.22451 2.14333 2.17558 2.09867 2.02483 2.02745 1.9666 2.00527 1.98449 2.01859 1.94155 1.98482 2.07867 2.02198
20210919 1.82058 1.82538 1.7687 1.78484 1.80529 1.80217 1.91245 1.95832 2.01503 2.03645 2.06913 2.10158 1.84641 1.93872 1.93167 1.93935 2.05317 2.06522 2.10343 2.10794 2.11878 2.17339 1.98375 1.98944 1.93117 1.93317 1.94127 2.0096 2.07263 2.0483 2.00076 1.99598
20210920 1.75828 1.75672 1.72217 1.75634 1.76838 1.73709 1.77771 1.88603 1.97997 1.98648 1.95396 2.01652 1.87502 1.97195 1.936 2.01601 1.89788 1.96815 2.02097 2.05705 2.12052 2.21566 1.89775 1.86191 1.80237 1.9105 2.0197 2.16782 2.11072 2.02553 1.9927 1.99628
20210921 1.80806 1.90713 1.87 1.86964 1.86739 1.89967 1.89183 1.91301 1.99801 2.07037 2.06503 2.13243 1.84723 2.05845 2.08621 2.05764 2.10846 2.02374 2.09905 2.15026 2.23645 2.22075 1.83516 1.8663 2.01066 2.08743 2.21088 2.20575 2.06323 2.06899 2.05797 2.04583
20210922 1.72972 1.74607 1.83755 1.87425 1.91028 1.97022 1.97997 2.01527 1.93728 2.1202 2.14711 2.23947 1.92532 2.07413 2.16816 2.15579 2.16567 2.19585 2.11906 2.225 2.27535 2.29862 1.93193 2.12115 2.16988 2.32113 2.28907 2.18571 2.20195 2.11475 2.17013 2.22659
20210923 1.77882 1.79553 1.73514 1.89877 1.87944 1.95696 1.96999 1.99614 2.06374 2.15252 2.23373 2.05032 1.80678 2.01322 2.06978 2.1357 2.22281 2.19094 2.27074 2.20399 2.23774 2.26996 2.01767 2.15585 2.39087 2.30949 2.24521 2.21791 2.1888 2.16252 2.21462 2.22773
20210924 1.85659 1.8632 1.80335 1.79222 1.97568 1.93695 2.06341 2.05778 2.02858 2.14855 2.05427 2.26439 1.76795 1.90979 2.02035 2.0866 2.10615 2.22213 2.14611 2.25034 2.13705 2.15814 1.97321 2.2612 2.21537 2.17758 2.07917 2.13566 2.10086 2.11792 2.14727 2.25422
20210925 1.85364 1.83917 1.78134 1.78668 1.79011 1.92104 1.9323 2.0695 2.10512 2.06432 2.21662 2.10433 1.92726 1.99143 2.03626 2.14352 2.19656 2.21628 2.2674 2.21458 2.26401 2.16103 2.0743 2.18399 2.18506 2.06297 2.18601 2.13419 2.15647 2.18109 2.27939 2.23086
20210926 1.89712 1.8821 1.85372 1.86573 1.87654 1.90348 2.05275 1.99766 2.09324 2.19819 2.20007 2.25549 1.90909 2.09323 2.09141 2.11916 2.18252 2.22465 2.26906 2.25888 2.19303 2.24973 2.08958 2.17822 2.06871 2.19794 2.19361 2.21154 2.28031 2.27431 2.31732 2.31037
20210927 1.94286 1.93352 1.88395 1.90767 1.90826 1.93878 1.92479 2.09542 2.17032 2.10874 2.20305 2.12849 1.94328 2.08408 2.1631 2.15435 2.14316 2.23475 2.27807 2.30546 2.27137 2.22928 2.04046 2.03884 2.04201 2.14346 2.18988 2.25175 2.23892 2.29469 2.32431 2.26902
20210928 1.85729 1.8895 1.83089 1.88553 1.88132 1.93855 1.9059 1.93669 2.0272 2.11906 2.17012 2.21773 1.99395 2.01195 2.08379 2.11617 2.08574 2.13785 2.24025 2.23426 2.2845 2.28592 1.93708 1.98161 2.0466 2.1245 2.18354 2.26786 2.22073 2.22765 2.20425 2.21599
20210929 1.82373 1.84109 1.87237 1.89601 1.90306 1.88846 1.89896 1.96145 1.88324 2.10511 2.10891 2.15158 1.89157 2.08313 2.08166 2.03112 2.0427 2.11615 2.13441 2.23134 2.22945 2.26711 1.92631 2.04755 2.04288 2.10512 2.16752 2.21827 2.1837 2.1489 2.167 2.18246
20210930 1.82747 1.82217 1.7741 1.8779 1.92623 1.88603 1.94498 2.024 1.99985 2.01581 2.09369 2.13624 1.94127 2.06887 2.1579 2.11354 2.10663 2.16344 2.25838 2.24593 2.32012 2.31525 2.02529 2.06789 2.0338 2.07614 2.14016 2.12611 2.13608 2.15636 2.23003 2.31469
20211001 1.93662 1.94439 1.89273 1.93497 2.01455 2.05109 2.044 2.11691 2.06986 2.15046 2.14444 2.20085 1.82773 2.02444 2.09012 2.18978 2.1497 2.17168 2.24832 2.31812 2.28583 2.35816 1.97891 2.0242 2.06535 2.07389 2.04972 2.12196 2.16354 2.2127 2.31841 2.29547
20211002 1.84727 1.85754 1.80614 1.80568 1.89232 1.98418 2.00614 2.01063 2.07818 2.04296 2.18031 2.20773 1.91621 1.90468 2.01509 2.02367 2.1564 2.15333 2.13914 2.21702 2.31651 2.28695 1.92454 2.00235 2.05959 2.0052 2.04886 2.04869 2.14086 2.24658 2.20216 2.16168
20211003 1.90712 1.90409 1.86042 1.85032 1.85995 1.92325 2.08771 2.099 2.12191 2.14871 2.15855 2.25572 1.93551 2.04796 2.01408 2.08962 2.1166 2.2442 2.24672 2.21401 2.30349 2.41006 1.98529 2.11843 2.03774 2.06612 2.14125 2.20304 2.34608 2.31513 2.2297 2.1796
20211004 1.99139 1.99098 1.93905 1.955 1.95403 1.95877 2.02228 2.16188 2.13559 2.19758 2.24484 2.16618 2.04862 2.08552 2.15909 2.10202 2.16503 2.22248 2.30058 2.23169 2.26699 2.35241 2.11462 2.09711 2.1241 2.28125 2.27931 2.35071 2.31577 2.23229 2.18726 2.19687
20211005 1.9566 2.06805 1.99037 2.01708 2.03515 2.04518 2.04102 2.05518 2.27954 2.31617 2.35156 2.34584 2.12338 2.19801 2.14982 2.19282 2.15823 2.20184 2.28311 2.27215 2.26885 2.3194 2.04333 2.14655 2.23174 2.25091 2.31077 2.2684 2.22746 2.10087 2.15391 2.04699
20211006 1.86551 1.88821 1.94698 1.96185 1.97689 1.97803 2.04623 2.00471 2.0629 2.20113 2.25932 2.28748 1.93638 2.16665 2.16493 2.22088 2.10382 2.11715 2.15725 2.24536 2.23872 2.26707 1.97248 2.18109 2.15333 2.21503 2.18357 2.23468 2.07142 2.12461 2.1396 2.13425
20211007 1.88957 1.87858 1.85205 1.94801 1.96361 1.99785 2.02094 2.05269 2.07189 2.07778 2.20163 2.29981 1.93811 2.07335 2.18754 2.19747 2.21712 2.16884 2.12022 2.16369 2.25365 2.24394 2.01473 2.14597 2.11816 2.13188 2.15311 2.03238 2.13465 2.15024 2.10803 2.09898
20211008 1.86707 1.87952 1.83894 1.87668 1.99043 1.98822 1.98418 2.05722 2.04627 2.04671 2.20639 2.19506 1.94558 2.07518 2.13515 2.27359 2.23682 2.22243 2.17559 2.15724 2.19375 2.23734 2.09065 2.15464 2.16765 2.17231 2.0552 2.22425 2.13564 2.14141 2.11871 2.16605
20211009 1.96409 1.96318 1.94605 1.9708 1.9695 2.13348 2.1046 2.13851 2.1973 2.18026 2.2267 2.34687 1.99157 2.08634 2.14725 2.15287 2.31443 2.29023 2.29027 2.21471 2.2709 2.23635 2.11651 2.16095 2.174 2.03831 2.1775 2.12128 2.11729 2.22576 2.26896 2.23449
20211010 1.90379 1.93489 1.89585 1.90468 1.87309 1.92342 2.04485 2.05134 2.03015 2.18478 2.17825 2.31425 2.01123 2.13702 2.1129 2.15158 2.11699 2.24094 2.29141 2.30973 2.27847 2.30358 2.07069 2.12474 2.0398 2.10862 2.09411 2.08356 2.1973 2.35479 2.23202 2.19624
20211011 1.91116 1.92399 1.90257 1.91035 1.93315 1.9804 1.95104 1.99347 2.01222 2.03209 2.19295 2.27149 1.93167 2.06768 2.07553 2.05987 2.07934 2.10994 2.20114 2.25527 2.29258 2.19417 2.02042 1.97374 2.03484 2.0432 2.04191 2.10301 2.2488 2.20698 2.15705 2.18071
20211012 1.81458 1.89906 1.86288 1.87661 1.90815 1.93024 1.96125 1.98961 2.08502 2.0831 2.15907 2.12409 1.9183 2.03126 1.99481 1.96493 2.01507 2.04023 2.14435 2.26214 2.21359 2.21399 1.84019 2.00892 2.02438 2.01208 2.05816 2.11825 2.1436 2.10907 2.06318 2.13425
20211013 1.68717 1.68796 1.78159 1.81822 1.81472 1.86986 1.92736 1.90165 1.90864 2.10872 2.09827 2.15403 1.80408 1.98729 1.97493 2.00446 1.9744 2.0207 1.99622 2.10437 2.26234 2.18748 1.8885 1.97628 1.97383 2.03128 2.0795 2.07835 2.07974 1.98004 2.11913 2.19813
20211014 1.73916 1.72807 1.69145 1.82132 1.85626 1.87139 1.88863 1.94541 1.94571 1.95287 2.00969 2.07247 1.73752 1.91072 2.01406 2.00464 2.00853 2.0571 2.04342 2.04162 2.15933 2.24608 1.9021 1.98405 2.02704 2.07803 2.11304 2.01453 1.92438 2.08353 2.09388 2.20274
20211015 1.72927 1.72978 1.6854 1.71379 1.83387 1.84786 1.86342 1.87959 1.98734 1.96181 1.98464 2.07013 1.73136 1.72711 1.916 2.03715 2.09109 1.99584 2.03817 2.02523 2.07979 2.16587 1.82418 1.99487 1.97437 1.95714 1.84532 1.86367 1.91632 1.96298 2.08586 2.08262
20211016 1.76278 1.78349 1.76908 1.7444 1.7576 1.85733 1.86613 1.89702 1.84394 2.13573 2.08344 2.12153 1.95198 2.02097 1.94392 2.08526 2.23022 2.26972 2.18571 2.20825 2.14456 2.148 1.99076 2.07869 1.99596 1.90383 1.88174 1.93427 1.97555 2.02644 2.13078 2.08314
20211017 1.89744 1.88988 1.84701 1.83306 1.84672 1.84558 1.9987 2.01016 1.94235 2.03688 2.12031 2.09718 1.90963 2.0721 2.08073 2.02861 2.14181 2.27046 2.32221 2.30133 2.25829 2.13933 2.12284 2.09443 2.12182 1.98068 1.97892 2.05313 2.10553 2.14476 2.07702 2.0863
20211018 1.86144 1.84779 1.81689 1.83999 1.83131 1.80908 1.88855 2.0289 2.11025 2.05267 2.12461 2.12868 1.93631 2.04827 2.03877 2.11321 2.04078 2.16711 2.26514 2.35527 2.36325 2.2393 1.96718 2.08969 2.08726 2.04677 1.97817 2.11762 2.11429 1.99275 2.03382 2.15131
20211019 1.74876 1.82179 1.78431 1.80527 1.81762 1.79854 1.79661 1.8142 2.04541 2.09501 2.02963 2.16448 1.89914 2.12543 2.15762 2.19685 2.20113 2.16488 2.27346 2.39728 2.45 2.44191 1.92445 2.11369 2.09279 2.05923 2.04839 2.1027 2.04997 2.0436 2.13276 2.12343
20211020 1.788 1.79588 1.82485 1.83034 1.8699 1.90674 1.90365 1.9574 1.88599 2.10372 2.17175 2.16513 1.84626 2.10861 2.29491 2.2522 2.24073 2.24304 2.22216 2.33862 2.45883 2.52049 1.97139 2.0163 2.07576 1.99048 2.15653 2.13938 2.03087 2.09832 2.17711 2.12168
20211021 1.81522 1.82015 1.78783 1.90909 1.90467 1.91954 2.00052 1.99295 2.00002 1.95383 2.11014 2.15688 1.85379 2.03855 2.14486 2.2833 2.21142 2.22866 2.19548 2.184 2.19367 2.34568 1.92211 2.06794 1.99988 2.15893 2.14517 2.04987 2.08568 2.21835 2.14435 2.19041
20211022 1.77354 1.78799 1.73235 1.74638 1.79692 1.81961 1.83765 1.87313 1.91432 2.01931 2.02085 2.19395 1.93967 1.96221 2.06359 2.08098 2.15091 2.19293 2.21408 2.20943 2.15131 2.16573 1.92834 2.04829 2.09786 1.96419 2.00647 2.05896 2.06433 2.14282 2.22247 2.29814
20211023 1.76875 1.76227 1.67977 1.71426 1.72636 1.79107 1.81285 1.78711 1.88306 1.86854 1.92026 2.06033 1.8027 2.04668 1.94732 2.01066 2.00208 2.1175 2.22836 2.22132 2.22121 2.18325 1.9273 2.09663 1.88756 1.90126 2.02034 1.95836 1.98056 2.12506 2.16502 2.17122
20211024 1.77675 1.78002 1.70227 1.72564 1.72133 1.75114 1.78623 1.82905 1.85636 1.92372 1.94783 1.91796 1.79687 1.84942 1.98052 1.85828 1.92971 1.98579 2.11164 2.14909 2.16091 2.24703 1.95646 1.95606 1.8811 2.00891 2.06573 2.01783 2.10117 2.17616 2.13443 2.10375
20211025 1.78015 1.76904 1.73194 1.75683 1.77625 1.79044 1.80863 1.90216 1.94032 1.87619 1.9461 2.06724 1.80797 1.86383 1.81313 1.89185 1.86195 1.90683 2.01281 2.08369 2.0891 2.11134 1.86331 1.82273 1.95785 2.03641 2.01057 2.01958 2.17039 2.1695 2.10626 2.05964
20211026 1.78557 1.8127 1.77024 1.80713 1.83782 1.79737 1.83503 1.85813 1.95094 1.9872 2.0758 2.1299 1.98284 2.0784 2.01167 1.97262 2.11852 2.10886 2.17152 2.17583 2.23345 2.30341 1.82943 1.998 1.99161 2.01098 2.08039 2.15996 2.28782 2.13919 2.08623 2.07859
20211027 1.74103 1.74908 1.75336 1.75366 1.80224 1.81521 1.81006 1.82188 1.94797 2.0638 1.9841 2.19618 1.87211 2.13743 2.12932 2.02108 2.06775 2.20959 2.16793 2.24546 2.19604 2.28695 1.92643 1.97114 1.91408 2.06885 2.10896 2.18994 2.06072 2.03742 2.0009 2.1331
20211028 1.74497 1.74956 1.73752 1.84192 1.82401 1.82996 1.92734 1.889 1.91771 1.94556 2.08388 2.03095 1.76591 1.91169 2.02529 2.04521 2.01622 2.05443 2.08721 2.04946 2.06973 2.11242 1.93357 1.93702 1.99623 2.04865 2.01785 1.96656 2.04307 2.00882 2.09551 2.05402
20211029 1.80281 1.79838 1.76189 1.79428 1.90028 1.93499 1.94278 1.91655 2.04492 2.08422 2.04188 2.2017 1.85351 1.93402 1.99552 2.05752 2.15242 2.03929 2.12112 2.17616 2.15844 2.09638 1.965 1.9904 2.00327 2.02927 1.92062 2.01141 2.05185 2.09264 2.04557 2.06049
20211030 1.79468 1.78138 1.73941 1.76909 1.75994 1.89194 1.91872 1.91917 1.93138 2.00855 2.08951 1.97106 1.77289 2.00265 1.93257 1.97336 2.16589 2.19065 2.05641 2.12056 2.19243 2.09886 1.97448 1.99526 2.02962 1.9336 2.01641 2.09912 2.16821 2.15018 2.12921 2.11262
20211031 1.91721 1.88558 1.85889 1.88958 1.88694 1.93212 2.01218 1.9985 2.00507 2.12067 2.1089 2.05905 1.80652 1.89764 2.10167 1.92322 2.00931 2.21734 2.19547 2.12755 2.16239 2.23318 1.99049 2.02004 1.99275 2.04442 2.17332 2.20112 2.21459 2.1579 2.13819 2.19336
20211101 1.79551 1.80503 1.74377 1.76881 1.80736 1.77163 1.79609 1.92423 1.98492 2.00357 2.09058 2.05965 1.84332 1.99402 2.02072 2.08817 1.91471 2.1083 2.21771 2.23562 2.23167 2.18673 1.92116 1.9403 2.05203 2.08243 2.11893 2.14007 2.15882 2.0734 2.04329 2.11429
20211102 1.76171 1.80002 1.71391 1.7547 1.76064 1.73663 1.8018 1.82171 1.9095 1.95644 2.0039 2.09714 1.79764 1.9428 1.97139 2.02932 2.12568 1.98269 2.18991 2.31515 2.26175 2.23907 1.86759 2.07468 2.08474 2.09196 2.12385 2.11138 2.05685 2.01693 2.12435 2.12358
20211103 1.71598 1.7189 1.8071 1.81583 1.81475 1.86425 1.93726 1.89835 1.95097 1.9946 2.05507 2.08553 1.81833 1.94816 1.94739 1.9883 2.05952 2.12753 2.08522 2.14935 2.30085 2.2294 1.89718 2.01881 2.01715 2.00428 1.99665 1.99859 1.98687 2.05979 2.07727 2.11213
20211104 1.76904 1.76426 1.71019 1.86691 1.8858 1.91811 1.92781 1.97656 2.02157 2.03539 2.07222 2.15155 1.76777 2.05182 2.12314 2.02565 2.00985 2.07097 2.098 2.10108 2.14112 2.21205 1.89738 1.95281 1.98182 1.98782 1.92834 1.96202 2.03313 2.02829 2.15881 2.1562
20211105 1.8118 1.82141 1.79097 1.8266 1.96482 1.96097 1.99062 1.9803 1.94936 2.02458 1.97859 2.13792 1.81883 1.92251 2.09147 2.1413 2.11356 2.05491 2.12088 2.08009 2.112 2.17327 1.9187 1.99435 1.98932 1.9807 1.94388 2.02388 1.99836 2.14431 2.15624 2.14925
20211106 1.84442 1.84119 1.79528 1.8082 1.84714 2.04211 1.94625 2.05538 2.08925 2.025 2.13146 2.08928 1.83514 1.93725 1.97207 2.05463 2.20647 2.14464 2.1087 2.18152 2.08355 2.14723 1.96143 2.06593 2.01614 1.94518 1.98153 1.96298 2.08702 2.11523 2.11336 2.10958
20211107 1.81191 1.79512 1.73378 1.79045 1.78243 1.83782 1.99661 2.05714 2.08222 2.07643 2.15419 2.20052 1.90149 1.92951 1.98749 2.0326 2.09919 2.31373 2.22565 2.19973 2.21835 2.20279 1.97921 2.05616 1.9374 1.92503 1.93273 2.09562 2.131 2.13369 2.07089 2.01987
20211108 1.73211 1.68972 1.68099 1.67721 1.72017 1.6872 1.67977 1.89808 1.87081 2.0468 1.92193 2.15958 1.84404 1.93694 1.92073 1.97845 2.06032 2.17076 2.27007 2.1786 2.1816 2.18619 1.86006 1.82582 1.86697 1.91639 1.98061 1.98053 2.06 2.04663 1.94678 2.0098
20211109 1.84648 1.84102 1.78823 1.81504 1.8327 1.86473 1.8412 1.98869 2.09963 2.01291 2.1502 2.04006 1.89715 2.05292 2.06194 2.07912 2.11308 2.15861 2.25969 2.3137 2.22618 2.27459 1.90669 2.01826 2.08783 2.12607 2.0716 2.08227 2.09013 2.06928 2.07188 2.0778
20211110 1.91209 1.93315 1.91982 1.94898 1.97888 2.00312 2.03858 2.13074 2.12511 2.25256 2.17873 2.32034 1.92342 2.0961 2.1065 2.10454 2.1588 2.19103 2.23927 2.28813 2.33859 2.32299 2.0114 2.0918 2.18025 2.17765 2.16913 2.14235 2.12198 2.1727 2.1705 2.22674
20211111 1.86544 1.88151 1.82256 1.90758 1.92207 1.95036 1.94103 1.93845 1.97866 2.04857 2.23395 2.18513 1.96734 2.02355 2.13364 2.02144 2.07565 2.14382 2.16938 2.22515 2.20567 2.27937 1.96309 2.07813 2.14855 2.17542 2.05711 1.97004 2.08547 2.16074 2.19338 2.22158
20211112 1.77175 1.7634 1.72637 1.7072 1.87972 1.86335 1.87396 1.97007 1.95171 1.96973 2.05776 2.13449 1.81727 1.93433 2.02306 2.08457 1.91997 2.03323 1.99248 2.06406 2.153 2.14701 1.88426 2.1327 2.11477 2.00592 1.88276 1.97264 2.05064 2.0905 2.12029 2.10461
20211113 1.74581 1.7439 1.69537 1.74062 1.74532 1.83334 1.83147 1.93024 1.99795 1.92482 2.0802 2.04838 1.8785 1.90875 1.94654 2.12896 2.0751 1.95993 2.12886 2.06391 2.1299 2.24315 2.08267 2.11149 2.06286 1.94114 1.99656 2.05182 2.08615 2.06963 2.10135 2.1489
20211114 1.91376 1.91847 1.88175 1.86539 1.90565 1.916 1.95857 1.94049 2.05626 2.1174 2.15702 2.31244 1.87135 2.01956 2.02105 2.08232 2.094 2.07047 2.16409 2.20884 2.19619 2.2426 2.11267 2.08488 1.95808 2.00206 2.09805 2.07856 2.03242 2.11169 2.17477 2.24784
20211115 1.95882 1.96009 1.90454 1.93998 1.91779 1.94387 1.87849 1.9869 2.10564 2.22422 2.21052 2.15864 1.97819 2.12152 2.16125 2.17291 2.14928 2.08172 2.12502 2.28003 2.20432 2.1578 2.07031 2.01633 1.9772 2.09491 2.15797 2.09634 2.13513 2.17425 2.28428 2.27108
20211116 1.85012 1.89145 1.85944 1.8923 1.94673 1.91973 1.92533 1.99952 2.05444 2.13385 2.09958 2.2059 1.91246 2.03116 2.11156 2.12555 2.16311 2.07399 2.04428 2.17396 2.25853 2.1135 1.91248 1.93833 1.97565 2.02568 2.02848 2.08663 2.15755 2.1377 2.1831 2.17921
20211117 1.74589 1.7635 1.79849 1.84982 1.89057 1.93531 1.89487 1.94554 1.98249 2.16908 2.11149 2.09277 1.88393 2.02017 2.04565 2.06564 2.11329 2.10037 2.06281 2.10553 2.17931 2.15342 1.85923 2.01751 1.97671 2.02217 2.08586 2.15344 2.09768 2.10454 2.1534 2.11405
20211118 1.85896 1.8687 1.82584 1.92632 1.95238 1.93861 2.03312 1.97293 1.97211 2.01459 2.15869 2.09244 1.86496 2.06453 2.05777 2.13217 2.17144 2.13248 2.14938 2.17168 2.15774 2.18623 2.03189 2.0579 2.04609 2.09236 2.15138 2.13859 2.09799 2.19304 2.1454 2.15868
20211119 1.84741 1.83536 1.80645 1.83328 1.98872 2.02823 2.02711 2.05504 1.96615 2.04203 2.1531 2.22858 1.90939 2.01364 1.98269 1.99911 2.14885 2.2289 2.11402 2.15579 2.11565 2.15067 1.9667 2.06867 2.07485 2.00482 1.99032 1.99369 2.05234 2.11363 2.07562 2.07358
20211120 1.80645 1.80567 1.75856 1.78618 1.75894 1.86105 1.89155 1.91879 1.97841 1.95737 1.95917 2.05192 1.81807 1.941 1.94467 1.88529 1.99001 2.12591 2.14759 1.98951 2.02344 1.95757 1.96791 1.98059 1.88921 1.75547 1.83196 1.85429 2.01487 1.97994 1.95387 1.9439
20211121 1.82396 1.81992 1.77548 1.79963 1.82 1.82424 1.88878 1.95336 1.94028 2.00794 1.98216 2.02921 1.85235 1.97998 1.91885 1.91045 1.95368 2.07757 2.12274 2.09464 1.96528 2.00478 1.94038 1.99531 1.80369 1.8116 1.91203 1.961 1.941 1.95369 2.03627 1.87276
20211122 1.8982 1.90231 1.86796 1.87519 1.84641 1.90236 1.93354 2.02963 2.06765 2.03272 2.05181 2.08232 1.91325 2.02111 2.09383 1.99998 1.97724 2.08989 2.13339 2.20741 2.23499 2.14274 1.97394 1.96184 1.88613 1.98572 2.04495 1.94776 2.03816 2.10134 1.9461 2.00462
20211123 1.77879 1.83109 1.79392 1.82115 1.87294 1.90234 1.91315 1.94183 2.10318 2.21604 2.24937 2.18783 1.96196 2.10482 2.09818 2.03935 2.1017 2.11478 2.1329 2.19086 2.35059 2.41365 1.90631 1.96224 1.96136 2.09405 2.04116 1.99077 2.07469 2.06076 2.12528 2.20249
20211124 1.79974 1.85198 1.9085 1.98082 1.99484 1.96217 1.9662 1.96686 1.97234 2.17448 2.33409 2.25001 1.85834 2.07785 2.12886 2.1177 2.11783 2.27261 2.14629 2.14308 2.27451 2.44061 1.94702 2.00447 2.1135 2.1426 2.0662 2.10102 2.10084 2.18557 2.19347 2.31262
20211125 1.77252 1.81515 1.77107 1.87715 1.87786 1.92729 1.91413 1.93544 1.95126 2.04379 2.16541 2.32357 1.86385 2.00958 2.10578 2.07812 2.12426 2.11663 2.2823 2.09824 2.13064 2.30255 1.9327 2.05434 2.07657 2.05681 2.0463 1.92602 2.05209 2.06956 2.14603 2.19033
20211126 1.78771 1.75841 1.72969 1.73399 1.90017 1.92055 1.93018 1.96253 2.04508 2.02377 2.00991 2.18374 1.78889 1.88211 2.09278 2.16034 2.15414 2.14501 2.11399 2.28345 2.14191 2.2223 1.94069 1.9828 1.99508 1.98366 1.9155 2.02129 2.03151 2.08566 2.14877 2.22468
20211127 1.85677 1.84008 1.78306 1.83198 1.866 2.00031 1.99851 1.93564 2.0347 2.06468 2.16792 2.08343 1.82422 1.9928 2.00447 2.21394 2.19829 2.20283 2.17068 2.17183 2.31869 2.19809 1.94214 2.01259 1.99414 2.0035 2.06666 2.04091 2.1432 2.17613 2.22978 2.17319
20211128 1.87898 1.86326 1.83161 1.86837 1.89058 1.90077 1.99363 1.99514 2.01112 2.00925 2.14879 2.09449 1.89422 1.96691 2.08504 2.11203 2.21971 2.17547 2.19165 2.13737 2.10027 2.28669 1.97722 2.03461 1.97252 2.06644 2.03583 2.08209 2.12436 2.21471 2.09986 1.98351
20211129 1.92845 1.91146 1.8532 1.91568 1.89785 1.90947 1.9438 2.03681 2.03603 2.08128 2.15286 2.18142 1.98772 2.06409 2.09656 2.19067 2.16104 2.18565 2.18864 2.21104 2.16615 2.07951 2.02028 1.97309 2.06402 2.07874 2.12359 2.15699 2.17327 2.11717 1.9343 2.05749
20211130 1.91988 1.99179 1.96513 1.99216 2.05402 2.007 2.02617 2.01256 2.15779 2.19119 2.26923 2.26378 1.99454 2.0941 2.12627 2.10745 2.20522 2.16571 2.23433 2.2923 2.38242 2.29701 1.98343 2.01952 2.09158 2.13246 2.15686 2.18959 2.12905 2.00664 2.08144 2.12907
20211201 1.8171 1.82976 2.0061 2.01609 2.03743 2.07286 2.06405 2.04715 2.05458 2.14046 2.21035 2.29677 1.95083 2.07663 2.13941 2.08337 2.1184 2.19392 2.21255 2.3547 2.29935 2.44307 1.89451 2.0172 2.04817 2.12467 2.15476 2.08688 1.99873 2.13749 2.13058 2.25756
20211202 1.77317 1.81569 1.76334 1.95857 1.97069 1.96322 1.99629 2.02521 2.02776 2.13024 2.18154 2.3032 1.83933 2.04091 2.08262 2.16166 2.13117 2.17312 2.19797 2.23085 2.35778 2.34097 1.87798 2.04563 2.12777 2.09787 2.05993 1.98227 2.146 2.15927 2.1939 2.2508
20211203 1.76923 1.79199 1.74851 1.78967 1.97569 2.03621 1.99507 2.06991 2.01198 2.11607 2.23127 2.23997 1.90384 1.94364 2.03313 2.1277 2.11515 2.16893 2.19185 2.20997 2.19113 2.32519 1.97973 2.17592 2.15771 2.06319 2.07695 2.11914 2.15154 2.191 2.17682 2.16197
20211204 1.76012 1.76411 1.70895 1.72457 1.73712 1.90047 2.03104 1.9081 1.93789 1.95257 1.9788 2.21456 1.81982 1.91134 1.92634 2.0533 2.07708 2.09984 2.13157 2.05145 2.17627 2.07686 1.95214 2.1319 2.06906 1.98826 2.01137 1.99785 2.07688 2.07866 2.07173 2.10388
20211205 1.70591 1.7199 1.66825 1.67809 1.68777 1.7275 1.8752 1.8895 1.92519 1.91021 2.18723 2.10148 1.78389 1.96309 1.88933 1.90907 2.11914 2.08171 2.16156 2.14866 2.09086 2.16906 2.00377 2.10351 1.91402 2.02473 1.92817 1.97776 2.11884 2.01988 2.0118 2.01935
20211206 1.85036 1.86127 1.83327 1.84364 1.83608 1.83489 1.7853 1.99214 2.07291 2.02194 2.02918 2.24085 1.76164 1.91867 1.95482 1.96254 1.94961 2.11158 2.12332 2.18357 2.20851 2.23003 2.01625 1.93559 2.0228 1.98986 1.97308 2.09652 2.14683 2.04722 2.08921 2.05987
20211207 1.79789 1.84934 1.80956 1.88774 1.83616 1.88299 1.85399 1.8578 2.02359 2.14514 2.10838 2.12014 1.89765 1.9139 1.91095 1.93159 1.96507 1.91062 2.03226 2.10726 2.158 2.20909 1.87248 1.99502 1.97082 2.0191 2.0112 2.07802 2.04384 2.07354 2.12687 2.18965
20211208 1.67723 1.69264 1.73319 1.77858 1.79497 1.76176 1.78797 1.85596 1.87034 2.15781 2.17987 2.07564 1.76032 1.93139 1.89327 1.91725 1.96559 1.98724 1.90479 2.05827 2.10872 2.16852 1.86321 1.87227 1.94629 1.96337 2.01783 1.94027 1.97533 2.05392 2.13007 2.14942
20211209 1.78252 1.78261 1.72538 1.83482 1.85176 1.84856 1.82688 1.87115 1.90714 1.99603 2.14598 2.22366 1.78017 1.90349 2.00295 1.9635 2.08879 2.08569 2.08365 2.02283 2.19886 2.13981 1.84311 1.98347 2.01574 2.05683 2.0099 1.99349 2.02994 2.15421 2.19564 2.20472
20211210 1.80908 1.78124 1.74622 1.79482 1.87704 1.89708 1.94645 1.93693 1.984 1.95297 1.97744 2.14464 1.88223 1.89909 1.99859 2.01035 1.9989 2.09575 2.12559 2.11638 2.09282 2.19886 1.94051 2.06418 2.16938 2.02758 1.97463 1.99789 2.08149 2.15559 2.2594 2.30405
20211211 1.88163 1.86119 1.77563 1.8461 1.84387 1.93655 1.91117 2.01358 1.98418 2.0735 2.14657 2.1645 1.94298 2.04604 2.05297 2.16297 2.09982 2.09463 2.18441 2.19401 2.19773 2.1423 2.02528 2.22537 2.05025 1.99761 2.05962 2.13451 2.16646 2.22977 2.30973 2.29837
20211212 1.94043 1.93554 1.9072 1.91982 1.92703 1.91403 2.0646 2.1116 2.17267 2.16511 2.17742 2.18852 1.93627 2.09441 2.12496 2.13176 2.16751 2.15593 2.17395 2.22716 2.21773 2.28235 2.20439 2.07385 2.03104 2.05201 2.14874 2.14713 2.18477 2.28462 2.28705 2.21581
20211213 1.99074 1.99929 1.95134 1.97982 1.96958 1.96013 1.93868 2.09328 1.99564 2.06184 2.09603 2.12747 1.93023 1.9637 2.03296 2.09923 2.04349 2.09406 2.15306 2.1657 2.11206 2.13497 1.93322 1.98635 2.00702 2.11094 2.08507 2.06035 2.07687 2.11417 2.11734 2.23992
20211214 1.84549 1.8909 1.85741 1.88059 1.92971 1.95301 1.96666 1.93634 1.97989 1.9846 2.13323 2.00426 1.97973 1.9905 2.0183 2.12808 2.10959 2.05219 2.14201 2.07877 2.14532 2.14709 1.88147 1.98942 2.07873 2.03774 2.03917 2.05551 2.06152 2.05893 2.16524 2.07336
20211215 1.70074 1.72378 1.76608 1.79719 1.8196 1.82602 1.87045 1.87997 1.88875 1.96018 2.05652 2.11967 1.79919 1.97889 2.01577 2.00678 2.05974 2.08425 2.02237 2.16996 2.06735 2.10379 1.83147 1.98614 1.95877 1.97085 1.97548 1.9445 1.95979 2.07047 2.02943 2.0346
20211216 1.74012 1.76094 1.71522 1.81022 1.78977 1.80276 1.89808 1.88769 1.95271 1.95727 2.0812 2.10787 1.80235 1.92068 2.05021 2.07943 2.05687 2.09557 2.18571 2.11297 2.19258 2.10724 1.95552 2.04141 2.03056 2.06498 1.99264 2.02 2.10032 2.05762 2.0211 2.05287
20211217 1.87788 1.8979 1.86146 1.88813 1.95605 1.96353 2.01663 2.01741 2.00354 2.04716 2.11946 2.29482 1.97936 2.09878 2.18616 2.22516 2.21047 2.26921 2.2642 2.29693 2.20004 2.27852 2.08002 2.15828 2.20179 2.07954 2.07523 2.11947 2.07557 2.07895 2.16838 2.25918
20211218 1.93488 1.95802 1.9138 1.93502 1.93855 2.08111 2.01029 2.09989 2.15649 2.14288 2.05632 2.15128 1.98683 2.23377 2.25581 2.33479 2.31318 2.2467 2.33796 2.30536 2.35478 2.27338 2.11351 2.23864 2.13599 2.08602 2.12477 2.0481 2.09128 2.20407 2.23033 2.25375
20211219 2.02638 2.04771 1.99115 2.03042 2.02533 2.03803 2.14171 2.07247 2.11394 2.16312 2.17724 2.13365 1.93951 2.11972 2.26012 2.24293 2.34822 2.27122 2.2518 2.3372 2.31347 2.3645 2.18496 2.11891 2.12071 2.11713 2.04824 2.12365 2.13124 2.17318 2.21867 2.20095
20211220 1.99603 1.99844 1.95462 1.94799 1.95809 1.98311 2.03872 2.13477 2.08421 2.13557 2.21511 2.16851 1.94747 2.14018 2.27123 2.33083 2.31284 2.3992 2.27277 2.34896 2.33725 2.23197 1.97581 1.98174 2.07865 2.10956 2.11312 2.12161 2.11292 2.08049 2.16653 2.17772
20211221 1.86364 1.92436 1.87671 1.92064 1.92251 1.94353 1.94932 1.99786 2.1536 2.20817 2.19447 2.24723 1.98438 2.01759 2.10461 2.22043 2.23658 2.26476 2.3647 2.32347 2.37822 2.36887 1.86394 2.04389 2.08118 2.11168 2.09749 2.12658 2.04879 2.08573 2.20614 2.16539
20211222 1.81991 1.83281 1.90767 1.90906 1.92674 1.96969 2.03509 2.06581 2.14377 2.20669 2.30226 2.26069 2.04632 2.15534 2.13919 2.20715 2.27023 2.26232 2.2877 2.37947 2.34969 2.35139 2.0832 2.1158 2.17334 2.21 2.19777 2.15553 2.09271 2.23076 2.19303 2.24594
20211223 1.84461 1.85048 1.82002 1.98088 1.9979 1.97814 1.99758 2.06263 2.1163 2.1909 2.20347 2.1998 1.82469 2.02746 2.088 2.1158 2.192 2.226 2.25787 2.24563 2.33542 2.26011 1.992 2.07713 2.11437 2.18403 2.14208 2.07471 2.11677 2.13364 2.1762 2.22047
20211224 1.84359 1.83452 1.81581 1.81884 1.98098 2.01775 2.00137 2.07631 2.02918 2.14123 2.11744 2.19909 1.86768 1.96248 2.05245 2.1116 2.08806 2.21535 2.27787 2.28861 2.27976 2.30904 1.99216 2.05511 2.15919 2.12561 2.05843 2.10088 2.17677 2.14385 2.20644 2.25949
20211225 1.88263 1.88805 1.84719 1.8852 1.87119 2.0303 2.02911 2.03335 2.05116 2.07754 2.1399 2.14203 1.92112 1.99457 2.01668 2.06126 2.1325 2.06042 2.19984 2.25759 2.29558 2.23208 1.98707 2.06141 2.06346 2.05339 2.07139 2.12589 2.08707 2.14055 2.13983 2.19301
20211226 1.83064 1.84638 1.80193 1.80618 1.84983 1.78423 1.94509 1.94802 1.9002 2.06382 2.02547 2.00118 1.88632 2.01376 1.98794 2.0241 2.08642 2.17557 2.05907 2.17503 2.18492 2.23851 1.92236 1.96781 1.94668 1.97609 2.029 2.02302 2.11473 2.04145 2.16739 2.13949
20211227 1.95665 1.93978 1.91571 1.93189 1.94369 1.97218 1.99936 2.09346 2.19697 2.17522 2.14912 2.15245 1.90422 1.96695 2.06335 2.03366 2.04156 2.11411 2.17818 2.14715 2.22552 2.22871 1.97835 1.97186 2.01365 2.02828 2.07523 2.17297 2.13247 2.22759 2.1157 2.16633
20211228 1.96154 2.02567 1.96145 1.99404 2.02761 2.04828 2.05028 2.08626 2.20339 2.25949 2.16698 2.29138 2.08372 2.06682 2.08713 2.13474 2.08146 2.07529 2.10257 2.16423 2.19329 2.23526 1.98579 2.06254 2.07325 2.09974 2.21358 2.23865 2.27876 2.21913 2.27964 2.32951
20211229 1.84161 1.85552 1.91192 1.96272 2.006 2.02008 2.0414 1.9877 2.02244 2.19807 2.2653 2.1528 1.94948 2.10168 2.08901 2.12598 2.14799 2.05012 2.05347 2.08356 2.13158 2.13558 1.97646 2.00546 2.06277 2.14619 2.19338 2.24293 2.18339 2.27613 2.29873 2.25173
20211230 1.96353 1.96078 1.9164 2.02574 2.09359 2.12878 2.17993 2.14349 2.09087 2.14217 2.22792 2.33162 1.96717 2.07053 2.15962 2.15218 2.17424 2.15933 2.12645 2.13502 2.14841 2.20036 1.98448 2.09914 2.19852 2.2181 2.18455 2.17752 2.24503 2.24904 2.22987 2.21428
20211231 1.90674 1.90698 1.87483 1.94856 2.02115 2.04942 2.10528 2.1607 2.07972 2.14349 2.21107 2.1992 1.99572 2.02814 2.11696 2.17629 2.13881 2.15377 2.15485 2.16683 2.18961 2.18771 2.03583 2.2375 2.24265 2.16806 2.13408 2.19412 2.20496 2.18323 2.22993 2.2794
