20191231 0.109569 0.109743 0.108159 0.108159 0.10817 0.108526 0.108914 0.110804 0.112489 0.114044 0.111745 0.112353 0.112253 0.114322 0.113572 0.113787 0.113771 0.114014 0.117916 0.11647 0.118949 0.118822 0.108126 0.111092 0.112823 0.112656 0.113101 0.113087 0.112034 0.111486 0.113131 0.113524
20200725 0.114528 0.11393 0.112481 0.112465 0.113359 0.114374 0.114494 0.116622 0.115422 0.116306 0.117104 0.117447 0.115459 0.116431 0.115496 0.116578 0.119053 0.118905 0.11956 0.119465 0.12 0.119699 0.115921 0.115445 0.116046 0.114514 0.113713 0.115113 0.116826 0.116035 0.118424 0.11836
20200726 0.115456 0.114839 0.112522 0.113219 0.113298 0.114047 0.115058 0.11545 0.116646 0.117273 0.117868 0.118491 0.116467 0.117482 0.119275 0.118425 0.119145 0.120295 0.12177 0.121291 0.12134 0.120646 0.114565 0.11505 0.113185 0.112986 0.114847 0.116501 0.115273 0.117908 0.117442 0.116587
20200727 0.117532 0.116703 0.114399 0.115106 0.115307 0.115521 0.115246 0.11856 0.118413 0.121049 0.120167 0.120879 0.120812 0.120675 0.119447 0.123145 0.122088 0.121374 0.122721 0.124511 0.123532 0.124586 0.116162 0.116531 0.114715 0.116523 0.118488 0.11864 0.120222 0.12056 0.120385 0.123714
20200728 0.117645 0.118158 0.115944 0.115818 0.117092 0.117291 0.118563 0.118716 0.121247 0.122644 0.122325 0.124023 0.120005 0.123058 0.122312 0.122405 0.125811 0.125195 0.124463 0.124499 0.125307 0.124766 0.118187 0.1176 0.118286 0.120467 0.119406 0.121114 0.121426 0.119883 0.123403 0.123124
20200729 0.113484 0.113665 0.114226 0.114818 0.11536 0.116358 0.117742 0.116589 0.116692 0.119305 0.119149 0.119354 0.115833 0.117748 0.119986 0.119182 0.118247 0.12095 0.120651 0.120342 0.119951 0.121942 0.113821 0.116312 0.118036 0.117162 0.118813 0.1184 0.116961 0.119886 0.120116 0.119583
20200730 0.109691 0.109775 0.107226 0.109596 0.110557 0.111868 0.111915 0.113841 0.112114 0.113433 0.11558 0.117881 0.113184 0.114376 0.114324 0.117237 0.115282 0.114325 0.117449 0.118184 0.11883 0.117922 0.11234 0.11437 0.114718 0.114101 0.114053 0.114022 0.114985 0.116119 0.115659 0.118526
20200731 0.107698 0.108172 0.106102 0.106125 0.10873 0.109557 0.10882 0.11007 0.109779 0.109813 0.108619 0.11118 0.108796 0.111534 0.111247 0.110587 0.114598 0.113467 0.113378 0.115371 0.115712 0.117536 0.109202 0.111114 0.109783 0.108803 0.109565 0.10993 0.11178 0.111786 0.114613 0.114975
20200801 0.10749 0.106981 0.106027 0.106121 0.106072 0.108257 0.10789 0.108667 0.108951 0.109872 0.108434 0.10878 0.108533 0.109268 0.110389 0.11079 0.110793 0.112872 0.111873 0.111395 0.113041 0.112847 0.108767 0.109818 0.108514 0.108309 0.108572 0.110489 0.110502 0.110876 0.112345 0.111113
20200802 0.108728 0.108613 0.107619 0.107316 0.107054 0.107798 0.108694 0.11017 0.109046 0.109724 0.110858 0.111268 0.10981 0.110776 0.110135 0.11262 0.112906 0.112848 0.113904 0.112459 0.112242 0.115376 0.109973 0.109508 0.108584 0.10892 0.111102 0.111308 0.111244 0.113047 0.111423 0.111709
20200803 0.108916 0.108379 0.106673 0.106602 0.106579 0.106735 0.107081 0.109728 0.111219 0.110135 0.111296 0.112693 0.111026 0.112355 0.112255 0.111002 0.114226 0.113726 0.113496 0.114895 0.113944 0.113243 0.107865 0.108391 0.109391 0.110614 0.111162 0.110579 0.111587 0.109989 0.11014 0.112992
20200804 0.10779 0.108223 0.106926 0.106981 0.107249 0.107981 0.107402 0.107891 0.108723 0.109309 0.109512 0.111477 0.111504 0.112511 0.112886 0.113528 0.113303 0.11478 0.114102 0.114862 0.115852 0.116312 0.107971 0.110616 0.110616 0.111582 0.112695 0.11272 0.111925 0.112565 0.113348 0.113262
20200805 0.106137 0.10616 0.107165 0.107103 0.106942 0.108414 0.107811 0.106666 0.107792 0.109096 0.110553 0.109439 0.108554 0.111551 0.113086 0.112534 0.113317 0.113397 0.112777 0.112811 0.113265 0.114735 0.108612 0.108589 0.10846 0.111051 0.112338 0.111197 0.112839 0.11351 0.113623 0.114047
20200806 0.106094 0.106031 0.104452 0.107239 0.107985 0.108741 0.1086 0.108648 0.108333 0.107517 0.109526 0.109793 0.105345 0.107451 0.110264 0.112436 0.112204 0.111371 0.11198 0.112751 0.113804 0.113002 0.105928 0.107037 0.108637 0.108783 0.10686 0.107297 0.10897 0.109931 0.110163 0.109294
20200807 0.105924 0.105827 0.10409 0.104672 0.107954 0.108189 0.109241 0.108431 0.10908 0.109375 0.107883 0.107036 0.106981 0.106105 0.108004 0.110006 0.11102 0.110252 0.109151 0.110044 0.111288 0.111905 0.107136 0.10867 0.107829 0.106577 0.106514 0.10675 0.108419 0.109738 0.10822 0.109202
20200808 0.112582 0.11286 0.110823 0.111143 0.111035 0.114434 0.11376 0.114396 0.11527 0.115213 0.115925 0.113666 0.1142 0.114294 0.113435 0.114626 0.115496 0.116549 0.11574 0.114767 0.11579 0.116703 0.114427 0.113975 0.113244 0.112086 0.112278 0.112778 0.114096 0.113677 0.11319 0.114346
20200809 0.116946 0.117133 0.115117 0.114975 0.115274 0.116074 0.116863 0.117429 0.118401 0.117885 0.118661 0.119664 0.116634 0.118046 0.118609 0.118034 0.117883 0.119496 0.119961 0.120309 0.119729 0.119728 0.117291 0.116961 0.116057 0.114911 0.1153 0.117839 0.116559 0.116404 0.117622 0.117587
20200810 0.117725 0.117996 0.115908 0.115382 0.115889 0.11492 0.115729 0.116911 0.118533 0.117995 0.117779 0.118837 0.118107 0.119216 0.119238 0.120278 0.119074 0.12013 0.122083 0.122358 0.123649 0.122878 0.116712 0.1183 0.115987 0.116815 0.118729 0.117098 0.118186 0.119133 0.117054 0.119093
20200811 0.114563 0.114744 0.11243 0.112449 0.113156 0.114368 0.114177 0.115091 0.117217 0.116004 0.116372 0.116734 0.117809 0.117504 0.119099 0.119227 0.11885 0.117281 0.120105 0.121156 0.120527 0.122088 0.116774 0.115921 0.115188 0.117432 0.115996 0.117425 0.118203 0.115901 0.116943 0.115977
20200812 0.112529 0.112954 0.112879 0.112415 0.112073 0.111939 0.111672 0.112207 0.113647 0.11455 0.11545 0.114731 0.114113 0.117266 0.117032 0.117436 0.117816 0.117186 0.115704 0.118305 0.119854 0.119551 0.114119 0.113762 0.116149 0.115285 0.115872 0.115661 0.114321 0.117252 0.115442 0.116686
20200813 0.113415 0.113433 0.111603 0.115047 0.115474 0.116058 0.116093 0.114635 0.115665 0.116825 0.1166 0.117753 0.115255 0.117245 0.119344 0.120295 0.121226 0.120918 0.120389 0.118177 0.120645 0.123043 0.113988 0.118793 0.116826 0.116859 0.116948 0.114898 0.117437 0.115809 0.117391 0.11955
20200814 0.116927 0.116983 0.114858 0.11484 0.117246 0.118577 0.117634 0.117788 0.118626 0.119166 0.120402 0.119741 0.118556 0.119425 0.119573 0.122779 0.124028 0.124653 0.123725 0.123599 0.121963 0.123876 0.120617 0.119584 0.120163 0.121062 0.118408 0.120104 0.118182 0.119773 0.122537 0.12238
20200815 0.117753 0.118186 0.115961 0.115347 0.115748 0.117899 0.11706 0.117309 0.117802 0.118231 0.118697 0.120442 0.117124 0.119598 0.117946 0.119187 0.12244 0.122952 0.124886 0.12458 0.123113 0.12227 0.117557 0.118878 0.118925 0.116526 0.118697 0.1195 0.119744 0.121939 0.122305 0.121516
20200816 0.11551 0.115793 0.113521 0.113022 0.113597 0.113853 0.116477 0.117844 0.115485 0.117062 0.116093 0.115901 0.11803 0.116904 0.117546 0.116591 0.118709 0.120466 0.121589 0.122459 0.123433 0.122943 0.115214 0.115731 0.115384 0.115678 0.116952 0.11688 0.118464 0.11705 0.117789 0.117053
20200817 0.115197 0.115465 0.112876 0.112423 0.112867 0.112705 0.112269 0.116212 0.116565 0.116192 0.117393 0.117376 0.117455 0.118778 0.116811 0.118505 0.117978 0.11984 0.120471 0.122236 0.122896 0.124532 0.116173 0.117253 0.116824 0.116917 0.117962 0.11916 0.118689 0.118535 0.117499 0.117427
20200818 0.115237 0.116217 0.113865 0.113521 0.114098 0.114585 0.114088 0.113257 0.117059 0.117308 0.116846 0.116756 0.116217 0.118007 0.118632 0.116806 0.118515 0.117927 0.11931 0.120748 0.121252 0.121907 0.117106 0.11839 0.118003 0.118429 0.120038 0.120375 0.120345 0.1187 0.119018 0.119872
20200819 0.115725 0.115973 0.115044 0.114612 0.115428 0.116229 0.116136 0.1148 0.116603 0.118181 0.118304 0.119384 0.119238 0.120656 0.119774 0.119478 0.117677 0.120096 0.119735 0.12014 0.123558 0.123795 0.117331 0.11949 0.12124 0.121451 0.121111 0.121848 0.120656 0.120488 0.122472 0.120225
20200820 0.116191 0.116003 0.113513 0.114991 0.115957 0.116931 0.115762 0.116967 0.116492 0.11711 0.120043 0.118258 0.117596 0.119726 0.121058 0.119825 0.120812 0.120021 0.121937 0.121636 0.121425 0.125356 0.118434 0.121934 0.121537 0.12105 0.121479 0.11977 0.119911 0.121365 0.119636 0.124411
20200821 0.113594 0.113674 0.110981 0.1109 0.113842 0.114045 0.114367 0.115061 0.115182 0.116233 0.117224 0.118931 0.114361 0.115995 0.116503 0.118239 0.117947 0.119175 0.119205 0.120907 0.120082 0.120225 0.116871 0.118162 0.117973 0.117781 0.115403 0.115883 0.118089 0.11698 0.120064 0.119839
20200822 0.113438 0.113424 0.111081 0.110858 0.111771 0.114628 0.114132 0.116546 0.116106 0.116497 0.115762 0.115308 0.113578 0.114413 0.113567 0.114491 0.116738 0.116238 0.117228 0.118029 0.119025 0.117476 0.117065 0.11658 0.114427 0.112426 0.113002 0.115247 0.113688 0.115117 0.116283 0.115325
20200823 0.112565 0.112978 0.110925 0.110967 0.111331 0.111674 0.114847 0.11527 0.116414 0.116526 0.117495 0.1159 0.111846 0.113553 0.112935 0.11274 0.113449 0.114213 0.113877 0.116197 0.11693 0.117272 0.113407 0.114284 0.111417 0.113109 0.115458 0.11447 0.114574 0.114335 0.114376 0.113444
20200824 0.110758 0.110287 0.108528 0.108516 0.108896 0.110061 0.110064 0.115206 0.115437 0.11671 0.115243 0.116262 0.110618 0.109961 0.112415 0.11188 0.112917 0.113614 0.112939 0.111928 0.114977 0.115004 0.110705 0.109401 0.111421 0.111286 0.111695 0.111948 0.110749 0.112547 0.112014 0.112685
20200825 0.112907 0.113257 0.111955 0.111711 0.112673 0.1127 0.11282 0.113584 0.11606 0.115786 0.117201 0.117335 0.114375 0.114361 0.112696 0.115031 0.114769 0.114625 0.116731 0.117911 0.116461 0.117888 0.112244 0.113975 0.114251 0.115429 0.114949 0.114098 0.115862 0.114439 0.116322 0.117903
20200826 0.114062 0.114176 0.113671 0.113785 0.11473 0.115341 0.116128 0.116363 0.116046 0.117986 0.119198 0.118196 0.117496 0.120584 0.119771 0.118138 0.118891 0.119451 0.119124 0.120498 0.1216 0.12068 0.114569 0.116185 0.118358 0.117811 0.116536 0.117386 0.11567 0.116651 0.119078 0.119626
20200827 0.112904 0.113294 0.111517 0.113546 0.11384 0.114006 0.11467 0.11569 0.114586 0.115763 0.116842 0.118085 0.115227 0.118149 0.120555 0.118969 0.117523 0.118363 0.117384 0.117309 0.12011 0.120535 0.113624 0.115709 0.1162 0.115513 0.116645 0.114832 0.115495 0.117554 0.1175 0.117065
20200828 0.115063 0.11556 0.112662 0.1131 0.115695 0.116813 0.118501 0.116565 0.117589 0.117698 0.11816 0.120756 0.117778 0.119441 0.12182 0.121631 0.120957 0.120445 0.120966 0.1201 0.120249 0.122498 0.115936 0.118182 0.117494 0.117873 0.115664 0.116853 0.117137 0.116918 0.117868 0.118555
20200829 0.118921 0.118985 0.115646 0.115126 0.115498 0.11803 0.118213 0.119515 0.11942 0.118508 0.119985 0.120078 0.120193 0.121646 0.122043 0.124018 0.124666 0.124523 0.124691 0.125178 0.124958 0.124418 0.120912 0.1225 0.120645 0.120237 0.120979 0.119493 0.11936 0.121814 0.122432 0.122636
20200830 0.116889 0.117706 0.115216 0.115829 0.116165 0.117132 0.118924 0.119827 0.118581 0.11858 0.118843 0.118899 0.119153 0.11957 0.120191 0.119954 0.122332 0.123631 0.123286 0.121903 0.123493 0.122693 0.120027 0.119785 0.119908 0.120235 0.118891 0.119806 0.121538 0.120672 0.12176 0.121856
20200831 0.118259 0.118379 0.11485 0.114956 0.114756 0.11444 0.114586 0.117511 0.117092 0.118777 0.119656 0.119627 0.118583 0.11986 0.119643 0.120342 0.120565 0.122635 0.123076 0.122028 0.12136 0.122739 0.117057 0.117208 0.118315 0.117334 0.116968 0.119108 0.119158 0.11943 0.119037 0.11986
20200901 0.115945 0.116123 0.113169 0.113573 0.113513 0.115096 0.114059 0.116315 0.119468 0.120048 0.11995 0.121173 0.120874 0.1208 0.119648 0.120128 0.120235 0.12032 0.123253 0.124425 0.12333 0.121818 0.115221 0.118382 0.118009 0.117333 0.11837 0.119299 0.119546 0.119487 0.120125 0.120799
20200902 0.114806 0.115033 0.114586 0.114779 0.115721 0.116571 0.117126 0.116714 0.117725 0.120881 0.120452 0.120052 0.118181 0.121755 0.120941 0.120938 0.120374 0.119836 0.120807 0.123027 0.124164 0.124673 0.116471 0.117689 0.116951 0.117567 0.1181 0.116817 0.115887 0.117034 0.11781 0.118206
20200903 0.114719 0.114481 0.112893 0.114668 0.115012 0.114349 0.11587 0.114643 0.116687 0.116478 0.117956 0.117412 0.115512 0.117898 0.119751 0.119343 0.120244 0.120123 0.118978 0.120793 0.122453 0.123843 0.114381 0.115925 0.116237 0.116693 0.115683 0.115298 0.116419 0.11632 0.116948 0.115771
20200904 0.113396 0.112808 0.11101 0.111281 0.115051 0.114491 0.11576 0.116614 0.117008 0.117216 0.117574 0.119296 0.116934 0.117809 0.118944 0.119944 0.120118 0.120888 0.120613 0.121561 0.122736 0.123517 0.116016 0.11686 0.118095 0.116696 0.114984 0.11688 0.118199 0.117617 0.117199 0.118182
20200905 0.116039 0.114474 0.112069 0.111723 0.113718 0.115203 0.115978 0.118433 0.117674 0.119711 0.120593 0.119344 0.117518 0.120281 0.120038 0.120818 0.123092 0.121557 0.12343 0.124149 0.126034 0.126927 0.118036 0.121211 0.119343 0.118118 0.119525 0.121107 0.121091 0.121602 0.122231 0.124448
20200906 0.117034 0.115749 0.113346 0.112779 0.113204 0.114323 0.118129 0.117053 0.116992 0.118043 0.117841 0.12024 0.117319 0.118585 0.11955 0.119341 0.11947 0.122317 0.12153 0.122495 0.123598 0.124227 0.118311 0.116887 0.11506 0.115906 0.117395 0.117892 0.118234 0.119145 0.12146 0.119079
20200907 0.116761 0.115393 0.113558 0.113656 0.113814 0.115018 0.115931 0.117153 0.116306 0.11865 0.120645 0.120769 0.11903 0.118389 0.117512 0.118875 0.119701 0.119783 0.121455 0.122403 0.122632 0.123153 0.115982 0.114361 0.114533 0.116428 0.11566 0.115949 0.117525 0.119087 0.116097 0.115378
20200908 0.114142 0.115444 0.113136 0.113215 0.113601 0.113679 0.114036 0.114479 0.116782 0.116658 0.117643 0.11922 0.116779 0.119703 0.118688 0.117196 0.118171 0.119866 0.119743 0.120781 0.122038 0.122773 0.113969 0.115749 0.117302 0.115705 0.11689 0.117253 0.118622 0.115755 0.114603 0.117869
20200909 0.112373 0.112654 0.112855 0.112727 0.113585 0.115041 0.115901 0.116291 0.114936 0.116861 0.117998 0.118598 0.116181 0.11923 0.118526 0.118148 0.115851 0.117053 0.119527 0.11868 0.119775 0.119906 0.115022 0.116864 0.115378 0.117429 0.118555 0.118757 0.116704 0.117417 0.118368 0.120491
20200910 0.115529 0.115192 0.112311 0.11344 0.114739 0.115533 0.115606 0.1155 0.115755 0.116901 0.119756 0.120404 0.115768 0.119733 0.120287 0.118994 0.119546 0.116537 0.118783 0.120231 0.118503 0.12066 0.117386 0.116908 0.117403 0.119224 0.120061 0.117351 0.119974 0.120784 0.122936 0.122801
20200911 0.118391 0.117982 0.115058 0.114862 0.116121 0.116959 0.118099 0.119262 0.119665 0.11883 0.119715 0.121446 0.118059 0.119629 0.121939 0.122159 0.121005 0.121334 0.119814 0.122224 0.123353 0.12284 0.118606 0.119763 0.121841 0.123896 0.120328 0.121485 0.123605 0.124227 0.123913 0.123832
20200912 0.11865 0.117759 0.115147 0.115349 0.115674 0.115359 0.116138 0.117023 0.119283 0.119445 0.122303 0.119594 0.120055 0.120025 0.120536 0.123646 0.124334 0.123584 0.123802 0.123933 0.124835 0.125824 0.119874 0.122334 0.124641 0.120085 0.121559 0.12405 0.123398 0.123889 0.123584 0.123732
20200913 0.117794 0.116826 0.113374 0.113694 0.114269 0.114848 0.117571 0.116707 0.118123 0.11862 0.117842 0.11884 0.119081 0.120929 0.120653 0.120237 0.122578 0.123527 0.122544 0.123145 0.12389 0.123978 0.119038 0.122825 0.11909 0.120013 0.122233 0.121855 0.122141 0.121954 0.12202 0.124199
20200914 0.112948 0.11233 0.109967 0.109355 0.109708 0.109772 0.110317 0.112268 0.11399 0.115166 0.113816 0.115104 0.116122 0.117148 0.118349 0.118142 0.116503 0.11939 0.120407 0.118971 0.119813 0.120211 0.116386 0.116138 0.116505 0.118301 0.119067 0.11964 0.119529 0.117924 0.121037 0.120201
20200915 0.110449 0.111414 0.10979 0.109577 0.110569 0.110845 0.112213 0.114094 0.113738 0.113937 0.113257 0.114119 0.11537 0.118541 0.117681 0.11904 0.118854 0.11596 0.119901 0.120784 0.1196 0.120918 0.111711 0.113808 0.114504 0.116446 0.116892 0.117278 0.116098 0.119542 0.116917 0.116146
20200916 0.111424 0.111764 0.111085 0.11131 0.112115 0.112379 0.112582 0.114334 0.113741 0.115046 0.116772 0.115856 0.114536 0.119365 0.12113 0.120503 0.119552 0.120777 0.118909 0.121962 0.121707 0.122078 0.114134 0.116123 0.118254 0.117737 0.117844 0.117678 0.12097 0.118729 0.117822 0.11847
20200917 0.111794 0.111434 0.109116 0.112867 0.113742 0.114525 0.115904 0.115375 0.116901 0.115855 0.118595 0.118924 0.113157 0.116325 0.119037 0.119913 0.117685 0.117649 0.119118 0.116745 0.119628 0.120014 0.113856 0.116648 0.117199 0.11687 0.116901 0.119111 0.11702 0.116289 0.116818 0.118814
20200918 0.112376 0.111896 0.110232 0.109818 0.115199 0.115513 0.115009 0.116328 0.115459 0.115858 0.116515 0.120263 0.113648 0.114122 0.117104 0.117631 0.118146 0.116886 0.117922 0.119985 0.117479 0.120026 0.116083 0.118386 0.117923 0.117381 0.117401 0.11682 0.116663 0.117511 0.120174 0.120683
20200919 0.113514 0.113366 0.111911 0.111352 0.111215 0.114497 0.116459 0.116001 0.116698 0.11689 0.118754 0.116364 0.1139 0.115249 0.114177 0.11785 0.117141 0.116323 0.115436 0.11616 0.117444 0.115482 0.114025 0.115351 0.114221 0.115394 0.116078 0.115728 0.116723 0.117204 0.11806 0.117584
20200920 0.115643 0.114727 0.113265 0.112544 0.11345 0.113601 0.117002 0.118261 0.117524 0.119608 0.119975 0.121264 0.118258 0.119082 0.119348 0.118169 0.121546 0.120822 0.12075 0.119717 0.11994 0.120201 0.116492 0.116866 0.116945 0.118808 0.117739 0.118384 0.117957 0.11934 0.118129 0.118754
20200921 0.114634 0.113564 0.111534 0.112049 0.112395 0.112308 0.113911 0.116035 0.117025 0.117542 0.118289 0.118504 0.11652 0.119854 0.119526 0.11877 0.119387 0.12207 0.121225 0.121505 0.120617 0.121452 0.114436 0.115512 0.116243 0.116766 0.117041 0.116543 0.116322 0.115652 0.115713 0.117211
20200922 0.113338 0.113743 0.112243 0.112605 0.113815 0.113941 0.113827 0.113831 0.113043 0.116483 0.116944 0.116815 0.11709 0.118416 0.119553 0.120049 0.119274 0.120795 0.123816 0.123062 0.122458 0.122833 0.113421 0.114109 0.115762 0.117629 0.116286 0.116123 0.115275 0.113814 0.115339 0.116866
20200923 0.111438 0.111675 0.111087 0.111536 0.112657 0.112699 0.112663 0.112226 0.113153 0.114777 0.116747 0.114717 0.113833 0.117662 0.119181 0.118935 0.120779 0.119237 0.120337 0.122419 0.121294 0.121028 0.112628 0.1151 0.116939 0.116158 0.117434 0.116428 0.115172 0.115497 0.117831 0.117027
20200924 0.11183 0.111681 0.110022 0.112612 0.112853 0.11277 0.112434 0.112829 0.113138 0.114866 0.117322 0.120107 0.114496 0.118636 0.121182 0.12167 0.121552 0.12185 0.120244 0.120427 0.123477 0.124419 0.114248 0.117408 0.117331 0.119245 0.118353 0.117514 0.116058 0.118449 0.117476 0.118835
20200925 0.114228 0.114337 0.111676 0.112371 0.117034 0.117382 0.117651 0.117601 0.117982 0.117506 0.116857 0.120791 0.116097 0.118394 0.120879 0.122966 0.123691 0.12378 0.122329 0.121391 0.122766 0.12451 0.117212 0.118591 0.120936 0.119604 0.117193 0.115381 0.118033 0.117243 0.118448 0.119207
20200926 0.112384 0.112705 0.111195 0.110382 0.111627 0.116024 0.11597 0.116839 0.116051 0.116003 0.117079 0.116332 0.113802 0.116761 0.116984 0.119332 0.120761 0.121306 0.122389 0.122224 0.121061 0.122477 0.115307 0.117416 0.116249 0.114804 0.114448 0.116204 0.116392 0.116833 0.117114 0.117252
20200927 0.114169 0.114795 0.113291 0.112732 0.113405 0.113136 0.116104 0.116578 0.116417 0.116336 0.118809 0.117122 0.114201 0.116307 0.117613 0.116925 0.119505 0.121309 0.12254 0.122362 0.123245 0.122444 0.11497 0.114989 0.111787 0.112693 0.114304 0.114674 0.113991 0.114688 0.114538 0.117027
20200928 0.115216 0.114904 0.112333 0.112444 0.111736 0.111328 0.112675 0.114926 0.115628 0.11718 0.118129 0.119303 0.116241 0.117261 0.11881 0.120472 0.119269 0.119929 0.121649 0.124597 0.124013 0.125055 0.115667 0.112253 0.113793 0.114392 0.11535 0.115296 0.114996 0.114711 0.117432 0.115991
20200929 0.113777 0.115245 0.113804 0.113502 0.113621 0.113291 0.113268 0.11394 0.115977 0.116735 0.117353 0.115791 0.114991 0.117047 0.116945 0.117789 0.118972 0.118313 0.118191 0.118956 0.122642 0.123069 0.111362 0.113894 0.11552 0.115111 0.115472 0.115032 0.114545 0.116214 0.114115 0.11752
20200930 0.113011 0.11355 0.114489 0.114891 0.115951 0.116658 0.11559 0.116507 0.117663 0.118407 0.118801 0.120388 0.117329 0.119001 0.119516 0.119656 0.119873 0.119679 0.120425 0.120562 0.120293 0.123351 0.113939 0.118144 0.118412 0.11853 0.119477 0.118781 0.118407 0.117206 0.119186 0.119642
20201001 0.11633 0.116313 0.113381 0.11679 0.117538 0.117251 0.118712 0.119119 0.120602 0.121819 0.122636 0.123163 0.118529 0.122627 0.123491 0.123102 0.122444 0.123185 0.123037 0.124921 0.12453 0.125509 0.119032 0.121748 0.120841 0.123409 0.123114 0.122999 0.121953 0.121362 0.122025 0.123241
20201002 0.11611 0.115461 0.112742 0.113173 0.115971 0.116201 0.116161 0.116496 0.117764 0.119222 0.119826 0.120992 0.116814 0.118889 0.120769 0.121703 0.121606 0.121094 0.121 0.121996 0.123836 0.122965 0.117731 0.117527 0.119875 0.119497 0.118964 0.117623 0.118517 0.118901 0.120924 0.122176
20201003 0.113863 0.112801 0.109766 0.110255 0.11126 0.113659 0.11314 0.11329 0.114745 0.11351 0.116454 0.115677 0.115075 0.116343 0.11645 0.11822 0.120022 0.119649 0.118868 0.11858 0.119864 0.121476 0.114212 0.117618 0.116566 0.11637 0.115106 0.116334 0.115819 0.117413 0.119524 0.118955
20201004 0.111522 0.110895 0.109064 0.109067 0.109346 0.108807 0.112619 0.113042 0.113114 0.111958 0.114204 0.114193 0.112122 0.113259 0.113867 0.113151 0.115275 0.117099 0.118352 0.117326 0.117635 0.119661 0.114273 0.114818 0.115201 0.114209 0.114998 0.114463 0.115569 0.117925 0.116064 0.115765
20201005 0.111635 0.111382 0.109512 0.109328 0.109388 0.110329 0.110511 0.11419 0.114438 0.113162 0.115798 0.114798 0.112437 0.113427 0.113699 0.113962 0.114426 0.116798 0.117636 0.119932 0.11903 0.119401 0.112175 0.114093 0.113763 0.114403 0.11403 0.11506 0.11731 0.116367 0.115313 0.114346
20201006 0.110819 0.111013 0.109552 0.110058 0.110321 0.109959 0.110542 0.110449 0.112234 0.112605 0.113051 0.115911 0.112814 0.113963 0.114232 0.114294 0.114342 0.113847 0.116736 0.117256 0.118633 0.118588 0.111676 0.11368 0.114448 0.114242 0.113161 0.116038 0.114995 0.115194 0.114021 0.115368
20201007 0.109627 0.109928 0.11004 0.109869 0.109261 0.109883 0.109787 0.109998 0.109407 0.111705 0.113226 0.114316 0.111846 0.113345 0.113791 0.114829 0.114798 0.115825 0.114259 0.116553 0.117106 0.117555 0.111033 0.113752 0.113411 0.112219 0.115172 0.113973 0.113153 0.112152 0.11365 0.114887
20201008 0.10953 0.110085 0.108454 0.111137 0.111559 0.11001 0.111109 0.111233 0.111115 0.111987 0.113242 0.1137 0.112535 0.114857 0.11462 0.115457 0.116765 0.116126 0.116749 0.116206 0.11778 0.118295 0.112082 0.112946 0.112555 0.114907 0.114084 0.112097 0.112056 0.113997 0.11343 0.113929
20201009 0.113442 0.114287 0.112709 0.112147 0.114948 0.11567 0.115371 0.115169 0.113815 0.115187 0.115631 0.118862 0.114946 0.117614 0.119225 0.118318 0.118838 0.119868 0.118142 0.118923 0.11985 0.120507 0.114922 0.1153 0.116295 0.11517 0.114038 0.114078 0.116594 0.115697 0.116937 0.118952
20201010 0.115528 0.115314 0.113484 0.112954 0.111648 0.11413 0.115002 0.115149 0.114721 0.11597 0.115544 0.116503 0.115941 0.116257 0.117561 0.118199 0.118504 0.118201 0.119215 0.118182 0.11801 0.1193 0.115335 0.116387 0.116531 0.115025 0.11504 0.116823 0.116348 0.117005 0.119638 0.119072
20201011 0.114349 0.114654 0.113174 0.112639 0.112575 0.112232 0.115421 0.11523 0.113982 0.11347 0.11606 0.114705 0.115897 0.1165 0.115601 0.117105 0.117903 0.118948 0.118739 0.119581 0.11804 0.117519 0.114448 0.114975 0.113728 0.113198 0.114492 0.116317 0.117268 0.119346 0.119232 0.117251
20201012 0.114283 0.114183 0.112741 0.112515 0.1124 0.111811 0.11221 0.114622 0.116461 0.115207 0.1141 0.114669 0.114617 0.117408 0.118082 0.116491 0.119031 0.119124 0.119629 0.119096 0.120369 0.118893 0.113439 0.112789 0.11207 0.113256 0.114662 0.116408 0.11785 0.117491 0.116219 0.116803
20201013 0.112931 0.11511 0.113728 0.11407 0.113545 0.112901 0.112962 0.114058 0.116049 0.115683 0.116438 0.116631 0.116153 0.11546 0.116354 0.116957 0.117057 0.120193 0.120542 0.12046 0.119388 0.120715 0.112075 0.112977 0.114274 0.114469 0.115356 0.116231 0.115701 0.113948 0.114388 0.115467
20201014 0.113288 0.11377 0.115766 0.115949 0.115419 0.115176 0.116097 0.117435 0.117592 0.120072 0.119208 0.121613 0.118576 0.121018 0.120017 0.120258 0.120782 0.11892 0.121833 0.122593 0.123063 0.121596 0.114555 0.117116 0.117169 0.117912 0.118226 0.118269 0.117767 0.117474 0.118468 0.117754
20201015 0.115145 0.114731 0.112778 0.115762 0.115961 0.116911 0.11705 0.118275 0.118257 0.11873 0.120694 0.119301 0.117165 0.121298 0.122923 0.121804 0.122075 0.121968 0.119158 0.121614 0.121812 0.123819 0.118043 0.119668 0.120137 0.120643 0.11798 0.119302 0.118629 0.118272 0.118327 0.120215
20201016 0.115264 0.114848 0.113851 0.11327 0.116735 0.117591 0.117449 0.116411 0.117657 0.11837 0.118803 0.122878 0.116223 0.116922 0.11931 0.120023 0.119898 0.120515 0.121429 0.120224 0.122039 0.121879 0.116643 0.118912 0.119486 0.116526 0.117433 0.117388 0.115924 0.117274 0.118301 0.118732
20201017 0.114722 0.114047 0.112799 0.113723 0.114371 0.117242 0.117937 0.118399 0.118327 0.1183 0.117995 0.117951 0.116195 0.116769 0.117183 0.120627 0.12133 0.121198 0.120563 0.11934 0.119343 0.120592 0.116518 0.118073 0.116316 0.114735 0.11604 0.114802 0.115624 0.116419 0.116639 0.118476
20201018 0.112655 0.111706 0.109723 0.110271 0.110608 0.111134 0.114429 0.113456 0.114689 0.115311 0.116423 0.115906 0.115169 0.116686 0.116103 0.115584 0.120739 0.123058 0.121367 0.119931 0.119439 0.118606 0.115276 0.113745 0.112593 0.114396 0.113172 0.112658 0.114305 0.115659 0.115602 0.114383
20201019 0.117022 0.115148 0.113589 0.112842 0.113548 0.11382 0.114333 0.116 0.116153 0.118599 0.118535 0.119686 0.117264 0.118186 0.119126 0.117439 0.117415 0.123112 0.124477 0.122857 0.123108 0.124273 0.114536 0.114836 0.117273 0.116136 0.116401 0.118524 0.119728 0.117836 0.115359 0.117897
20201020 0.114615 0.113944 0.111867 0.111886 0.113036 0.112361 0.112937 0.113887 0.116872 0.116507 0.118596 0.119277 0.117978 0.118782 0.118833 0.118854 0.117942 0.118479 0.121773 0.123277 0.122021 0.122358 0.114265 0.118072 0.117426 0.117596 0.11941 0.120181 0.11901 0.116398 0.117527 0.120059
20201021 0.107838 0.108399 0.109044 0.109453 0.10942 0.109893 0.111077 0.11201 0.11164 0.113868 0.11533 0.116549 0.112279 0.116347 0.115896 0.116876 0.117232 0.11621 0.117659 0.120436 0.121562 0.120571 0.11089 0.112389 0.111757 0.113367 0.115613 0.11432 0.113459 0.114098 0.115647 0.11596
20201022 0.108887 0.108777 0.10698 0.109691 0.110257 0.110073 0.111729 0.112051 0.112345 0.112785 0.113538 0.116307 0.109101 0.113638 0.11586 0.116029 0.117089 0.116899 0.116347 0.117398 0.118729 0.118989 0.10884 0.110222 0.111897 0.111364 0.110792 0.108942 0.110761 0.112607 0.113895 0.114079
20201023 0.110614 0.110577 0.10894 0.109046 0.11265 0.113648 0.115711 0.114744 0.116594 0.114651 0.116921 0.116347 0.113737 0.114527 0.118043 0.119594 0.119059 0.119906 0.118683 0.11774 0.117553 0.119565 0.111817 0.116647 0.114657 0.112711 0.11128 0.114363 0.115442 0.116914 0.116024 0.117066
20201024 0.114076 0.113722 0.111282 0.111595 0.112888 0.115833 0.117588 0.119784 0.121626 0.119455 0.121371 0.119875 0.118528 0.120408 0.121452 0.122863 0.12421 0.123832 0.123455 0.123623 0.121943 0.121026 0.118837 0.120251 0.117578 0.116501 0.119271 0.120096 0.121166 0.122116 0.120263 0.12215
20201025 0.115997 0.115662 0.113513 0.11294 0.113913 0.114626 0.117382 0.11756 0.118982 0.121474 0.122703 0.123879 0.115303 0.119109 0.120564 0.120757 0.121574 0.123953 0.122847 0.122406 0.123238 0.121832 0.118748 0.116439 0.115174 0.117628 0.117169 0.118003 0.120681 0.118561 0.119997 0.120966
20201026 0.117505 0.116651 0.114383 0.115184 0.115499 0.116877 0.116954 0.120521 0.119291 0.123414 0.121199 0.119405 0.117243 0.117334 0.119687 0.121732 0.120946 0.121095 0.123959 0.122162 0.122524 0.122615 0.116013 0.11613 0.117747 0.116875 0.116521 0.118721 0.11891 0.118771 0.118871 0.117318
20201027 0.115054 0.116329 0.114218 0.114902 0.114789 0.11536 0.116246 0.116653 0.118507 0.117659 0.120236 0.11969 0.119394 0.11908 0.115883 0.118592 0.121136 0.120027 0.120799 0.123697 0.122896 0.123269 0.115416 0.117533 0.116785 0.11639 0.118596 0.118678 0.119232 0.118807 0.116325 0.118488
20201028 0.114302 0.114468 0.11365 0.113103 0.112927 0.114039 0.115519 0.116494 0.117851 0.120244 0.118409 0.121321 0.117571 0.121026 0.119542 0.116766 0.118546 0.120553 0.120577 0.12183 0.12623 0.125732 0.116121 0.118711 0.118281 0.118995 0.119295 0.120268 0.118327 0.116822 0.117797 0.118335
20201029 0.115042 0.115329 0.11239 0.115391 0.115712 0.115967 0.116535 0.116313 0.117141 0.120095 0.122136 0.121046 0.115907 0.120484 0.120675 0.119217 0.117927 0.120027 0.122455 0.123083 0.123604 0.127255 0.116477 0.118716 0.119543 0.119705 0.120207 0.117829 0.116722 0.118449 0.117935 0.119049
20201030 0.115312 0.115266 0.112085 0.11211 0.115282 0.115805 0.116243 0.116672 0.118382 0.116832 0.120766 0.121351 0.117838 0.117042 0.120316 0.12348 0.120618 0.118202 0.122716 0.124539 0.12477 0.12545 0.117664 0.120672 0.120522 0.120137 0.118676 0.118817 0.118953 0.119376 0.1196 0.120044
20201031 0.116594 0.116065 0.113546 0.114221 0.114188 0.117143 0.116611 0.117184 0.120466 0.120167 0.12087 0.122356 0.117889 0.120812 0.118901 0.121124 0.124741 0.122025 0.121717 0.125482 0.126471 0.126281 0.119552 0.121354 0.119922 0.119769 0.119911 0.120642 0.120661 0.121441 0.12207 0.122219
20201101 0.117305 0.116496 0.114812 0.115777 0.11657 0.116283 0.118536 0.118736 0.11805 0.119258 0.119609 0.120454 0.118905 0.120518 0.120418 0.119185 0.120947 0.123153 0.123231 0.120695 0.123381 0.123724 0.12023 0.121606 0.1208 0.120698 0.121942 0.120341 0.1229 0.1236 0.124739 0.124051
20201102 0.113937 0.112085 0.109817 0.110923 0.110415 0.110876 0.112346 0.114987 0.117349 0.114433 0.116322 0.116953 0.115367 0.115147 0.115993 0.114331 0.114112 0.115876 0.118217 0.118838 0.116677 0.118752 0.115075 0.115157 0.115679 0.115483 0.11483 0.118093 0.118101 0.120118 0.119003 0.119136
20201103 0.115624 0.115445 0.114406 0.11394 0.113503 0.115169 0.116718 0.117627 0.119736 0.122071 0.115674 0.118435 0.117092 0.117978 0.116779 0.116505 0.117172 0.11698 0.118541 0.120265 0.120795 0.119348 0.114429 0.115304 0.115704 0.115525 0.117025 0.117582 0.117625 0.118171 0.117929 0.11747
20201104 0.116652 0.116554 0.117693 0.117603 0.117663 0.117771 0.117086 0.117831 0.119162 0.12295 0.122838 0.123603 0.119511 0.1226 0.121364 0.120323 0.120253 0.123351 0.122143 0.123911 0.124607 0.125648 0.117139 0.118399 0.120252 0.121074 0.122213 0.121091 0.119828 0.119768 0.118986 0.120057
20201105 0.116951 0.116791 0.113685 0.116632 0.118342 0.117673 0.119037 0.118875 0.118446 0.120908 0.122186 0.124207 0.120687 0.122145 0.12365 0.123958 0.123907 0.122358 0.124597 0.12237 0.124048 0.125804 0.118483 0.121612 0.122602 0.124598 0.123239 0.120823 0.119592 0.118851 0.119298 0.119006
20201106 0.115702 0.114501 0.111693 0.112568 0.115265 0.11538 0.115749 0.117128 0.117557 0.11807 0.119725 0.122156 0.117568 0.121065 0.122142 0.122809 0.123974 0.122437 0.121903 0.122829 0.12203 0.122978 0.118625 0.121409 0.123153 0.121843 0.119075 0.118148 0.118203 0.118504 0.118182 0.120457
20201107 0.114672 0.114119 0.111821 0.112098 0.112492 0.113904 0.11385 0.113484 0.117127 0.115675 0.118025 0.119199 0.114141 0.116721 0.11835 0.119073 0.121107 0.121053 0.120445 0.119191 0.120621 0.119395 0.117862 0.12127 0.120192 0.118099 0.117162 0.11737 0.117847 0.117791 0.119989 0.116766
20201108 0.112759 0.11337 0.110965 0.110555 0.110338 0.110061 0.11262 0.113139 0.112019 0.115109 0.114458 0.117297 0.113384 0.114851 0.114289 0.11532 0.115505 0.118165 0.118475 0.118005 0.115914 0.118182 0.116483 0.115606 0.1141 0.11323 0.114164 0.115808 0.11607 0.11727 0.115652 0.115261
20201109 0.110534 0.110038 0.107927 0.107882 0.107974 0.108269 0.109128 0.111864 0.111886 0.111929 0.111357 0.113241 0.110555 0.112508 0.112952 0.11214 0.113406 0.114301 0.115611 0.116681 0.115178 0.115567 0.110275 0.109397 0.108948 0.109582 0.111527 0.111223 0.112341 0.11252 0.11091 0.111757
20201110 0.112717 0.114025 0.11109 0.111084 0.110982 0.111103 0.111465 0.111699 0.113878 0.114397 0.114755 0.11559 0.114238 0.113765 0.113427 0.11316 0.113914 0.1151 0.115952 0.118565 0.119266 0.117417 0.112434 0.112147 0.112398 0.113314 0.113634 0.116185 0.114601 0.111996 0.112822 0.113228
20201111 0.111508 0.111591 0.112951 0.113647 0.113604 0.114007 0.113618 0.11472 0.113976 0.116989 0.117994 0.117187 0.11467 0.117409 0.115393 0.113935 0.113513 0.114454 0.116127 0.117667 0.11955 0.120411 0.1106 0.113295 0.113274 0.113826 0.117069 0.115227 0.113396 0.114896 0.116177 0.115069
20201112 0.110336 0.110586 0.108249 0.111516 0.11144 0.111681 0.111544 0.113354 0.113861 0.114268 0.117544 0.11835 0.113229 0.115617 0.117208 0.11527 0.114962 0.115873 0.117688 0.119061 0.120508 0.120204 0.113067 0.113877 0.114417 0.117768 0.116244 0.115959 0.117004 0.11793 0.117886 0.118581
20201113 0.112865 0.113355 0.111115 0.110736 0.115049 0.11678 0.116033 0.116664 0.117944 0.117968 0.117504 0.117799 0.113948 0.116006 0.11646 0.118513 0.1172 0.116118 0.115116 0.116639 0.118742 0.120278 0.114655 0.117066 0.119088 0.117618 0.118973 0.120223 0.12022 0.120618 0.121968 0.121934
20201114 0.111678 0.110601 0.108786 0.109353 0.109442 0.113104 0.113352 0.115365 0.114206 0.116506 0.115567 0.117804 0.112421 0.112129 0.112966 0.114273 0.115571 0.114604 0.113719 0.115287 0.116237 0.118492 0.113123 0.115197 0.114032 0.115018 0.117788 0.117347 0.118626 0.119178 0.119307 0.119391
20201115 0.112971 0.112647 0.110236 0.11015 0.109807 0.109868 0.114141 0.114394 0.116317 0.117026 0.120325 0.118113 0.114022 0.114812 0.114494 0.114953 0.116233 0.116488 0.116549 0.116887 0.11849 0.119083 0.115514 0.115049 0.115011 0.117861 0.117549 0.118702 0.118747 0.11912 0.11926 0.119324
20201116 0.118149 0.117441 0.114569 0.114628 0.114775 0.115164 0.115834 0.118516 0.119697 0.121114 0.121732 0.121975 0.1188 0.1201 0.119439 0.120524 0.121863 0.122056 0.120056 0.121506 0.122037 0.123257 0.116689 0.116743 0.120249 0.119401 0.121765 0.121782 0.121404 0.121965 0.120837 0.121707
20201117 0.118814 0.119117 0.116741 0.116908 0.117082 0.117352 0.118139 0.11761 0.120616 0.122633 0.121799 0.122573 0.121048 0.122095 0.120863 0.121127 0.121705 0.124259 0.124288 0.122666 0.123394 0.122654 0.117223 0.121515 0.121844 0.123181 0.123086 0.121973 0.120226 0.118474 0.119696 0.119521
20201118 0.113232 0.11344 0.112933 0.114098 0.114175 0.11467 0.11597 0.114736 0.116431 0.119218 0.119744 0.12209 0.116467 0.11941 0.118846 0.117648 0.117852 0.118476 0.119986 0.121868 0.124272 0.122941 0.115811 0.117664 0.119572 0.12027 0.120011 0.119113 0.117695 0.118979 0.11939 0.120013
20201119 0.112622 0.11302 0.110137 0.113354 0.114403 0.114066 0.114997 0.115848 0.115732 0.115778 0.119432 0.120981 0.113752 0.116328 0.117932 0.118273 0.118523 0.11902 0.119463 0.11997 0.121146 0.121518 0.114626 0.11754 0.117532 0.118351 0.116468 0.115523 0.117575 0.117644 0.118087 0.118965
20201120 0.113184 0.113838 0.11012 0.110671 0.11423 0.114234 0.115021 0.116144 0.115829 0.115766 0.116311 0.119869 0.114089 0.115728 0.118588 0.120222 0.120736 0.120877 0.120189 0.120546 0.122203 0.122015 0.116075 0.117057 0.117791 0.115643 0.114774 0.116225 0.116714 0.116204 0.118993 0.118531
20201121 0.113867 0.114 0.111194 0.111788 0.11238 0.115566 0.11552 0.116489 0.117622 0.116654 0.115521 0.117192 0.114943 0.117016 0.11747 0.120382 0.122589 0.121666 0.120902 0.120227 0.120339 0.121301 0.114847 0.116157 0.113437 0.111876 0.112214 0.113013 0.113985 0.115902 0.116131 0.116324
20201122 0.113269 0.114119 0.111727 0.111455 0.110985 0.109614 0.113112 0.114137 0.11688 0.115332 0.114696 0.118051 0.114796 0.114607 0.116051 0.116145 0.116425 0.118771 0.117933 0.117525 0.117236 0.117468 0.11466 0.111973 0.10931 0.108615 0.110168 0.111078 0.112486 0.111826 0.112785 0.111263
20201123 0.113105 0.113848 0.11123 0.111662 0.111114 0.111282 0.111213 0.11284 0.113782 0.114446 0.11632 0.116665 0.11449 0.115719 0.113838 0.114923 0.113848 0.113836 0.116203 0.115274 0.115024 0.115072 0.111369 0.109308 0.108455 0.110859 0.110946 0.112047 0.111354 0.112061 0.109441 0.110233
20201124 0.114926 0.115851 0.113858 0.114589 0.114101 0.113947 0.11469 0.114084 0.118375 0.117217 0.119449 0.119817 0.118892 0.119499 0.120318 0.11795 0.11732 0.117912 0.117972 0.120627 0.119612 0.120076 0.113557 0.114138 0.115087 0.11359 0.114108 0.113861 0.115578 0.112803 0.112927 0.114147
20201125 0.114948 0.11576 0.116128 0.116857 0.116608 0.117754 0.118897 0.117146 0.118704 0.119281 0.121433 0.122951 0.119583 0.121781 0.121793 0.123275 0.120077 0.11967 0.12097 0.120791 0.122776 0.121458 0.117005 0.118902 0.118951 0.11825 0.115633 0.117589 0.114219 0.116144 0.11714 0.118587
20201126 0.112573 0.112827 0.110093 0.114446 0.11448 0.115321 0.115374 0.115858 0.116018 0.116277 0.118709 0.118765 0.113852 0.117707 0.118937 0.119838 0.121361 0.117672 0.119169 0.11876 0.118845 0.120272 0.114376 0.115909 0.115634 0.114443 0.11486 0.112915 0.113481 0.114351 0.116035 0.11409
20201127 0.11472 0.11474 0.111894 0.112133 0.115267 0.115307 0.115084 0.115554 0.115377 0.116754 0.117531 0.116521 0.115332 0.116962 0.117789 0.11883 0.118877 0.120144 0.116064 0.117351 0.116639 0.11689 0.114335 0.115239 0.115215 0.115169 0.11294 0.1141 0.114831 0.116012 0.114257 0.11628
20201128 0.115631 0.115589 0.113028 0.113495 0.112911 0.114446 0.115389 0.115476 0.116477 0.116763 0.117594 0.115601 0.117042 0.117005 0.117044 0.11836 0.11922 0.119657 0.119785 0.119039 0.119818 0.119961 0.116511 0.117333 0.116593 0.114793 0.114155 0.115636 0.116891 0.11483 0.116254 0.118488
20201129 0.115606 0.11544 0.112714 0.112639 0.112306 0.113049 0.112455 0.113931 0.114996 0.114692 0.115117 0.115185 0.116297 0.116798 0.116732 0.117138 0.118095 0.119844 0.119731 0.119857 0.119531 0.118566 0.114955 0.115946 0.113167 0.113093 0.113022 0.114062 0.115112 0.115438 0.116392 0.116963
20201130 0.116032 0.116125 0.113184 0.112622 0.11316 0.114012 0.114049 0.114828 0.116432 0.117393 0.116683 0.118717 0.118308 0.120121 0.120065 0.119702 0.119738 0.121333 0.123334 0.123601 0.124297 0.123445 0.118538 0.115707 0.116655 0.115849 0.116573 0.119515 0.119648 0.12004 0.119852 0.119649
20201201 0.118007 0.120688 0.118454 0.118576 0.1191 0.118832 0.118555 0.118096 0.120068 0.120455 0.120176 0.117855 0.119987 0.122261 0.12243 0.123227 0.122562 0.122763 0.122801 0.125185 0.125846 0.126566 0.116345 0.11875 0.118012 0.118622 0.120473 0.121334 0.122346 0.12138 0.120876 0.120953
20201202 0.113026 0.113081 0.11464 0.114424 0.115088 0.114938 0.115324 0.115201 0.115253 0.117551 0.118309 0.119878 0.116422 0.119565 0.119275 0.11944 0.119841 0.119939 0.121171 0.121425 0.122786 0.124092 0.114886 0.11531 0.116445 0.117573 0.118854 0.119494 0.117551 0.11646 0.116103 0.118223
20201203 0.111017 0.111191 0.109427 0.1143 0.114064 0.113128 0.112942 0.114421 0.11366 0.115699 0.116513 0.117309 0.111759 0.117178 0.118504 0.119282 0.119378 0.11904 0.119466 0.120243 0.120883 0.123121 0.112717 0.114008 0.115547 0.117576 0.118156 0.115581 0.116522 0.115892 0.117082 0.118645
20201204 0.112787 0.113178 0.111024 0.111212 0.115662 0.116021 0.116539 0.115305 0.117211 0.117559 0.116705 0.118 0.112663 0.114643 0.118925 0.119455 0.121881 0.121824 0.121207 0.121741 0.123215 0.124841 0.111897 0.116285 0.118996 0.117963 0.117042 0.11811 0.118487 0.120381 0.121414 0.120102
20201205 0.117355 0.117862 0.114904 0.115537 0.115826 0.118996 0.11999 0.120427 0.121811 0.122673 0.121754 0.123688 0.120676 0.120488 0.122461 0.12554 0.124292 0.127267 0.127682 0.127498 0.126646 0.127026 0.121655 0.12493 0.122328 0.121554 0.121833 0.121806 0.123047 0.123765 0.123401 0.123946
20201206 0.115938 0.116262 0.113708 0.113797 0.112761 0.112412 0.118074 0.118475 0.117784 0.120697 0.117036 0.118649 0.114669 0.116548 0.116625 0.118121 0.119849 0.119447 0.12364 0.124022 0.123123 0.122462 0.118933 0.117876 0.117315 0.117483 0.117207 0.11804 0.11938 0.11935 0.119561 0.120037
20201207 0.116315 0.116919 0.11294 0.112727 0.112472 0.113522 0.112714 0.119281 0.119429 0.117746 0.118498 0.118588 0.116179 0.115211 0.11595 0.115838 0.115046 0.119105 0.11993 0.122515 0.121872 0.122069 0.115958 0.115074 0.115223 0.114467 0.115602 0.116371 0.11662 0.117053 0.117554 0.117006
20201208 0.111265 0.113658 0.10975 0.109537 0.110225 0.109211 0.109983 0.110303 0.112198 0.112309 0.11225 0.11365 0.113858 0.114159 0.11312 0.114398 0.114122 0.114096 0.117643 0.117834 0.118317 0.118172 0.10959 0.111385 0.112132 0.11345 0.113479 0.112527 0.111982 0.112199 0.111374 0.112385
20201209 0.114883 0.115427 0.114141 0.114578 0.114858 0.116217 0.11586 0.116068 0.117676 0.119457 0.120113 0.120193 0.119628 0.121821 0.120493 0.11984 0.120809 0.118984 0.119588 0.122049 0.122183 0.122389 0.118075 0.118949 0.120493 0.12099 0.120161 0.118481 0.117064 0.11651 0.117734 0.118067
20201210 0.120188 0.120466 0.116761 0.117842 0.117668 0.117996 0.118425 0.118244 0.120304 0.11996 0.121942 0.123606 0.121868 0.124011 0.125862 0.124489 0.123658 0.12504 0.123878 0.12511 0.126709 0.125972 0.119804 0.125497 0.126124 0.124951 0.122683 0.122451 0.121181 0.12136 0.122516 0.123908
20201211 0.114034 0.114365 0.111339 0.111054 0.114037 0.11473 0.114222 0.113445 0.113868 0.115987 0.115879 0.11829 0.116924 0.119052 0.120238 0.122121 0.120733 0.119908 0.120628 0.120471 0.121759 0.122955 0.118029 0.119111 0.118758 0.119158 0.11863 0.117595 0.115802 0.117 0.118077 0.119669
20201212 0.110789 0.110485 0.107135 0.107443 0.106905 0.110554 0.110417 0.110555 0.111198 0.112146 0.111773 0.111161 0.111713 0.113294 0.114417 0.116493 0.117813 0.118484 0.116822 0.118022 0.118594 0.11939 0.112448 0.114519 0.114252 0.112821 0.112744 0.112329 0.113936 0.114802 0.116011 0.114637
20201213 0.111374 0.110651 0.107552 0.10785 0.108521 0.108464 0.112109 0.111622 0.112477 0.111022 0.114889 0.113978 0.111463 0.112741 0.113455 0.115166 0.115819 0.115854 0.116643 0.115144 0.115413 0.116071 0.113058 0.112505 0.110807 0.11068 0.1122 0.114222 0.115912 0.115847 0.115736 0.114836
20201214 0.114326 0.112935 0.110505 0.11126 0.111594 0.111468 0.111688 0.113737 0.111212 0.11287 0.113156 0.11234 0.113755 0.112823 0.1134 0.113089 0.114508 0.11382 0.114413 0.114508 0.11329 0.114889 0.11194 0.111313 0.111169 0.111791 0.113611 0.116802 0.116789 0.117125 0.11608 0.117229
20201215 0.114978 0.115115 0.112549 0.11308 0.113736 0.114724 0.115546 0.114176 0.11684 0.116712 0.116484 0.11707 0.118763 0.118439 0.116763 0.116948 0.117977 0.118288 0.117798 0.119164 0.120085 0.119643 0.114127 0.1156 0.115668 0.115899 0.119482 0.119728 0.119113 0.117994 0.118733 0.119085
20201216 0.110039 0.110186 0.11082 0.110867 0.110871 0.110934 0.112116 0.113252 0.114466 0.11527 0.115836 0.116403 0.115879 0.120194 0.119174 0.11693 0.11886 0.120403 0.119393 0.120817 0.123401 0.124096 0.112152 0.114319 0.113771 0.117034 0.118478 0.117904 0.116795 0.117652 0.118002 0.118948
20201217 0.108346 0.108245 0.105847 0.109947 0.110577 0.110912 0.112312 0.112047 0.112006 0.11376 0.116012 0.117629 0.110867 0.115711 0.119343 0.118228 0.117766 0.119405 0.119374 0.118623 0.119638 0.122083 0.110562 0.110496 0.112648 0.113136 0.114215 0.112924 0.11426 0.115065 0.116306 0.116094
20201218 0.10984 0.110235 0.107463 0.108329 0.112159 0.112389 0.112048 0.112858 0.113838 0.113354 0.114796 0.115871 0.10877 0.112789 0.114963 0.117536 0.11633 0.116155 0.116695 0.11768 0.117363 0.118694 0.108548 0.109802 0.11062 0.111318 0.111466 0.111089 0.11179 0.113023 0.112661 0.114479
20201219 0.108865 0.108627 0.105341 0.105822 0.106008 0.110165 0.110549 0.111229 0.111763 0.111658 0.110982 0.112051 0.111105 0.109739 0.113217 0.113395 0.115588 0.115545 0.113286 0.115156 0.116318 0.118019 0.111176 0.110972 0.112257 0.111522 0.111488 0.111282 0.112338 0.111186 0.113479 0.112432
20201220 0.112996 0.112331 0.108298 0.108241 0.109213 0.109766 0.111047 0.112072 0.112 0.112136 0.113447 0.11314 0.112628 0.112992 0.113504 0.115052 0.115342 0.116963 0.117022 0.115309 0.118106 0.118589 0.113102 0.114072 0.112379 0.113311 0.112852 0.113043 0.113082 0.11424 0.112746 0.113608
20201221 0.114364 0.114137 0.10997 0.110811 0.110342 0.109832 0.110937 0.112707 0.113057 0.113652 0.114319 0.115401 0.115961 0.115179 0.114833 0.116187 0.116374 0.116244 0.117908 0.117495 0.116563 0.118741 0.114812 0.114492 0.115554 0.115732 0.116808 0.115409 0.116764 0.116138 0.114142 0.114493
20201222 0.113613 0.113936 0.11053 0.11098 0.112143 0.111122 0.112009 0.11216 0.114257 0.113011 0.113648 0.115542 0.115047 0.118264 0.116173 0.115715 0.117317 0.117456 0.11623 0.118509 0.117797 0.11744 0.112334 0.115052 0.115482 0.116438 0.114748 0.116707 0.116671 0.114301 0.11439 0.114053
20201223 0.110791 0.111002 0.109595 0.110132 0.110076 0.110455 0.111477 0.111163 0.111338 0.113033 0.112923 0.110838 0.114128 0.115344 0.11665 0.115033 0.114934 0.115812 0.117144 0.11591 0.117875 0.116691 0.113763 0.114572 0.114673 0.113149 0.114426 0.116216 0.113665 0.114152 0.11364 0.115277
20201224 0.112529 0.111658 0.108764 0.110378 0.110839 0.110103 0.110937 0.111343 0.113161 0.112616 0.115815 0.113915 0.110836 0.114306 0.11493 0.115144 0.115351 0.115061 0.116103 0.116833 0.116872 0.118476 0.113791 0.114749 0.114397 0.11493 0.115575 0.112799 0.114143 0.114492 0.115477 0.116129
20201225 0.113585 0.112452 0.109375 0.110258 0.112205 0.111942 0.112403 0.113297 0.114385 0.113747 0.113844 0.115879 0.114908 0.114673 0.116334 0.117279 0.117566 0.117172 0.116716 0.118436 0.118259 0.117962 0.115129 0.116223 0.115767 0.116495 0.113495 0.113624 0.114537 0.115952 0.116633 0.115563
20201226 0.11587 0.115917 0.112753 0.112251 0.11227 0.114208 0.114537 0.11297 0.113955 0.114317 0.11868 0.117696 0.116316 0.118658 0.119061 0.118139 0.119241 0.118745 0.11894 0.118064 0.119182 0.119872 0.115814 0.116838 0.118316 0.115295 0.115045 0.115119 0.117207 0.117867 0.117066 0.119274
20201227 0.116062 0.11552 0.112109 0.112217 0.112591 0.1122 0.114869 0.11476 0.115853 0.117507 0.116932 0.117705 0.11858 0.119809 0.120473 0.121141 0.120868 0.122447 0.122692 0.123033 0.121981 0.121892 0.117139 0.117621 0.114995 0.116183 0.11557 0.118418 0.118893 0.117648 0.119599 0.117886
20201228 0.114593 0.112444 0.109908 0.110521 0.110961 0.110838 0.111464 0.114701 0.113523 0.114764 0.116599 0.11824 0.114936 0.116951 0.117564 0.117993 0.117032 0.117755 0.119005 0.120524 0.120451 0.120286 0.114438 0.112582 0.113582 0.114193 0.116297 0.11661 0.115543 0.1171 0.11447 0.116652
20201229 0.109243 0.110259 0.107633 0.107531 0.108189 0.107756 0.108794 0.109095 0.111167 0.112794 0.11109 0.11345 0.110326 0.111213 0.111533 0.11276 0.113424 0.112653 0.113337 0.11503 0.117469 0.116186 0.108316 0.10983 0.110792 0.110697 0.110322 0.11051 0.111126 0.109015 0.110772 0.109804
20201230 0.108505 0.108558 0.109749 0.11015 0.110311 0.109828 0.110849 0.111512 0.111142 0.113952 0.11387 0.112287 0.111597 0.113155 0.113922 0.113402 0.11483 0.116483 0.116152 0.116765 0.118513 0.120523 0.110228 0.111355 0.112203 0.111598 0.111806 0.111489 0.109944 0.11089 0.110724 0.112529
20201231 0.111009 0.110573 0.108324 0.112537 0.112347 0.111575 0.111767 0.111485 0.112463 0.114408 0.116719 0.118556 0.112513 0.116122 0.118108 0.118965 0.118229 0.119045 0.1202 0.119279 0.120942 0.122434 0.112457 0.116004 0.116004 0.116418 0.116111 0.113565 0.11503 0.115294 0.115323 0.117259
20210722 0.115643 0.115799 0.112619 0.114691 0.115326 0.115217 0.114757 0.115078 0.115864 0.115381 0.115971 0.116632 0.114867 0.120435 0.119593 0.121549 0.120206 0.120591 0.119 0.119822 0.120564 0.121815 0.114456 0.115865 0.115688 0.115661 0.116691 0.115626 0.115576 0.116972 0.116507 0.117968
20210723 0.11631 0.115762 0.112025 0.113417 0.117067 0.116732 0.116975 0.11684 0.116849 0.117843 0.118468 0.120273 0.118469 0.116704 0.120293 0.120657 0.122421 0.120325 0.120719 0.119631 0.120367 0.11998 0.118237 0.119476 0.119286 0.119739 0.119452 0.119305 0.119615 0.119277 0.119814 0.119895
20210724 0.119936 0.119297 0.116364 0.116592 0.116757 0.119301 0.119609 0.11894 0.120187 0.120738 0.119971 0.11923 0.118008 0.120513 0.118909 0.120876 0.122466 0.123934 0.121971 0.122834 0.122533 0.122805 0.120812 0.121494 0.12128 0.119767 0.120954 0.12155 0.120735 0.120306 0.12184 0.121512
20210725 0.117963 0.117739 0.114656 0.114893 0.114424 0.114998 0.116184 0.116482 0.116319 0.116869 0.116037 0.116484 0.118746 0.117956 0.119698 0.117704 0.121563 0.121735 0.123842 0.121104 0.122766 0.121521 0.120047 0.118472 0.1175 0.119156 0.119838 0.119926 0.119348 0.12039 0.120329 0.118706
20210726 0.115444 0.115305 0.11264 0.112235 0.111683 0.111858 0.112146 0.112934 0.113419 0.113733 0.114496 0.114734 0.114071 0.114604 0.114314 0.115037 0.113531 0.117397 0.118076 0.120381 0.117526 0.118388 0.112807 0.112221 0.113368 0.114212 0.114116 0.113909 0.115804 0.11622 0.1157 0.116003
20210727 0.114047 0.115789 0.112881 0.112951 0.11214 0.113052 0.113417 0.113733 0.116943 0.118283 0.116914 0.117288 0.117616 0.115941 0.11552 0.11597 0.115644 0.114627 0.118284 0.119581 0.120401 0.117869 0.113224 0.114226 0.115885 0.114984 0.114719 0.117359 0.116526 0.116381 0.115788 0.115586
20210728 0.11721 0.117613 0.117462 0.117315 0.117369 0.118753 0.119867 0.119911 0.118558 0.120542 0.120467 0.11958 0.120353 0.122667 0.12092 0.12029 0.12129 0.119767 0.12015 0.122741 0.122926 0.122144 0.11794 0.1202 0.118966 0.118468 0.121558 0.119786 0.120153 0.118904 0.119264 0.120317
20210729 0.119078 0.118289 0.114858 0.118177 0.11832 0.118615 0.11919 0.120892 0.120674 0.120556 0.121195 0.121531 0.118937 0.121679 0.122963 0.121885 0.121619 0.12268 0.120827 0.121862 0.123612 0.124216 0.119756 0.119909 0.120434 0.121541 0.121041 0.120492 0.11882 0.120896 0.120817 0.121479
20210730 0.118509 0.118097 0.115412 0.115057 0.118899 0.118636 0.120328 0.120057 0.120166 0.121044 0.121249 0.122921 0.118249 0.118659 0.119899 0.121768 0.121103 0.120356 0.120328 0.119766 0.120472 0.122238 0.117965 0.119277 0.120236 0.120227 0.117566 0.116117 0.117442 0.118267 0.118903 0.121411
20210731 0.118667 0.118439 0.114882 0.115173 0.115917 0.117618 0.118111 0.118439 0.118948 0.118313 0.118019 0.11976 0.120148 0.119709 0.120041 0.121185 0.122308 0.121553 0.121564 0.121962 0.121861 0.121922 0.119545 0.120872 0.121833 0.120352 0.119947 0.120364 0.122556 0.123141 0.125195 0.124572
20210801 0.123003 0.123471 0.120329 0.119861 0.119632 0.120955 0.121535 0.12274 0.123656 0.122837 0.124329 0.125138 0.124187 0.125218 0.125027 0.125352 0.125606 0.125737 0.125564 0.126144 0.126055 0.126188 0.124082 0.124607 0.124286 0.124463 0.125769 0.125825 0.125856 0.128707 0.127662 0.129024
20210802 0.125503 0.125559 0.122378 0.121768 0.121973 0.121437 0.12268 0.124386 0.126134 0.126253 0.124683 0.12512 0.125499 0.126466 0.126725 0.126888 0.127796 0.127167 0.126896 0.127217 0.127794 0.126649 0.124472 0.124259 0.124598 0.125274 0.12528 0.12521 0.126726 0.126837 0.126705 0.128612
20210803 0.119847 0.119476 0.116112 0.116159 0.117016 0.118544 0.119625 0.119361 0.120012 0.12073 0.121667 0.123358 0.122297 0.122187 0.12342 0.124567 0.125262 0.126406 0.126903 0.126248 0.125968 0.127022 0.119511 0.120343 0.120585 0.120914 0.121807 0.122413 0.122434 0.122859 0.124743 0.123738
20210804 0.115977 0.116134 0.114269 0.114845 0.11501 0.115636 0.116586 0.115698 0.116127 0.115116 0.118181 0.119165 0.117883 0.120397 0.120186 0.121945 0.121509 0.121302 0.121492 0.121903 0.122773 0.123356 0.117353 0.119077 0.119494 0.119882 0.121384 0.12087 0.119876 0.122284 0.122261 0.121585
20210805 0.117428 0.116664 0.113827 0.115052 0.115529 0.116682 0.117663 0.118298 0.119729 0.118459 0.118629 0.119716 0.116736 0.118156 0.120449 0.120751 0.122364 0.122752 0.122054 0.121559 0.122506 0.124282 0.119222 0.120097 0.121246 0.1228 0.121416 0.119768 0.122203 0.123121 0.12183 0.12399
20210806 0.121011 0.120091 0.117187 0.117709 0.119313 0.119961 0.120068 0.120285 0.121664 0.123358 0.12391 0.12122 0.121808 0.120656 0.12212 0.123121 0.124505 0.125675 0.124816 0.125022 0.124583 0.124989 0.121784 0.123113 0.124914 0.122754 0.12278 0.124446 0.124666 0.124538 0.126937 0.127551
20210807 0.118328 0.116845 0.114074 0.114405 0.114906 0.118451 0.119168 0.118935 0.119584 0.119886 0.120637 0.121868 0.118356 0.119443 0.118068 0.119623 0.119354 0.121953 0.123024 0.122052 0.122254 0.122782 0.118458 0.120792 0.118051 0.117475 0.118335 0.119195 0.120521 0.121987 0.122017 0.120026
20210808 0.117484 0.11668 0.114565 0.113977 0.114246 0.114584 0.117533 0.117713 0.118914 0.119849 0.119996 0.119569 0.118286 0.117924 0.11788 0.117233 0.118255 0.118404 0.120726 0.11992 0.121161 0.120414 0.11801 0.115553 0.112777 0.114828 0.11581 0.118063 0.118007 0.11827 0.116298 0.114938
20210809 0.12079 0.119901 0.117693 0.117994 0.118022 0.118206 0.118898 0.120746 0.122869 0.121935 0.122128 0.121883 0.121199 0.121597 0.121032 0.120579 0.120933 0.122033 0.122052 0.123451 0.121339 0.122332 0.117517 0.115778 0.117631 0.118324 0.120212 0.120174 0.121416 0.11886 0.117792 0.119457
20210810 0.121669 0.122455 0.119943 0.120353 0.12091 0.121392 0.121501 0.1233 0.125863 0.125632 0.126893 0.125449 0.12547 0.124414 0.125386 0.124502 0.124467 0.12449 0.124773 0.125368 0.127081 0.126358 0.120497 0.122768 0.123678 0.125382 0.125038 0.127106 0.123886 0.124176 0.125798 0.124087
20210811 0.115981 0.116638 0.116687 0.117123 0.117427 0.118341 0.120349 0.11781 0.119091 0.122911 0.123352 0.124606 0.118843 0.123561 0.1235 0.123995 0.123978 0.124105 0.124272 0.125533 0.126591 0.128173 0.118549 0.120295 0.121952 0.120947 0.122879 0.120248 0.11997 0.121423 0.121852 0.121367
20210812 0.113925 0.114216 0.11214 0.114622 0.115194 0.115367 0.115012 0.116605 0.115735 0.116808 0.119998 0.120636 0.113032 0.11728 0.120089 0.120268 0.120623 0.12117 0.121455 0.122093 0.122682 0.122798 0.115688 0.116958 0.116423 0.117958 0.115483 0.114925 0.115165 0.115947 0.116326 0.115414
20210813 0.117043 0.11764 0.115439 0.116144 0.116745 0.118001 0.117962 0.117611 0.119552 0.118692 0.118522 0.121802 0.116679 0.116189 0.119136 0.120426 0.121394 0.122192 0.121689 0.121716 0.121746 0.122503 0.117727 0.117592 0.119255 0.115557 0.114944 0.114837 0.115213 0.116903 0.116192 0.117687
20210814 0.119334 0.119859 0.117743 0.118328 0.118121 0.118196 0.119283 0.118907 0.119644 0.119709 0.118687 0.118569 0.119728 0.118832 0.118726 0.120091 0.122329 0.12216 0.123168 0.122439 0.122227 0.122739 0.118875 0.121094 0.11826 0.116529 0.115212 0.115736 0.116927 0.117015 0.118318 0.116776
20210815 0.116029 0.116587 0.114935 0.115613 0.115855 0.116178 0.116215 0.116967 0.117656 0.11681 0.116671 0.117645 0.117713 0.11767 0.1178 0.116911 0.117662 0.120022 0.121166 0.1214 0.121122 0.121656 0.117485 0.116891 0.115251 0.114234 0.114243 0.114819 0.11466 0.115098 0.115426 0.116091
20210816 0.114305 0.114431 0.111941 0.112446 0.112491 0.11241 0.112708 0.114466 0.11464 0.115884 0.115088 0.114371 0.114493 0.114857 0.11431 0.11456 0.114329 0.115144 0.117961 0.118646 0.118869 0.118481 0.113942 0.113653 0.11268 0.114269 0.115102 0.115759 0.115065 0.115223 0.116312 0.11599
20210817 0.112145 0.114499 0.111649 0.111755 0.112155 0.113272 0.113184 0.114147 0.115892 0.115184 0.114947 0.113798 0.114836 0.114732 0.114245 0.113068 0.112339 0.112873 0.114666 0.116892 0.117119 0.117846 0.111881 0.11241 0.114115 0.114484 0.115986 0.115947 0.115324 0.116032 0.115174 0.115732
20210818 0.113124 0.114176 0.115231 0.115776 0.116443 0.117223 0.117298 0.118278 0.117615 0.119287 0.120558 0.120061 0.116082 0.119132 0.119358 0.118563 0.118877 0.118091 0.116912 0.119139 0.1222 0.12075 0.113236 0.115625 0.117053 0.119051 0.119414 0.119501 0.119166 0.117184 0.118736 0.118298
20210819 0.114891 0.114785 0.113154 0.117848 0.118376 0.118871 0.118933 0.119492 0.119921 0.120057 0.122816 0.121333 0.116677 0.119988 0.122675 0.123063 0.12278 0.122888 0.12106 0.119278 0.122453 0.124819 0.116634 0.118519 0.120814 0.12154 0.121464 0.120562 0.120781 0.121789 0.122268 0.123332
20210820 0.118441 0.118055 0.115623 0.11539 0.120441 0.121151 0.121685 0.123753 0.122328 0.120928 0.121762 0.125649 0.118289 0.119486 0.121518 0.125005 0.12461 0.124851 0.125077 0.122773 0.12019 0.122972 0.120183 0.122759 0.121997 0.121745 0.121344 0.121152 0.122348 0.124015 0.126453 0.127566
20210821 0.122886 0.122314 0.119295 0.120231 0.119809 0.123237 0.122489 0.124905 0.123141 0.123814 0.123735 0.123791 0.123329 0.124539 0.124108 0.124552 0.126815 0.126522 0.125791 0.125803 0.123369 0.122497 0.124956 0.125382 0.124146 0.124347 0.123533 0.124251 0.126257 0.129817 0.129505 0.12765
20210822 0.120183 0.120846 0.118687 0.118486 0.118414 0.118156 0.121993 0.121104 0.120732 0.12088 0.119551 0.121691 0.120191 0.120889 0.121155 0.119964 0.120062 0.122205 0.123546 0.123626 0.124485 0.123182 0.120629 0.120224 0.119263 0.120095 0.119716 0.12149 0.124077 0.123833 0.121968 0.121348
20210823 0.120505 0.120532 0.119087 0.119242 0.119478 0.120205 0.120784 0.126087 0.124168 0.123593 0.124031 0.122707 0.121494 0.122447 0.121153 0.121968 0.121107 0.123171 0.125398 0.126342 0.126542 0.126285 0.120383 0.119979 0.12049 0.120831 0.124071 0.124465 0.125027 0.123016 0.122351 0.124048
20210824 0.120205 0.12105 0.119125 0.119962 0.12072 0.119043 0.120325 0.123291 0.125417 0.123822 0.123375 0.126195 0.121162 0.122257 0.122766 0.121399 0.122524 0.122972 0.125503 0.126173 0.126636 0.126414 0.119322 0.120067 0.121556 0.125114 0.124573 0.12548 0.122981 0.123207 0.125084 0.126529
20210825 0.117383 0.11744 0.116292 0.117147 0.118175 0.117599 0.116659 0.117039 0.117702 0.119526 0.117555 0.118174 0.118569 0.11997 0.120743 0.11981 0.119569 0.120325 0.12005 0.122374 0.123124 0.123397 0.11682 0.118345 0.121517 0.121488 0.121743 0.11943 0.119438 0.121769 0.123083 0.123206
20210826 0.11827 0.117729 0.115405 0.118422 0.120567 0.120212 0.120121 0.119292 0.121112 0.123079 0.124327 0.126151 0.120943 0.121948 0.124313 0.124789 0.121955 0.122344 0.12309 0.122469 0.125082 0.126012 0.119239 0.122062 0.12299 0.123941 0.123402 0.124083 0.123132 0.124419 0.123084 0.123529
20210827 0.117735 0.11743 0.115857 0.11508 0.117202 0.119086 0.119169 0.119191 0.119766 0.121999 0.123453 0.123378 0.119997 0.122241 0.123641 0.124246 0.123902 0.122328 0.121693 0.122784 0.121002 0.122957 0.120152 0.12175 0.122629 0.121091 0.121556 0.121843 0.123435 0.12127 0.120406 0.120594
20210828 0.117659 0.117604 0.1146 0.114342 0.114342 0.118035 0.119304 0.119423 0.119977 0.11742 0.119799 0.120404 0.116908 0.121105 0.120919 0.121992 0.121966 0.121127 0.120941 0.119613 0.120896 0.119715 0.119474 0.12024 0.119646 0.117887 0.117997 0.118897 0.118547 0.117643 0.118311 0.117771
20210829 0.116988 0.115662 0.112855 0.113061 0.113306 0.113857 0.117283 0.117398 0.120305 0.119906 0.118457 0.121422 0.117659 0.118087 0.120606 0.119987 0.120537 0.120955 0.120324 0.120617 0.119205 0.119212 0.116837 0.117474 0.116244 0.115451 0.117111 0.115934 0.116085 0.116794 0.115508 0.11501
20210830 0.116585 0.113878 0.111231 0.111028 0.112272 0.112656 0.112995 0.117435 0.11843 0.122469 0.122283 0.121725 0.117721 0.118411 0.118555 0.120133 0.120218 0.121555 0.123537 0.122956 0.123632 0.121614 0.115608 0.114552 0.113202 0.116353 0.115658 0.115604 0.115723 0.113417 0.113143 0.113115
20210831 0.116861 0.114871 0.11255 0.112721 0.113186 0.114069 0.114343 0.114203 0.120097 0.120667 0.122337 0.121602 0.119646 0.119538 0.119925 0.119319 0.120651 0.120491 0.12211 0.123855 0.123769 0.125048 0.11647 0.116935 0.119362 0.118994 0.117667 0.117256 0.114762 0.113234 0.11367 0.114537
20210901 0.119555 0.119449 0.120068 0.120287 0.119545 0.120546 0.120289 0.118475 0.119001 0.123291 0.123577 0.123717 0.119561 0.122722 0.121962 0.121813 0.120866 0.121988 0.12195 0.122225 0.123502 0.123293 0.120028 0.121856 0.119985 0.119816 0.119311 0.118305 0.117373 0.118076 0.117542 0.119304
20210902 0.119714 0.119647 0.117584 0.120908 0.12054 0.121053 0.121574 0.122414 0.122365 0.1222 0.12528 0.125839 0.120132 0.122032 0.123569 0.122397 0.121759 0.121322 0.121696 0.121793 0.121891 0.124178 0.121849 0.121071 0.121232 0.120795 0.118947 0.117942 0.119082 0.118346 0.119684 0.118922
20210903 0.120337 0.120513 0.118725 0.118361 0.122549 0.122329 0.1237 0.125201 0.124849 0.12395 0.12196 0.126293 0.120976 0.122285 0.124421 0.124477 0.122434 0.12197 0.122328 0.122708 0.122504 0.124457 0.122355 0.122948 0.123795 0.120614 0.11825 0.119273 0.11851 0.120747 0.119804 0.122575
20210905 0.122219 0.121946 0.119288 0.119118 0.118367 0.119438 0.123002 0.122929 0.124061 0.124637 0.124464 0.12623 0.124572 0.127008 0.126335 0.126385 0.125947 0.125955 0.125251 0.124812 0.124967 0.128136 0.124452 0.122943 0.124064 0.124877 0.124259 0.124386 0.124283 0.126883 0.128025 0.127654
20210906 0.123159 0.1235 0.121359 0.120562 0.120649 0.119617 0.120606 0.122999 0.123141 0.124129 0.123773 0.124457 0.122279 0.124811 0.126992 0.125123 0.125015 0.123673 0.123863 0.12387 0.122405 0.121576 0.121674 0.122336 0.123431 0.123428 0.1241 0.124068 0.12631 0.127092 0.127172 0.12642
20210907 0.116392 0.118014 0.115426 0.115798 0.116078 0.117223 0.116503 0.116844 0.118795 0.120494 0.121388 0.122637 0.118905 0.119247 0.120324 0.121393 0.119344 0.120765 0.119867 0.120704 0.120785 0.120555 0.116293 0.118194 0.119738 0.120374 0.121259 0.123345 0.123 0.121777 0.120974 0.122626
20210908 0.114545 0.11443 0.114561 0.114279 0.114753 0.115415 0.115826 0.114634 0.116754 0.121094 0.120916 0.123252 0.116984 0.119591 0.118704 0.119003 0.120543 0.118538 0.119304 0.120757 0.121869 0.121726 0.117289 0.118416 0.119771 0.120282 0.122555 0.121301 0.120672 0.120322 0.122241 0.12256
20210909 0.12384 0.124268 0.122233 0.123911 0.124343 0.124357 0.12505 0.125289 0.124711 0.124404 0.126657 0.126089 0.123019 0.124229 0.126796 0.125215 0.126522 0.128214 0.127694 0.128389 0.129579 0.130056 0.125362 0.125925 0.125944 0.129058 0.127664 0.125899 0.127934 0.129039 0.130074 0.132359
20210910 0.120557 0.121203 0.11878 0.118637 0.120302 0.121051 0.121959 0.123024 0.1224 0.123556 0.123954 0.126447 0.121995 0.12125 0.122887 0.123814 0.123905 0.124943 0.126149 0.125326 0.126667 0.126311 0.121232 0.121481 0.123893 0.124054 0.121273 0.122818 0.123355 0.123455 0.123874 0.123513
20210911 0.126868 0.128011 0.124731 0.124358 0.123844 0.128294 0.128852 0.129221 0.131273 0.130887 0.131374 0.131604 0.130842 0.131071 0.131096 0.132037 0.134214 0.132747 0.134473 0.135459 0.133941 0.133594 0.127871 0.13024 0.130723 0.130405 0.132659 0.132644 0.132447 0.133521 0.132986 0.132502
20210912 0.119992 0.120324 0.117638 0.118104 0.118316 0.118373 0.119143 0.11911 0.120299 0.12235 0.122103 0.124202 0.121522 0.124072 0.124674 0.125186 0.124281 0.126002 0.124149 0.125581 0.126679 0.125696 0.123066 0.123345 0.121629 0.123081 0.124574 0.122716 0.124099 0.124086 0.122851 0.121978
20210913 0.120767 0.119913 0.117727 0.118625 0.11873 0.118386 0.119985 0.120806 0.122626 0.122353 0.12173 0.124348 0.120453 0.122104 0.121978 0.121929 0.12213 0.123653 0.125746 0.123861 0.123776 0.125029 0.120666 0.11915 0.120739 0.122474 0.121454 0.121918 0.120917 0.120081 0.118941 0.120754
20210914 0.117995 0.119735 0.117894 0.118323 0.11853 0.119715 0.119462 0.119293 0.119048 0.121234 0.12359 0.120916 0.121518 0.121309 0.121384 0.120842 0.120073 0.119477 0.121944 0.124212 0.123085 0.122901 0.115501 0.119061 0.120108 0.120166 0.119569 0.120354 0.119506 0.116613 0.119302 0.120201
20210915 0.111514 0.112115 0.113262 0.113334 0.112813 0.114002 0.114005 0.115063 0.115056 0.117655 0.117472 0.117603 0.1165 0.119289 0.118207 0.119632 0.119334 0.118206 0.117541 0.11777 0.119036 0.117646 0.116341 0.11728 0.11644 0.118229 0.119267 0.118316 0.113084 0.116094 0.117282 0.118591
20210916 0.115225 0.115479 0.113312 0.116079 0.116795 0.117069 0.115716 0.116758 0.118359 0.119387 0.121945 0.122242 0.112951 0.118278 0.122089 0.121946 0.122092 0.121963 0.120801 0.119143 0.119605 0.12199 0.11609 0.116924 0.119099 0.119922 0.119573 0.113925 0.116208 0.118897 0.120449 0.120976
20210917 0.115971 0.11633 0.114245 0.114468 0.117814 0.117807 0.11733 0.117563 0.11938 0.120708 0.120319 0.122811 0.11718 0.114937 0.119765 0.123521 0.121523 0.122507 0.121459 0.121074 0.119958 0.120676 0.117108 0.119733 0.119545 0.120038 0.114747 0.117264 0.119764 0.120619 0.119682 0.124229
20210918 0.114204 0.113161 0.110781 0.111169 0.111116 0.116027 0.115151 0.116603 0.116036 0.115746 0.116169 0.116368 0.115007 0.115447 0.114904 0.119377 0.122752 0.120524 0.122509 0.121024 0.121113 0.120533 0.11651 0.116897 0.116419 0.111142 0.114441 0.117404 0.118462 0.117416 0.121145 0.121023
20210919 0.114834 0.114796 0.112283 0.1131 0.112388 0.112037 0.115819 0.115677 0.115688 0.115915 0.117192 0.116396 0.114692 0.115364 0.116076 0.11496 0.118082 0.120266 0.119058 0.120323 0.118891 0.119001 0.114429 0.114719 0.109841 0.112308 0.116736 0.117456 0.11682 0.12023 0.119864 0.118435
20210920 0.115997 0.115112 0.111693 0.112564 0.113035 0.112677 0.113884 0.117163 0.118749 0.119075 0.118695 0.120992 0.119458 0.119753 0.119731 0.121152 0.12107 0.121577 0.121879 0.121351 0.123248 0.121865 0.116831 0.113802 0.114579 0.119577 0.119621 0.11753 0.121086 0.121176 0.12063 0.120615
20210921 0.114943 0.116102 0.11349 0.114025 0.113951 0.114523 0.115583 0.114958 0.117616 0.118484 0.119043 0.117461 0.116716 0.120408 0.118002 0.119427 0.121484 0.120118 0.121655 0.120952 0.120041 0.121745 0.112132 0.114948 0.118213 0.118123 0.118134 0.120758 0.120447 0.119865 0.119807 0.120579
20210922 0.114522 0.11511 0.113806 0.113574 0.116122 0.116115 0.117806 0.120546 0.121438 0.121379 0.124706 0.125162 0.122476 0.123326 0.125189 0.12331 0.124639 0.125242 0.124621 0.127287 0.127489 0.125331 0.117407 0.122466 0.122847 0.123856 0.125458 0.124879 0.125774 0.126064 0.125758 0.126446
20210923 0.118545 0.11842 0.115888 0.118083 0.118098 0.119027 0.120316 0.121568 0.122188 0.123919 0.125058 0.12461 0.118334 0.125497 0.12535 0.126302 0.125345 0.125787 0.126923 0.125024 0.126764 0.127478 0.122612 0.124296 0.124418 0.126691 0.125443 0.125954 0.125565 0.126937 0.127612 0.129659
20210924 0.115743 0.11501 0.113141 0.113334 0.1154 0.114893 0.115395 0.116653 0.115701 0.116673 0.115721 0.120119 0.114272 0.113437 0.118622 0.119889 0.119947 0.118829 0.120315 0.1219 0.120835 0.122659 0.117239 0.118313 0.119376 0.117941 0.11836 0.118711 0.120303 0.120026 0.121288 0.12115
20210925 0.116122 0.115892 0.113549 0.113615 0.113879 0.11864 0.118979 0.119316 0.120192 0.119926 0.119989 0.118792 0.117126 0.115896 0.114177 0.118064 0.120096 0.120034 0.119679 0.120241 0.122714 0.121941 0.116158 0.117576 0.116799 0.115532 0.11655 0.118206 0.119506 0.119232 0.119826 0.120043
20210926 0.120814 0.11995 0.116915 0.116792 0.117151 0.117631 0.122233 0.123472 0.123336 0.122028 0.124965 0.126312 0.123781 0.124408 0.122024 0.119965 0.12395 0.125725 0.126771 0.126132 0.125735 0.128884 0.122623 0.122108 0.120968 0.121752 0.122555 0.123379 0.123224 0.125028 0.125353 0.122878
20210927 0.117856 0.118245 0.115561 0.115634 0.115103 0.114836 0.115866 0.118925 0.118875 0.118323 0.118361 0.121031 0.117653 0.120333 0.120009 0.118692 0.115775 0.119794 0.121393 0.122991 0.122488 0.122528 0.117861 0.118417 0.119793 0.118927 0.120163 0.117735 0.120372 0.120704 0.118701 0.120907
20210928 0.113983 0.115266 0.112947 0.112518 0.113952 0.113154 0.11354 0.113773 0.116682 0.116773 0.117857 0.118129 0.115794 0.116776 0.117772 0.116893 0.11571 0.113953 0.118215 0.120067 0.121751 0.120629 0.115493 0.11693 0.116892 0.117965 0.114962 0.117485 0.118158 0.116099 0.117558 0.117545
20210929 0.112503 0.113004 0.113311 0.11332 0.113069 0.112982 0.112643 0.114451 0.112411 0.11544 0.115973 0.114895 0.114193 0.118402 0.118092 0.117886 0.116647 0.116025 0.113972 0.117124 0.1183 0.119879 0.113753 0.116338 0.115616 0.115717 0.117493 0.117731 0.114393 0.117111 0.115485 0.117933
20210930 0.11159 0.111486 0.108956 0.111593 0.112667 0.113063 0.11329 0.115699 0.114151 0.1143 0.114671 0.115762 0.113958 0.116154 0.118168 0.11731 0.116576 0.11586 0.115465 0.114937 0.116887 0.118373 0.114885 0.116319 0.1168 0.117456 0.117736 0.115053 0.117901 0.118045 0.118064 0.120994
20211001 0.114153 0.113424 0.111407 0.111791 0.114515 0.115094 0.115818 0.11695 0.117768 0.116615 0.11623 0.120361 0.113226 0.115932 0.116497 0.118556 0.11778 0.115997 0.116406 0.116651 0.117262 0.119917 0.115925 0.116337 0.118113 0.117989 0.1151 0.117156 0.118313 0.118494 0.121708 0.119668
20211002 0.115747 0.114178 0.112233 0.112033 0.112637 0.114326 0.115328 0.114134 0.116716 0.116014 0.117105 0.115603 0.115014 0.115496 0.11705 0.116111 0.117102 0.117979 0.11767 0.117336 0.119026 0.118896 0.116105 0.119384 0.118824 0.115344 0.117758 0.116902 0.118699 0.121521 0.12032 0.119947
20211003 0.119706 0.119228 0.117087 0.116749 0.116249 0.11664 0.116972 0.119337 0.118673 0.119749 0.120173 0.12033 0.121752 0.119972 0.120184 0.121293 0.119308 0.120497 0.12187 0.122062 0.121057 0.122626 0.122189 0.122164 0.118777 0.119982 0.119418 0.119992 0.122115 0.121388 0.121296 0.122467
20211004 0.120485 0.120267 0.118116 0.117149 0.117812 0.117254 0.116538 0.117479 0.11782 0.119531 0.11943 0.119752 0.120466 0.121934 0.119633 0.119706 0.120053 0.118734 0.119336 0.119824 0.120594 0.121014 0.122014 0.117737 0.119101 0.118551 0.119027 0.120816 0.121593 0.121466 0.120714 0.120756
20211005 0.119115 0.120138 0.118803 0.11941 0.118888 0.118963 0.118563 0.118462 0.121116 0.120942 0.121331 0.12134 0.120383 0.11995 0.121494 0.119498 0.11964 0.120283 0.11926 0.120077 0.119535 0.120587 0.116691 0.119486 0.119154 0.119361 0.120969 0.122302 0.122525 0.121805 0.122026 0.12248
20211006 0.117237 0.117553 0.116942 0.117759 0.119127 0.119758 0.120172 0.119653 0.119724 0.125619 0.123763 0.12311 0.12185 0.12233 0.120596 0.122078 0.121594 0.121567 0.120924 0.121472 0.122211 0.120814 0.118813 0.119461 0.120922 0.121534 0.120775 0.121454 0.121296 0.121904 0.122328 0.121713
20211007 0.114832 0.115262 0.113582 0.115912 0.116914 0.117736 0.117899 0.117876 0.117769 0.116758 0.121551 0.122299 0.116866 0.121678 0.120631 0.11853 0.119163 0.120787 0.121242 0.120662 0.120347 0.121956 0.116938 0.118485 0.120191 0.119734 0.119306 0.119998 0.120507 0.121293 0.120458 0.119211
20211008 0.115141 0.114952 0.113297 0.113588 0.116564 0.116018 0.116063 0.117871 0.117596 0.116584 0.11852 0.120085 0.116736 0.117281 0.120571 0.120026 0.118629 0.119033 0.120212 0.120348 0.120218 0.118283 0.117364 0.119437 0.120289 0.119416 0.118897 0.119148 0.120815 0.120134 0.120425 0.11945
20211009 0.116849 0.116614 0.114877 0.115662 0.115296 0.118548 0.118 0.119448 0.119581 0.117404 0.117442 0.118623 0.115294 0.117737 0.117167 0.119116 0.118305 0.118535 0.119503 0.120798 0.120447 0.119136 0.119111 0.119159 0.118468 0.118306 0.117207 0.119442 0.11998 0.12084 0.121808 0.121818
20211010 0.11948 0.119 0.117176 0.117104 0.117605 0.118213 0.122381 0.121313 0.121811 0.121549 0.120636 0.12182 0.1195 0.118447 0.120111 0.118568 0.120984 0.12072 0.120447 0.121831 0.122159 0.122852 0.11927 0.120258 0.118356 0.116966 0.118156 0.118723 0.119174 0.120549 0.117673 0.119871
20211011 0.115902 0.115385 0.11359 0.113099 0.11433 0.115073 0.114315 0.118377 0.118129 0.118309 0.119173 0.118905 0.117837 0.117478 0.116841 0.118129 0.117027 0.121001 0.120947 0.120652 0.121266 0.121516 0.116556 0.114437 0.113556 0.114714 0.114937 0.115321 0.117026 0.113469 0.115174 0.116465
20211012 0.115315 0.115613 0.113493 0.114372 0.114589 0.114769 0.115643 0.114644 0.11703 0.117245 0.11698 0.119063 0.116753 0.118399 0.118482 0.118374 0.119712 0.11855 0.120859 0.121713 0.122627 0.122557 0.113898 0.114639 0.116441 0.116753 0.117597 0.117336 0.115979 0.116621 0.117176 0.118634
20211013 0.114112 0.114416 0.114737 0.115455 0.116178 0.116817 0.116435 0.116343 0.11678 0.119671 0.120113 0.120095 0.117008 0.119301 0.11921 0.119331 0.119597 0.120943 0.120093 0.121891 0.122936 0.122518 0.116035 0.119259 0.119368 0.119902 0.119162 0.118809 0.119838 0.120288 0.121287 0.121147
20211014 0.114833 0.114741 0.112503 0.115519 0.115969 0.116293 0.116315 0.117688 0.117244 0.117053 0.117691 0.118524 0.114778 0.117998 0.119772 0.120348 0.119564 0.119152 0.118819 0.11864 0.120719 0.120737 0.116982 0.117655 0.118064 0.118708 0.118375 0.117853 0.119356 0.120528 0.122179 0.123969
20211015 0.113668 0.113801 0.112 0.112173 0.11341 0.113661 0.113759 0.114829 0.113794 0.114399 0.113718 0.114868 0.113589 0.113695 0.116406 0.116414 0.117793 0.116689 0.115438 0.117248 0.119118 0.119266 0.113917 0.11441 0.116393 0.115282 0.113759 0.115465 0.114815 0.115559 0.117307 0.114629
20211016 0.115558 0.115968 0.112974 0.111934 0.111852 0.113737 0.113561 0.112602 0.112579 0.116459 0.115533 0.115262 0.116661 0.116971 0.116045 0.120177 0.119649 0.121639 0.120042 0.121127 0.122236 0.12384 0.115222 0.117641 0.117138 0.115262 0.116645 0.116031 0.115288 0.116778 0.115971 0.117771
20211017 0.112939 0.113509 0.111125 0.110636 0.11057 0.110607 0.112109 0.111834 0.112857 0.114663 0.114659 0.115391 0.116996 0.11818 0.117576 0.116559 0.12123 0.121136 0.123133 0.121881 0.122569 0.123166 0.115628 0.115457 0.115838 0.117279 0.117333 0.1165 0.117536 0.11721 0.118187 0.11942
20211018 0.116227 0.116247 0.113819 0.113224 0.112401 0.112372 0.113513 0.115951 0.114315 0.116192 0.118524 0.118415 0.117463 0.12019 0.120849 0.120179 0.1181 0.122077 0.12253 0.123541 0.122634 0.12311 0.11769 0.118007 0.120059 0.12035 0.118868 0.120653 0.121149 0.119841 0.120548 0.122322
20211019 0.115086 0.116958 0.114799 0.114382 0.115451 0.115576 0.115116 0.115175 0.118451 0.116144 0.118796 0.119316 0.117899 0.120332 0.121754 0.121975 0.12108 0.119651 0.1235 0.123735 0.124149 0.122786 0.116357 0.118777 0.11919 0.118091 0.11887 0.119909 0.119464 0.120273 0.122325 0.121931
20211020 0.115277 0.115406 0.117207 0.116693 0.115977 0.117499 0.117052 0.118596 0.117273 0.11862 0.1195 0.118167 0.117382 0.120852 0.120772 0.122129 0.122086 0.121521 0.120402 0.122612 0.123876 0.125151 0.117448 0.118075 0.116777 0.117474 0.119111 0.118381 0.11855 0.120469 0.120285 0.121791
20211021 0.12022 0.120183 0.118344 0.120757 0.12103 0.121801 0.121931 0.122356 0.122498 0.121212 0.123018 0.124062 0.121151 0.12442 0.126486 0.125605 0.124944 0.12671 0.126354 0.125277 0.126891 0.126584 0.121123 0.122795 0.122894 0.124254 0.122903 0.123728 0.124892 0.125904 0.127236 0.126537
20211022 0.121346 0.121334 0.118566 0.118523 0.120406 0.120591 0.120143 0.120858 0.120565 0.122991 0.122679 0.123779 0.123342 0.124461 0.126636 0.128312 0.127129 0.126022 0.128901 0.128194 0.126782 0.128176 0.122747 0.124868 0.125213 0.124422 0.124906 0.126826 0.126721 0.127151 0.127571 0.128205
20211023 0.11938 0.119598 0.115409 0.116528 0.116886 0.119728 0.119903 0.120047 0.120714 0.121066 0.122628 0.124576 0.121688 0.12199 0.121773 0.123845 0.125602 0.125296 0.126838 0.128483 0.126971 0.125467 0.121357 0.12389 0.122675 0.122671 0.125352 0.125517 0.125813 0.127066 0.126866 0.126063
20211024 0.117679 0.116755 0.113841 0.114004 0.113482 0.114831 0.115971 0.117074 0.118073 0.120322 0.120639 0.120067 0.119613 0.121031 0.120227 0.119445 0.120973 0.122929 0.12446 0.125263 0.126504 0.12558 0.121025 0.120235 0.119795 0.121994 0.122592 0.122007 0.123223 0.123138 0.122246 0.123159
20211025 0.117784 0.116855 0.114837 0.114765 0.115196 0.11593 0.116229 0.117952 0.118335 0.118906 0.117979 0.121483 0.11812 0.120042 0.119117 0.120112 0.119474 0.12143 0.122756 0.123137 0.122771 0.124457 0.117617 0.117768 0.119879 0.120121 0.119795 0.120573 0.121313 0.121458 0.122252 0.120974
20211026 0.115709 0.115967 0.11305 0.113603 0.114468 0.114328 0.115866 0.115633 0.116733 0.11879 0.120191 0.120002 0.117221 0.119385 0.11979 0.118427 0.119786 0.119627 0.121472 0.121549 0.121228 0.12176 0.116588 0.119525 0.120491 0.119547 0.118867 0.120133 0.119846 0.12173 0.121087 0.121395
20211027 0.111134 0.111133 0.111198 0.111209 0.110759 0.112604 0.112426 0.112744 0.112584 0.114837 0.11463 0.117227 0.114891 0.116462 0.117547 0.117215 0.117098 0.118462 0.117098 0.117261 0.116753 0.11717 0.11423 0.114672 0.114085 0.115349 0.113755 0.114071 0.115433 0.11584 0.117256 0.117721
20211028 0.110893 0.111331 0.108933 0.110696 0.111066 0.111723 0.111732 0.112301 0.112812 0.113381 0.113525 0.114161 0.109001 0.113497 0.11487 0.11553 0.115625 0.116228 0.117523 0.115638 0.114777 0.113831 0.111531 0.111883 0.114299 0.112378 0.113705 0.112494 0.112316 0.113908 0.114412 0.114453
20211029 0.109808 0.110087 0.107492 0.106935 0.10979 0.110928 0.111268 0.109869 0.111374 0.113003 0.112968 0.114738 0.111693 0.109985 0.112462 0.114137 0.115028 0.114643 0.116095 0.115812 0.113928 0.11419 0.110494 0.112319 0.111976 0.111241 0.10995 0.11097 0.112151 0.113635 0.114095 0.11364
20211030 0.113622 0.113668 0.110355 0.110768 0.110328 0.113071 0.112245 0.112806 0.114052 0.113821 0.115427 0.115107 0.113617 0.115607 0.113342 0.116388 0.11678 0.117356 0.115921 0.117945 0.117451 0.116105 0.114786 0.114285 0.11575 0.114803 0.114632 0.116552 0.117604 0.11807 0.118174 0.119145
20211031 0.123369 0.124306 0.121367 0.120706 0.121123 0.120456 0.122853 0.124701 0.124447 0.124102 0.123954 0.125559 0.123384 0.123731 0.125199 0.123788 0.126665 0.126631 0.125674 0.124943 0.126493 0.126556 0.123582 0.125461 0.124948 0.124308 0.1266 0.127185 0.128011 0.128084 0.128861 0.128636
20211101 0.119958 0.122055 0.118831 0.118742 0.118845 0.118245 0.118945 0.120103 0.12118 0.121138 0.122584 0.121677 0.123036 0.123171 0.124496 0.126005 0.123165 0.124398 0.126114 0.126379 0.126552 0.127431 0.12193 0.122834 0.122277 0.123739 0.124489 0.123747 0.124057 0.124844 0.126485 0.128025
20211102 0.116813 0.119229 0.116784 0.117152 0.116731 0.116775 0.118292 0.11707 0.116975 0.11895 0.118881 0.120701 0.117627 0.12033 0.120007 0.120999 0.122751 0.120646 0.121541 0.122945 0.123752 0.123584 0.117085 0.118879 0.121205 0.121959 0.121629 0.120434 0.121498 0.12182 0.122209 0.122495
20211103 0.113981 0.114408 0.116034 0.116665 0.116712 0.116622 0.116172 0.116661 0.117144 0.118774 0.118053 0.120215 0.116639 0.120776 0.121003 0.119834 0.12044 0.12238 0.120027 0.121358 0.121641 0.12317 0.115958 0.119154 0.120043 0.119728 0.118467 0.119794 0.119394 0.119936 0.120711 0.121176
20211104 0.114523 0.114557 0.112388 0.116858 0.116389 0.116336 0.11611 0.115363 0.115408 0.114778 0.116031 0.117236 0.114635 0.117014 0.120329 0.120446 0.120054 0.12002 0.121871 0.119642 0.121746 0.121853 0.116758 0.118297 0.118571 0.117261 0.117165 0.116738 0.117515 0.119285 0.118842 0.120175
20211105 0.111868 0.111502 0.108752 0.10872 0.11265 0.112502 0.113368 0.111055 0.111208 0.111747 0.111158 0.113285 0.110584 0.112947 0.113653 0.115122 0.115902 0.11428 0.116009 0.117134 0.114947 0.117124 0.113868 0.114492 0.113968 0.112285 0.112572 0.114932 0.114556 0.115711 0.117705 0.117471
20211106 0.113235 0.113084 0.110813 0.110434 0.110947 0.115098 0.11439 0.115574 0.115338 0.115576 0.114365 0.11264 0.113248 0.111822 0.113362 0.112995 0.114795 0.115286 0.115717 0.116538 0.118051 0.116025 0.113417 0.115161 0.11313 0.112126 0.113882 0.113338 0.114136 0.116324 0.116143 0.113743
20211107 0.114583 0.114936 0.112253 0.112653 0.11153 0.112323 0.115113 0.116025 0.116935 0.116515 0.11706 0.116437 0.117079 0.116949 0.116659 0.118034 0.117884 0.118758 0.118564 0.119321 0.119821 0.120246 0.11707 0.117107 0.115546 0.116356 0.11658 0.11708 0.119915 0.12036 0.118484 0.117888
20211108 0.121291 0.121016 0.118941 0.118663 0.118597 0.118765 0.119348 0.122116 0.12319 0.125341 0.123537 0.121987 0.121812 0.124326 0.122968 0.123146 0.124669 0.123596 0.122398 0.12329 0.124478 0.125206 0.122277 0.121011 0.121005 0.121692 0.121158 0.124709 0.124395 0.122043 0.121994 0.123004
20211109 0.121868 0.124286 0.12206 0.12169 0.122355 0.121416 0.121451 0.122802 0.124699 0.126733 0.126283 0.126021 0.123467 0.12462 0.125278 0.124315 0.124215 0.125211 0.124218 0.122686 0.122691 0.125014 0.12195 0.123098 0.123961 0.122849 0.125711 0.125777 0.123228 0.12397 0.123907 0.126612
20211110 0.117909 0.118346 0.118516 0.118543 0.119126 0.118042 0.118681 0.118949 0.119563 0.121503 0.122399 0.122768 0.119415 0.121149 0.121468 0.1232 0.121687 0.121416 0.123066 0.121646 0.120988 0.121104 0.120007 0.119475 0.118388 0.121259 0.121845 0.118786 0.119522 0.119946 0.12208 0.122819
20211111 0.116618 0.1171 0.114432 0.116685 0.11647 0.11742 0.116207 0.116025 0.117109 0.118461 0.120736 0.120056 0.116157 0.117716 0.119211 0.119622 0.121774 0.120117 0.12011 0.12118 0.120118 0.120377 0.116901 0.117233 0.119617 0.120401 0.117373 0.116636 0.117608 0.11983 0.120308 0.119801
20211112 0.116923 0.116276 0.11391 0.114407 0.116891 0.116942 0.116965 0.116788 0.117173 0.117948 0.118542 0.1207 0.117556 0.118238 0.11955 0.121316 0.12135 0.123738 0.121013 0.121367 0.121946 0.121724 0.116887 0.119373 0.121112 0.118675 0.117397 0.118281 0.121064 0.121534 0.120666 0.122304
20211113 0.116706 0.117145 0.114785 0.11549 0.115793 0.117591 0.117717 0.120782 0.122717 0.1205 0.120122 0.123162 0.119344 0.11873 0.120262 0.122714 0.124021 0.124717 0.125677 0.124092 0.123841 0.123748 0.119737 0.122374 0.120853 0.119767 0.119915 0.121245 0.121439 0.120389 0.121956 0.121792
20211114 0.114436 0.114238 0.112219 0.111983 0.112194 0.111902 0.114056 0.113688 0.114982 0.117637 0.116988 0.115491 0.114625 0.116724 0.114752 0.116572 0.117791 0.11875 0.119237 0.119792 0.119904 0.119824 0.117299 0.116504 0.115418 0.115433 0.116979 0.116763 0.117488 0.119525 0.117762 0.117401
20211115 0.116743 0.118203 0.115084 0.115681 0.115189 0.11479 0.114147 0.115747 0.116765 0.117345 0.117345 0.118464 0.11662 0.117398 0.118327 0.11818 0.118604 0.119324 0.121118 0.122789 0.122991 0.122793 0.116841 0.116354 0.118241 0.118569 0.11881 0.119755 0.121037 0.119692 0.11893 0.119201
20211116 0.117452 0.118323 0.115928 0.116851 0.116523 0.11762 0.117599 0.116033 0.11769 0.120613 0.11894 0.119753 0.1201 0.121742 0.119808 0.120083 0.119636 0.119697 0.12065 0.121442 0.12297 0.123746 0.116003 0.118926 0.119176 0.119926 0.121372 0.122266 0.12197 0.11837 0.120848 0.119225
20211117 0.113623 0.114094 0.114362 0.114989 0.115509 0.1156 0.116598 0.117125 0.117788 0.11885 0.11973 0.116267 0.117197 0.120121 0.120772 0.118378 0.120202 0.118773 0.119023 0.119012 0.119666 0.121466 0.117239 0.118374 0.117952 0.118592 0.118917 0.119157 0.116791 0.119201 0.117271 0.121066
20211118 0.113264 0.112935 0.110666 0.112923 0.11317 0.113445 0.113933 0.114035 0.114478 0.114898 0.115434 0.116432 0.112287 0.114957 0.11617 0.11571 0.113469 0.11549 0.114399 0.114523 0.115148 0.116499 0.114444 0.114604 0.11535 0.115426 0.114942 0.112948 0.116066 0.114676 0.118554 0.118831
20211119 0.111817 0.111846 0.109538 0.109304 0.112528 0.112022 0.112779 0.112637 0.111222 0.112723 0.112965 0.113918 0.112033 0.112454 0.114158 0.115703 0.115568 0.112662 0.116024 0.115195 0.11596 0.116111 0.112731 0.115079 0.113159 0.111931 0.110868 0.113208 0.112042 0.115226 0.116913 0.117623
20211120 0.112396 0.111515 0.109751 0.110733 0.111124 0.112619 0.112635 0.113665 0.11312 0.111948 0.112179 0.112747 0.112081 0.113961 0.112848 0.113025 0.116358 0.114837 0.11272 0.116453 0.116894 0.118709 0.11401 0.114595 0.113558 0.109713 0.112044 0.112252 0.114217 0.116949 0.118023 0.116175
20211121 0.112981 0.112241 0.110725 0.110982 0.111272 0.11165 0.114372 0.113871 0.114761 0.115788 0.114092 0.113964 0.113952 0.115075 0.115835 0.114428 0.114284 0.117119 0.115727 0.113842 0.117243 0.117591 0.113909 0.113391 0.110977 0.11331 0.11456 0.114781 0.11711 0.118461 0.117262 0.11643
20211122 0.115057 0.114365 0.112097 0.11202 0.11243 0.112613 0.112688 0.114382 0.114528 0.114638 0.116627 0.113707 0.116476 0.118297 0.11801 0.117762 0.116373 0.117331 0.119744 0.118932 0.117043 0.119297 0.114456 0.112886 0.114753 0.115659 0.116095 0.116931 0.117711 0.117037 0.117362 0.117464
20211123 0.114057 0.115045 0.112025 0.111484 0.111875 0.111304 0.112166 0.112194 0.112527 0.11493 0.1147 0.117293 0.116612 0.118362 0.119512 0.118175 0.117932 0.116943 0.117958 0.121419 0.120697 0.119338 0.113013 0.1159 0.116375 0.1163 0.117728 0.116641 0.116823 0.11678 0.116986 0.118097
20211124 0.113318 0.113871 0.114228 0.113687 0.114527 0.113878 0.114052 0.116437 0.116687 0.119661 0.119438 0.120084 0.116713 0.120992 0.121445 0.121485 0.121959 0.12247 0.122308 0.121967 0.124896 0.123165 0.115637 0.117929 0.116529 0.117973 0.1165 0.116275 0.115981 0.116823 0.117046 0.115984
20211125 0.113844 0.114962 0.112302 0.114866 0.114803 0.115245 0.114509 0.115147 0.116997 0.116982 0.120398 0.118887 0.113191 0.118164 0.121197 0.121986 0.120752 0.121507 0.120672 0.121597 0.120544 0.123202 0.116997 0.116338 0.117734 0.116193 0.115283 0.114119 0.113564 0.114784 0.11414 0.116085
20211126 0.114784 0.115218 0.112914 0.11234 0.114134 0.11484 0.114988 0.115832 0.116679 0.117044 0.117845 0.118577 0.114866 0.115444 0.117867 0.120812 0.121432 0.121107 0.121847 0.120812 0.120236 0.119667 0.114988 0.117674 0.117405 0.11616 0.113314 0.112804 0.115083 0.114516 0.115859 0.118464
20211127 0.116057 0.115958 0.112994 0.113512 0.113075 0.113679 0.11316 0.115283 0.118216 0.115985 0.119029 0.117076 0.118543 0.117894 0.117657 0.120285 0.122264 0.122504 0.122552 0.122924 0.12153 0.120461 0.117999 0.118001 0.117728 0.117336 0.116936 0.119333 0.118306 0.118538 0.12049 0.120946
20211128 0.115067 0.116671 0.113511 0.114181 0.11355 0.113887 0.115175 0.115219 0.114599 0.115319 0.115408 0.114864 0.115627 0.117219 0.116491 0.116501 0.119991 0.120753 0.123246 0.123663 0.122656 0.120644 0.115193 0.1159 0.114682 0.114985 0.118201 0.116735 0.117365 0.118505 0.119013 0.117474
20211129 0.116356 0.115944 0.112778 0.112926 0.11285 0.112899 0.112439 0.112885 0.112467 0.115397 0.115822 0.115701 0.118193 0.11846 0.119372 0.118672 0.118341 0.121271 0.12081 0.123293 0.123255 0.123926 0.117422 0.115489 0.116475 0.118949 0.117175 0.117669 0.117372 0.118691 0.116916 0.118284
20211130 0.113916 0.114263 0.111499 0.111657 0.112051 0.111913 0.111427 0.109953 0.110922 0.112009 0.110668 0.113133 0.115152 0.118008 0.11714 0.117203 0.117359 0.116139 0.119378 0.119966 0.121595 0.12048 0.113047 0.114168 0.115262 0.115555 0.116023 0.113649 0.116552 0.11427 0.115406 0.11805
20211201 0.111414 0.111622 0.10986 0.109863 0.11005 0.111537 0.11254 0.111182 0.109996 0.11283 0.111679 0.113176 0.115705 0.116366 0.118727 0.118419 0.118434 0.117454 0.115595 0.119431 0.119594 0.120659 0.112277 0.115063 0.114257 0.1143 0.111084 0.114299 0.112627 0.115204 0.116327 0.118375
20211202 0.113224 0.11298 0.110407 0.113463 0.113555 0.113883 0.115312 0.115741 0.115639 0.114908 0.113854 0.116948 0.114601 0.117824 0.117393 0.118651 0.119276 0.118886 0.11884 0.117298 0.121885 0.122412 0.115579 0.115566 0.116963 0.115008 0.116545 0.115178 0.117516 0.118708 0.118828 0.119734
20211203 0.114217 0.113387 0.110529 0.111792 0.115266 0.11556 0.115693 0.11575 0.117271 0.116233 0.118329 0.115545 0.114961 0.116608 0.119084 0.118944 0.120709 0.119857 0.119931 0.121121 0.119022 0.121768 0.113535 0.118428 0.1173 0.11702 0.115943 0.117322 0.119244 0.118296 0.119485 0.119525
20211204 0.116547 0.115381 0.113764 0.114853 0.115689 0.120281 0.123081 0.121936 0.121284 0.121658 0.122828 0.123658 0.120274 0.121589 0.121761 0.123392 0.123817 0.125783 0.124976 0.125225 0.126033 0.123439 0.119849 0.120242 0.120684 0.119612 0.120615 0.120772 0.121296 0.123046 0.122611 0.121778
20211205 0.121596 0.119531 0.117585 0.119551 0.120067 0.121117 0.124655 0.126293 0.125334 0.125479 0.127174 0.12912 0.123576 0.128068 0.127969 0.126641 0.128045 0.13002 0.132208 0.132318 0.131856 0.132228 0.123325 0.125729 0.123324 0.124839 0.124944 0.124619 0.125733 0.125098 0.122745 0.123601
20211206 0.121961 0.120617 0.117404 0.118445 0.119394 0.120542 0.121378 0.122989 0.124771 0.123572 0.124158 0.124814 0.123333 0.127213 0.128532 0.127863 0.128285 0.127461 0.129312 0.131013 0.131386 0.129918 0.125788 0.124276 0.123694 0.124301 0.123546 0.125085 0.124334 0.121986 0.123053 0.122515
20211207 0.120764 0.120723 0.11868 0.119343 0.119514 0.119746 0.120452 0.120888 0.124409 0.124534 0.124096 0.125913 0.119951 0.122512 0.124804 0.124661 0.124324 0.124376 0.123787 0.125892 0.127485 0.126975 0.121003 0.12217 0.12264 0.122628 0.12265 0.122188 0.120437 0.12149 0.12128 0.122851
20211208 0.116385 0.116527 0.115244 0.115921 0.116741 0.116933 0.119199 0.118496 0.118212 0.121361 0.12147 0.121104 0.118764 0.118963 0.120054 0.121162 0.121466 0.12067 0.120187 0.122037 0.122937 0.122931 0.119852 0.12018 0.120026 0.120774 0.120068 0.118152 0.118461 0.117535 0.119084 0.120347
20211209 0.115701 0.115416 0.11269 0.114692 0.115101 0.115383 0.114767 0.114427 0.114441 0.113601 0.11588 0.11723 0.116163 0.116929 0.115764 0.117276 0.117557 0.119621 0.118762 0.118458 0.120128 0.119764 0.115412 0.117156 0.117009 0.116831 0.115168 0.114092 0.114048 0.115443 0.118733 0.117771
20211210 0.110229 0.108898 0.106084 0.107598 0.109445 0.11049 0.109785 0.10937 0.111511 0.110362 0.111507 0.112487 0.112748 0.113314 0.113691 0.112467 0.112038 0.111744 0.11491 0.115523 0.113871 0.115746 0.112747 0.111921 0.112436 0.110067 0.108152 0.10925 0.11043 0.114764 0.113859 0.115731
20211211 0.113318 0.11187 0.108824 0.109355 0.109925 0.11019 0.111404 0.112609 0.112519 0.114288 0.114443 0.116254 0.115176 0.116978 0.116887 0.11779 0.11804 0.116864 0.115796 0.117651 0.118752 0.117503 0.114179 0.115272 0.113262 0.112555 0.112474 0.112921 0.116373 0.117587 0.119528 0.119175
20211212 0.123215 0.121208 0.118651 0.119318 0.12053 0.120734 0.119479 0.120781 0.123314 0.122553 0.122613 0.12429 0.123662 0.126401 0.126578 0.12722 0.127873 0.128657 0.12787 0.126048 0.127076 0.127937 0.124768 0.122366 0.122101 0.12122 0.121701 0.123848 0.126045 0.128326 0.128069 0.126491
20211213 0.118197 0.117593 0.114738 0.115641 0.115978 0.115364 0.115193 0.115904 0.115945 0.117846 0.118034 0.117105 0.119843 0.121103 0.122304 0.120789 0.120911 0.122135 0.123569 0.123706 0.121924 0.123626 0.117248 0.11769 0.118836 0.118425 0.119403 0.121476 0.123254 0.124051 0.12239 0.120193
20211214 0.11714 0.117762 0.114513 0.115862 0.116406 0.116012 0.116222 0.116863 0.120166 0.119522 0.120891 0.119864 0.1206 0.121808 0.122409 0.122885 0.121997 0.121562 0.123472 0.123549 0.123345 0.122795 0.116668 0.119414 0.119371 0.119207 0.12096 0.123309 0.122835 0.121318 0.119681 0.121632
20211215 0.115881 0.116121 0.115857 0.116824 0.117507 0.117679 0.118561 0.117993 0.117276 0.119756 0.120422 0.119553 0.118467 0.121009 0.120842 0.121022 0.121504 0.121698 0.121154 0.12273 0.122838 0.121353 0.117642 0.119123 0.118424 0.118754 0.121122 0.119559 0.118556 0.117415 0.119639 0.121821
20211216 0.113419 0.114005 0.111895 0.11348 0.113881 0.114423 0.11553 0.115879 0.115923 0.116422 0.119213 0.116252 0.113071 0.116544 0.117871 0.117635 0.117926 0.117776 0.118425 0.118168 0.118196 0.118935 0.11414 0.116081 0.116685 0.118432 0.116607 0.115581 0.115394 0.116181 0.117996 0.118431
20211217 0.106794 0.10662 0.104354 0.104651 0.106874 0.107153 0.106794 0.107943 0.108917 0.109487 0.111424 0.111239 0.108923 0.107995 0.110066 0.1128 0.113283 0.114043 0.113396 0.115153 0.113294 0.115027 0.108265 0.109977 0.111317 0.11031 0.109103 0.110157 0.110697 0.112004 0.113471 0.113473
20211218 0.11063 0.109362 0.106819 0.106865 0.108194 0.11109 0.111983 0.111537 0.112677 0.111477 0.111249 0.111887 0.111645 0.111769 0.113013 0.113455 0.115214 0.115806 0.1183 0.118046 0.119928 0.119146 0.112623 0.114393 0.113069 0.1122 0.112186 0.113049 0.114653 0.114359 0.115245 0.115922
20211219 0.121495 0.121182 0.118985 0.118425 0.11922 0.119318 0.120878 0.119115 0.119802 0.120358 0.12078 0.12254 0.121966 0.123603 0.123158 0.124094 0.124755 0.125793 0.126677 0.128095 0.127336 0.129251 0.124074 0.124177 0.122943 0.122658 0.124615 0.12556 0.125 0.126599 0.127079 0.128689
20211220 0.115148 0.115304 0.112543 0.112816 0.11315 0.113419 0.11507 0.11762 0.116389 0.11642 0.118842 0.116219 0.118373 0.12025 0.121145 0.120081 0.12055 0.122131 0.122985 0.124306 0.124482 0.124069 0.117436 0.117315 0.117124 0.11844 0.119317 0.119259 0.119314 0.120622 0.123047 0.123777
20211221 0.111007 0.112505 0.11078 0.11107 0.111556 0.11269 0.111269 0.114136 0.113455 0.11321 0.11308 0.113291 0.113506 0.114302 0.114829 0.116958 0.116387 0.116939 0.116701 0.117513 0.119144 0.120064 0.111915 0.111068 0.112134 0.113112 0.113579 0.113343 0.114558 0.11608 0.117654 0.11818
20211222 0.108804 0.108885 0.109696 0.110299 0.110295 0.110976 0.111298 0.110942 0.111932 0.11353 0.111775 0.11252 0.111863 0.114914 0.115661 0.115329 0.116406 0.117983 0.116321 0.116292 0.117622 0.118689 0.106828 0.11018 0.111232 0.111981 0.112206 0.11223 0.113458 0.114861 0.114847 0.11434
20211223 0.107635 0.107735 0.106152 0.109543 0.110013 0.110689 0.11125 0.113264 0.111165 0.112611 0.113282 0.112581 0.111291 0.113346 0.115419 0.117035 0.116453 0.114999 0.116932 0.11642 0.116284 0.116739 0.110918 0.11164 0.111865 0.113008 0.112058 0.113293 0.114223 0.11427 0.113183 0.115482
20211224 0.112223 0.111739 0.110453 0.110704 0.112853 0.112589 0.113405 0.114013 0.1133 0.113906 0.115336 0.114455 0.111654 0.114521 0.11456 0.117366 0.11818 0.117164 0.115558 0.116977 0.117426 0.117196 0.114505 0.115171 0.115779 0.115512 0.115343 0.115988 0.116031 0.114436 0.116538 0.11734
20211225 0.112183 0.111285 0.109832 0.110802 0.110925 0.1121 0.110926 0.112885 0.11379 0.112186 0.112684 0.11367 0.112347 0.110684 0.11291 0.112214 0.11455 0.11496 0.114916 0.114106 0.115232 0.116439 0.113292 0.113861 0.113828 0.113667 0.112935 0.11433 0.112566 0.115285 0.116029 0.116303
20211226 0.110896 0.111313 0.109295 0.109119 0.110191 0.109864 0.111118 0.111096 0.11256 0.113736 0.111825 0.110583 0.112177 0.111766 0.110008 0.111612 0.110721 0.112373 0.113473 0.114314 0.11336 0.113274 0.112305 0.112362 0.112138 0.11316 0.114234 0.113523 0.115639 0.116863 0.116135 0.117516
20211227 0.112262 0.113193 0.110837 0.110747 0.111117 0.110505 0.110898 0.113248 0.112426 0.112528 0.113618 0.111475 0.111551 0.113351 0.112927 0.111203 0.111992 0.112206 0.114168 0.114722 0.115444 0.113907 0.11204 0.112001 0.112447 0.113149 0.112862 0.115932 0.116034 0.115462 0.11607 0.116119
20211228 0.111909 0.114197 0.112033 0.112071 0.111248 0.111212 0.111565 0.111092 0.115203 0.115014 0.113073 0.11531 0.112834 0.113722 0.116003 0.11443 0.114157 0.115174 0.115221 0.116689 0.116535 0.117045 0.112111 0.113103 0.112831 0.112739 0.115458 0.115974 0.115102 0.115086 0.116385 0.115769
20211229 0.110753 0.110804 0.111726 0.111236 0.111185 0.111052 0.111629 0.111377 0.112006 0.115949 0.113675 0.114903 0.112034 0.114251 0.114591 0.116091 0.113966 0.114324 0.115579 0.115269 0.116529 0.116991 0.112094 0.11334 0.112981 0.114499 0.115041 0.114733 0.115131 0.116456 0.116404 0.11565
20211230 0.10977 0.10942 0.106956 0.109784 0.109578 0.109341 0.109664 0.111116 0.111514 0.112748 0.114459 0.113164 0.109485 0.111203 0.112454 0.112928 0.115206 0.113163 0.112435 0.114208 0.11339 0.116282 0.110523 0.110468 0.111833 0.112338 0.112232 0.113907 0.115171 0.114735 0.114488 0.114415
20211231 0.111692 0.111259 0.108997 0.109107 0.111765 0.11115 0.111128 0.11186 0.112576 0.113354 0.114418 0.116438 0.112335 0.112033 0.112578 0.114533 0.115012 0.116912 0.115434 0.113363 0.115754 0.116191 0.111141 0.113006 0.11366 0.113042 0.114409 0.115317 0.115258 0.114197 0.113984 0.115436
