20190306 0.106551 0.106551 0.117149 0.117434 0.11762 0.11854 0.118541 0.118542 0.118542 0.126244 0.128371 0.127088 0.108734 0.119634 0.121009 0.122048 0.125453 0.125208 0.125163 0.126486 0.136261 0.130006 0.108734 0.119634 0.121009 0.122048 0.125453 0.125208 0.125163 0.126486 0.136261 0.130006
20190313 0.105865 0.105865 0.118434 0.118576 0.118955 0.118959 0.118717 0.119774 0.120017 0.122521 0.123389 0.124083 0.106206 0.1198 0.125721 0.121449 0.123706 0.128921 0.128981 0.131429 0.137337 0.135114 0.106206 0.1198 0.125721 0.121449 0.123706 0.128921 0.128981 0.131429 0.137337 0.135114
20190320 0.105197 0.105197 0.118296 0.118316 0.118379 0.118089 0.119348 0.119054 0.118336 0.128684 0.129541 0.131772 0.107628 0.119935 0.125639 0.124543 0.123466 0.123425 0.125392 0.128165 0.137843 0.139306 0.107628 0.119935 0.125639 0.124543 0.123466 0.123425 0.125392 0.128165 0.137843 0.139306
20190327 0.0990107 0.0990107 0.10786 0.107444 0.107887 0.108719 0.108723 0.108493 0.109977 0.118401 0.118011 0.119619 0.100318 0.108883 0.113328 0.115217 0.115664 0.115728 0.117673 0.119267 0.126687 0.12888 0.100318 0.108883 0.113328 0.115217 0.115664 0.115728 0.117673 0.119267 0.126687 0.12888
20190403 0.1034 0.1034 0.114512 0.115199 0.11533 0.116624 0.116644 0.118404 0.121383 0.13008 0.129483 0.131134 0.105023 0.117931 0.122545 0.120741 0.120404 0.122734 0.120492 0.120302 0.130673 0.136137 0.105023 0.117931 0.122545 0.120741 0.120404 0.122734 0.120492 0.120302 0.130673 0.136137
20190410 0.115208 0.115208 0.124008 0.124185 0.124658 0.124936 0.124278 0.123126 0.123765 0.132272 0.132093 0.132701 0.11564 0.122892 0.123216 0.128418 0.130458 0.131836 0.133137 0.131663 0.136638 0.138626 0.11564 0.122892 0.123216 0.128418 0.130458 0.131836 0.133137 0.131663 0.136638 0.138626
20190417 0.104983 0.104983 0.118178 0.118186 0.119038 0.118177 0.118744 0.119044 0.119378 0.125942 0.125813 0.125021 0.108146 0.119942 0.122491 0.122957 0.127019 0.128221 0.13126 0.129895 0.136225 0.136322 0.108146 0.119942 0.122491 0.122957 0.127019 0.128221 0.13126 0.129895 0.136225 0.136322
20190424 0.102337 0.102337 0.119133 0.119306 0.119619 0.119028 0.119607 0.119699 0.121181 0.129642 0.129905 0.127047 0.105614 0.121763 0.124442 0.1283 0.128276 0.127192 0.125669 0.126899 0.132149 0.133335 0.105614 0.121763 0.124442 0.1283 0.128276 0.127192 0.125669 0.126899 0.132149 0.133335
20190501 0.104892 0.104892 0.119487 0.119553 0.119629 0.119436 0.119907 0.119089 0.120453 0.13188 0.130518 0.131449 0.107078 0.119613 0.121315 0.123664 0.123471 0.123043 0.12247 0.123398 0.135691 0.136524 0.107078 0.119613 0.121315 0.123664 0.123471 0.123043 0.12247 0.123398 0.135691 0.136524
20190508 0.106684 0.106684 0.120307 0.120531 0.120306 0.120541 0.121544 0.122034 0.121443 0.131203 0.131087 0.130577 0.108325 0.121589 0.122382 0.121249 0.121234 0.124128 0.123849 0.125859 0.132485 0.133951 0.108325 0.121589 0.122382 0.121249 0.121234 0.124128 0.123849 0.125859 0.132485 0.133951
20190515 0.108031 0.108031 0.123254 0.123254 0.123721 0.123822 0.126109 0.126109 0.126867 0.131749 0.131207 0.133334 0.108993 0.125271 0.128186 0.129297 0.130107 0.132535 0.1321 0.133422 0.141572 0.14193 0.108993 0.125271 0.128186 0.129297 0.130107 0.132535 0.1321 0.133422 0.141572 0.14193
20190522 0.10133 0.10133 0.113547 0.113565 0.113992 0.11395 0.115026 0.115027 0.115111 0.125608 0.125607 0.126133 0.102939 0.114553 0.120408 0.122361 0.121857 0.121963 0.12081 0.120799 0.127656 0.127647 0.102939 0.114553 0.120408 0.122361 0.121857 0.121963 0.12081 0.120799 0.127656 0.127647
20190529 0.100852 0.100852 0.116242 0.116242 0.116662 0.116752 0.117987 0.117986 0.118687 0.126522 0.127694 0.129124 0.100857 0.120048 0.120141 0.121819 0.122713 0.124162 0.123833 0.127547 0.136323 0.132196 0.100857 0.120048 0.120141 0.121819 0.122713 0.124162 0.123833 0.127547 0.136323 0.132196
20190605 0.0967226 0.0967226 0.112912 0.112977 0.113957 0.116875 0.116875 0.116875 0.116874 0.127067 0.127067 0.126939 0.0986308 0.113663 0.113083 0.115794 0.117427 0.119777 0.118794 0.120834 0.130877 0.132235 0.0986308 0.113663 0.113083 0.115794 0.117427 0.119777 0.118794 0.120834 0.130877 0.132235
20190612 0.0975383 0.0975383 0.111411 0.111236 0.111796 0.112507 0.113727 0.113646 0.115597 0.122462 0.123737 0.123192 0.0993417 0.11135 0.110749 0.112333 0.11117 0.110323 0.113147 0.117975 0.125914 0.123593 0.0993417 0.11135 0.110749 0.112333 0.11117 0.110323 0.113147 0.117975 0.125914 0.123593
20190619 0.099039 0.099039 0.116885 0.117926 0.117925 0.117421 0.118568 0.118568 0.118268 0.125466 0.124839 0.126016 0.100615 0.117939 0.120465 0.120796 0.121424 0.12017 0.118952 0.118753 0.12817 0.129825 0.100615 0.117939 0.120465 0.120796 0.121424 0.12017 0.118952 0.118753 0.12817 0.129825
20190626 0.102147 0.102147 0.115634 0.115634 0.115582 0.115833 0.115823 0.115824 0.115696 0.128335 0.129477 0.129477 0.103317 0.115647 0.117645 0.116466 0.12083 0.123155 0.120314 0.121536 0.129945 0.129107 0.103317 0.115647 0.117645 0.116466 0.12083 0.123155 0.120314 0.121536 0.129945 0.129107
20190703 0.0965836 0.0965836 0.110402 0.110403 0.11089 0.110203 0.112598 0.111911 0.111912 0.124397 0.124396 0.12438 0.0981869 0.112683 0.114548 0.113861 0.113999 0.113958 0.113785 0.114178 0.126328 0.130105 0.0981869 0.112683 0.114548 0.113861 0.113999 0.113958 0.113785 0.114178 0.126328 0.130105
20190710 0.093268 0.093268 0.107372 0.108019 0.108127 0.108335 0.109004 0.109675 0.108376 0.118357 0.117388 0.11933 0.0931899 0.110417 0.110964 0.111347 0.111404 0.114908 0.115461 0.116862 0.127691 0.127594 0.0931899 0.110417 0.110964 0.111347 0.111404 0.114908 0.115461 0.116862 0.127691 0.127594
20190717 0.0967695 0.0967695 0.113714 0.113715 0.114614 0.114016 0.114389 0.114836 0.114127 0.119973 0.119905 0.120386 0.0983593 0.115728 0.116937 0.113158 0.114157 0.116416 0.115388 0.115923 0.124158 0.124134 0.0983593 0.115728 0.116937 0.113158 0.114157 0.116416 0.115388 0.115923 0.124158 0.124134
20190724 0.0961865 0.0961865 0.108958 0.109473 0.109277 0.109202 0.110935 0.11158 0.111154 0.122484 0.122485 0.122291 0.0969708 0.112371 0.117166 0.114781 0.115228 0.115287 0.116411 0.117823 0.124297 0.125395 0.0969708 0.112371 0.117166 0.114781 0.115228 0.115287 0.116411 0.117823 0.124297 0.125395
20190731 0.0979421 0.0979421 0.108766 0.108698 0.108389 0.108059 0.108788 0.10936 0.110315 0.11691 0.119207 0.11953 0.0986394 0.111166 0.115211 0.112931 0.111242 0.113034 0.117616 0.11593 0.124386 0.130728 0.0986394 0.111166 0.115211 0.112931 0.111242 0.113034 0.117616 0.11593 0.124386 0.130728
20190805 0.092844 0.092844 0.107953 0.108131 0.108386 0.108252 0.107702 0.118021 0.118593 0.118036 0.119653 0.118779 0.107578 0.110466 0.110273 0.111713 0.112095 0.114164 0.122534 0.126028 0.126186 0.126615 0.107578 0.110466 0.110273 0.111713 0.112095 0.114164 0.122534 0.126028 0.126186 0.126615
20190807 0.0974149 0.0974149 0.113048 0.112727 0.113547 0.113587 0.11636 0.116736 0.115021 0.12284 0.123645 0.123821 0.0983441 0.117808 0.115702 0.116197 0.11378 0.113267 0.113343 0.119105 0.127092 0.130289 0.0983441 0.117808 0.115702 0.116197 0.11378 0.113267 0.113343 0.119105 0.127092 0.130289
20190812 0.0941864 0.0941864 0.106636 0.106695 0.106695 0.106695 0.107524 0.119033 0.120911 0.119603 0.121976 0.122243 0.106345 0.108758 0.116056 0.114618 0.112763 0.117234 0.129993 0.126472 0.123567 0.12407 0.106345 0.108758 0.116056 0.114618 0.112763 0.117234 0.129993 0.126472 0.123567 0.12407
20190814 0.0926841 0.0926841 0.105023 0.104979 0.105044 0.106283 0.106283 0.106284 0.106607 0.116236 0.117831 0.117425 0.0941017 0.105338 0.111788 0.112072 0.111201 0.114375 0.116966 0.119098 0.12573 0.124095 0.0941017 0.105338 0.111788 0.112072 0.111201 0.114375 0.116966 0.119098 0.12573 0.124095
20190821 0.093453 0.093453 0.103794 0.103815 0.10367 0.104034 0.106103 0.106111 0.106111 0.111774 0.113237 0.11342 0.0939357 0.106235 0.109471 0.107985 0.108861 0.112739 0.114228 0.11566 0.12133 0.125037 0.0939357 0.106235 0.109471 0.107985 0.108861 0.112739 0.114228 0.11566 0.12133 0.125037
20190828 0.0879568 0.0879568 0.0999527 0.0999526 0.0995167 0.0996701 0.10071 0.101055 0.102117 0.110127 0.110323 0.111032 0.0885844 0.105188 0.104222 0.102113 0.101375 0.105503 0.107312 0.107503 0.110883 0.111526 0.0885844 0.105188 0.104222 0.102113 0.101375 0.105503 0.107312 0.107503 0.110883 0.111526
20190904 0.0879852 0.0879852 0.100174 0.10019 0.10019 0.101509 0.101509 0.101509 0.101508 0.107195 0.107197 0.108447 0.089945 0.103 0.104626 0.107135 0.109134 0.107653 0.108597 0.108614 0.112578 0.115817 0.089945 0.103 0.104626 0.107135 0.109134 0.107653 0.108597 0.108614 0.112578 0.115817
20190911 0.0962473 0.0962473 0.108878 0.108885 0.108885 0.108663 0.108663 0.11062 0.110614 0.121035 0.121036 0.121035 0.0978174 0.114678 0.117949 0.117882 0.117295 0.115723 0.11733 0.119729 0.128968 0.128377 0.0978174 0.114678 0.117949 0.117882 0.117295 0.115723 0.11733 0.119729 0.128968 0.128377
20190918 0.0956107 0.0956107 0.109037 0.108889 0.108774 0.10915 0.111445 0.111445 0.111444 0.12448 0.124472 0.124471 0.0956758 0.115386 0.119325 0.124121 0.122788 0.123797 0.128456 0.128353 0.134788 0.134762 0.0956758 0.115386 0.119325 0.124121 0.122788 0.123797 0.128456 0.128353 0.134788 0.134762
20190925 0.0986091 0.0986091 0.107564 0.107489 0.108626 0.108614 0.108071 0.108094 0.108691 0.120599 0.120856 0.121056 0.100872 0.110945 0.11244 0.112004 0.116398 0.121528 0.124051 0.128472 0.13545 0.137627 0.100872 0.110945 0.11244 0.112004 0.116398 0.121528 0.124051 0.128472 0.13545 0.137627
20191002 0.0938209 0.0938209 0.109319 0.110182 0.109995 0.109892 0.111541 0.112315 0.111383 0.125544 0.126098 0.129003 0.0940988 0.111607 0.118305 0.119297 0.120223 0.121518 0.122103 0.125304 0.130901 0.133637 0.0940988 0.111607 0.118305 0.119297 0.120223 0.121518 0.122103 0.125304 0.130901 0.133637
20191009 0.101264 0.101264 0.116447 0.116835 0.116828 0.117229 0.117496 0.117375 0.118373 0.126271 0.127222 0.127476 0.102812 0.116032 0.122893 0.123776 0.121527 0.127426 0.127045 0.1308 0.132936 0.133113 0.102812 0.116032 0.122893 0.123776 0.121527 0.127426 0.127045 0.1308 0.132936 0.133113
20191016 0.100422 0.100422 0.115005 0.115752 0.115343 0.11604 0.116799 0.11704 0.116927 0.125055 0.124499 0.124817 0.104162 0.115005 0.118813 0.121881 0.124519 0.126922 0.13218 0.13214 0.135999 0.13724 0.104162 0.115005 0.118813 0.121881 0.124519 0.126922 0.13218 0.13214 0.135999 0.13724
20191023 0.103969 0.103969 0.116384 0.11664 0.116692 0.117402 0.117927 0.119062 0.118138 0.129353 0.129553 0.129198 0.104921 0.119357 0.119798 0.115872 0.118506 0.11988 0.123189 0.123805 0.132833 0.131263 0.104921 0.119357 0.119798 0.115872 0.118506 0.11988 0.123189 0.123805 0.132833 0.131263
20191030 0.110105 0.110105 0.122064 0.12272 0.12289 0.123198 0.123312 0.123998 0.124978 0.132391 0.135704 0.135296 0.112773 0.122965 0.123448 0.124042 0.125054 0.126437 0.128195 0.127263 0.136847 0.139557 0.112773 0.122965 0.123448 0.124042 0.125054 0.126437 0.128195 0.127263 0.136847 0.139557
20191106 0.105706 0.105706 0.120153 0.120722 0.1211 0.121441 0.121827 0.121925 0.12217 0.129952 0.131619 0.130596 0.107208 0.122376 0.125733 0.126566 0.126954 0.127844 0.131411 0.137504 0.140325 0.139882 0.107208 0.122376 0.125733 0.126566 0.126954 0.127844 0.131411 0.137504 0.140325 0.139882
20191113 0.101236 0.101236 0.114509 0.114395 0.115369 0.115773 0.117833 0.1176 0.117001 0.121388 0.121886 0.123042 0.101963 0.116414 0.119402 0.120259 0.122208 0.1251 0.126906 0.129319 0.133631 0.135019 0.101963 0.116414 0.119402 0.120259 0.122208 0.1251 0.126906 0.129319 0.133631 0.135019
20191120 0.0992402 0.0992402 0.110232 0.11034 0.109997 0.110037 0.110633 0.110418 0.110061 0.118631 0.119843 0.121538 0.0999553 0.111335 0.112533 0.114918 0.114602 0.115677 0.116576 0.119391 0.124903 0.126177 0.0999553 0.111335 0.112533 0.114918 0.114602 0.115677 0.116576 0.119391 0.124903 0.126177
20191127 0.108728 0.108728 0.118988 0.119336 0.119231 0.120394 0.120408 0.119361 0.121335 0.131126 0.132192 0.128948 0.109554 0.118923 0.125591 0.124497 0.122141 0.123121 0.126251 0.130528 0.136454 0.139271 0.109554 0.118923 0.125591 0.124497 0.122141 0.123121 0.126251 0.130528 0.136454 0.139271
20191204 0.106733 0.106733 0.118395 0.118663 0.118711 0.119637 0.119058 0.120741 0.122365 0.132653 0.133357 0.136116 0.108 0.121235 0.124219 0.123884 0.120625 0.120892 0.122594 0.127356 0.132407 0.133761 0.108 0.121235 0.124219 0.123884 0.120625 0.120892 0.122594 0.127356 0.132407 0.133761
20191211 0.0941508 0.0941508 0.104892 0.105209 0.104896 0.104786 0.104467 0.106607 0.107526 0.1198 0.119798 0.119062 0.0950805 0.108757 0.115171 0.116976 0.11701 0.115367 0.116181 0.115192 0.124885 0.124094 0.0950805 0.108757 0.115171 0.116976 0.11701 0.115367 0.116181 0.115192 0.124885 0.124094
20191218 0.101575 0.101575 0.111854 0.11169 0.111989 0.112634 0.113879 0.113878 0.113989 0.122189 0.121669 0.122162 0.102837 0.114286 0.116529 0.116357 0.117223 0.120643 0.121297 0.125142 0.132289 0.132747 0.102837 0.114286 0.116529 0.116357 0.117223 0.120643 0.121297 0.125142 0.132289 0.132747
20191225 0.0989155 0.0989155 0.107831 0.107783 0.108544 0.108901 0.10995 0.110692 0.110905 0.118984 0.119076 0.11949 0.0994135 0.109509 0.111865 0.111276 0.113625 0.115617 0.113637 0.115685 0.120747 0.123192 0.0994135 0.109509 0.111865 0.111276 0.113625 0.115617 0.113637 0.115685 0.120747 0.123192
20200101 0.10408 0.10408 0.112158 0.112421 0.111863 0.112534 0.11268 0.113633 0.112771 0.12159 0.121725 0.121536 0.105895 0.111682 0.113577 0.117895 0.120071 0.119631 0.119277 0.121053 0.128331 0.128243 0.105895 0.111682 0.113577 0.117895 0.120071 0.119631 0.119277 0.121053 0.128331 0.128243
20200108 0.0962145 0.0962145 0.105571 0.105305 0.105568 0.105555 0.10584 0.107616 0.106785 0.115086 0.117386 0.116026 0.0969844 0.107031 0.113866 0.114212 0.115204 0.119953 0.121042 0.120982 0.124004 0.124061 0.0969844 0.107031 0.113866 0.114212 0.115204 0.119953 0.121042 0.120982 0.124004 0.124061
20200115 0.0998136 0.0998136 0.107621 0.107416 0.108035 0.10781 0.107778 0.108131 0.10886 0.115666 0.115609 0.116945 0.0995362 0.108854 0.110043 0.112248 0.112032 0.117099 0.117132 0.121911 0.125939 0.125911 0.0995362 0.108854 0.110043 0.112248 0.112032 0.117099 0.117132 0.121911 0.125939 0.125911
20200122 0.101624 0.101624 0.111047 0.111321 0.110649 0.111486 0.112025 0.111208 0.111482 0.116488 0.117687 0.119982 0.102467 0.114616 0.115591 0.114539 0.114075 0.11299 0.110797 0.113197 0.121366 0.122687 0.102467 0.114616 0.115591 0.114539 0.114075 0.11299 0.110797 0.113197 0.121366 0.122687
20200129 0.0971804 0.0971804 0.107844 0.107927 0.108437 0.108497 0.108762 0.109016 0.109143 0.115827 0.115705 0.116111 0.097796 0.109501 0.114255 0.11343 0.113422 0.114941 0.113562 0.115159 0.122096 0.121192 0.097796 0.109501 0.114255 0.11343 0.113422 0.114941 0.113562 0.115159 0.122096 0.121192
20200205 0.10155 0.10155 0.110575 0.110551 0.110505 0.110762 0.109875 0.111337 0.109856 0.117194 0.118608 0.118576 0.102324 0.109946 0.112723 0.115143 0.119028 0.117529 0.118883 0.118951 0.126126 0.127464 0.102324 0.109946 0.112723 0.115143 0.119028 0.117529 0.118883 0.118951 0.126126 0.127464
20200212 0.10989 0.10989 0.11532 0.11532 0.115396 0.115707 0.116547 0.116272 0.115801 0.123857 0.125603 0.124801 0.110333 0.117152 0.119187 0.119005 0.118091 0.119397 0.123194 0.12442 0.127451 0.127583 0.110333 0.117152 0.119187 0.119005 0.118091 0.119397 0.123194 0.12442 0.127451 0.127583
20200219 0.0990543 0.0990543 0.111078 0.110939 0.111858 0.111089 0.111297 0.113881 0.113878 0.120452 0.120453 0.119751 0.111273 0.111154 0.114318 0.114513 0.116211 0.114283 0.11432 0.113735 0.11702 0.120621 0.111273 0.111154 0.114318 0.114513 0.116211 0.114283 0.11432 0.113735 0.11702 0.120621
20200226 0.101033 0.101033 0.118466 0.118325 0.118698 0.119115 0.119336 0.11939 0.119356 0.117686 0.11741 0.117079 0.101197 0.118954 0.121014 0.12152 0.119691 0.121136 0.1212 0.122675 0.121654 0.121056 0.101197 0.118954 0.121014 0.12152 0.119691 0.121136 0.1212 0.122675 0.121654 0.121056
20200304 0.0968699 0.0968699 0.107786 0.107821 0.10782 0.108238 0.10882 0.110136 0.110639 0.122259 0.121383 0.121086 0.0976026 0.110477 0.113404 0.11253 0.113178 0.113644 0.116193 0.116332 0.128986 0.131062 0.0976026 0.110477 0.113404 0.11253 0.113178 0.113644 0.116193 0.116332 0.128986 0.131062
20200311 0.104293 0.104293 0.114189 0.114322 0.113525 0.114285 0.114701 0.116531 0.116388 0.122097 0.127282 0.127281 0.10429 0.113957 0.116692 0.119366 0.120577 0.120671 0.120241 0.119691 0.127613 0.125727 0.10429 0.113957 0.116692 0.119366 0.120577 0.120671 0.120241 0.119691 0.127613 0.125727
20200318 0.10174 0.10174 0.111427 0.111426 0.111426 0.11125 0.111847 0.11297 0.112665 0.120736 0.121166 0.120559 0.103669 0.111473 0.115851 0.117088 0.116552 0.115761 0.115645 0.116208 0.122273 0.124334 0.103669 0.111473 0.115851 0.117088 0.116552 0.115761 0.115645 0.116208 0.122273 0.124334
20200325 0.100782 0.100782 0.111275 0.11155 0.112122 0.112078 0.11179 0.111789 0.113804 0.11771 0.117705 0.117706 0.102599 0.111218 0.114565 0.114703 0.113238 0.115719 0.11755 0.115898 0.123422 0.125733 0.102599 0.111218 0.114565 0.114703 0.113238 0.115719 0.11755 0.115898 0.123422 0.125733
20200401 0.0984136 0.0984136 0.107667 0.108268 0.10905 0.10905 0.108554 0.108554 0.109794 0.117539 0.118235 0.119184 0.0986702 0.108411 0.111695 0.114414 0.115602 0.116113 0.117424 0.117653 0.122058 0.124879 0.0986702 0.108411 0.111695 0.114414 0.115602 0.116113 0.117424 0.117653 0.122058 0.124879
20200408 0.0982246 0.0982246 0.108038 0.108683 0.109 0.108614 0.108374 0.108188 0.109534 0.116285 0.117719 0.117777 0.102203 0.108588 0.111461 0.114605 0.116576 0.115605 0.117447 0.116203 0.120075 0.121434 0.102203 0.108588 0.111461 0.114605 0.116576 0.115605 0.117447 0.116203 0.120075 0.121434
20200415 0.0976697 0.0976697 0.10582 0.10506 0.104888 0.104775 0.105238 0.105997 0.10493 0.111773 0.112526 0.112841 0.100188 0.106841 0.111012 0.109892 0.108634 0.108891 0.112717 0.112861 0.118423 0.119734 0.100188 0.106841 0.111012 0.109892 0.108634 0.108891 0.112717 0.112861 0.118423 0.119734
20200422 0.0917703 0.0917703 0.105276 0.105682 0.105991 0.105764 0.106113 0.107554 0.108447 0.110272 0.11006 0.10947 0.0940702 0.107406 0.10864 0.109116 0.108649 0.105427 0.106612 0.109663 0.113029 0.112486 0.0940702 0.107406 0.10864 0.109116 0.108649 0.105427 0.106612 0.109663 0.113029 0.112486
20200429 0.0955016 0.0955016 0.109274 0.109034 0.108876 0.109126 0.109492 0.110709 0.111029 0.119076 0.118489 0.117886 0.0974167 0.108942 0.112167 0.111156 0.110299 0.113182 0.114212 0.112948 0.120417 0.123286 0.0974167 0.108942 0.112167 0.111156 0.110299 0.113182 0.114212 0.112948 0.120417 0.123286
20200513 0.0925384 0.0925384 0.102939 0.102815 0.102894 0.103742 0.104237 0.10427 0.10586 0.114128 0.114862 0.114456 0.0956483 0.105974 0.106988 0.106428 0.107426 0.10816 0.113008 0.112096 0.116698 0.117606 0.0956483 0.105974 0.106988 0.106428 0.107426 0.10816 0.113008 0.112096 0.116698 0.117606
20200527 0.096419 0.096419 0.110091 0.109672 0.10967 0.109872 0.11015 0.110446 0.111903 0.120212 0.121661 0.120449 0.0999407 0.113598 0.115791 0.114073 0.115014 0.118732 0.118477 0.116902 0.122601 0.125269 0.0999407 0.113598 0.115791 0.114073 0.115014 0.118732 0.118477 0.116902 0.122601 0.125269
20200603 0.089226 0.089226 0.102563 0.102331 0.102155 0.102247 0.101729 0.102383 0.102908 0.109792 0.108475 0.108637 0.0912878 0.102184 0.102893 0.105439 0.105596 0.105204 0.105219 0.107954 0.112559 0.110949 0.0912878 0.102184 0.102893 0.105439 0.105596 0.105204 0.105219 0.107954 0.112559 0.110949
20200610 0.095371 0.095371 0.10536 0.105484 0.105948 0.106053 0.105787 0.105786 0.106035 0.113525 0.113845 0.11442 0.0979216 0.104168 0.106732 0.106826 0.10748 0.107836 0.111017 0.114019 0.116958 0.117671 0.0979216 0.104168 0.106732 0.106826 0.10748 0.107836 0.111017 0.114019 0.116958 0.117671
20200617 0.0947096 0.0947096 0.104335 0.103987 0.104859 0.104942 0.105321 0.106019 0.105833 0.112814 0.114687 0.114363 0.0970069 0.10663 0.110396 0.110188 0.109867 0.11267 0.111861 0.113192 0.120729 0.120805 0.0970069 0.10663 0.110396 0.110188 0.109867 0.11267 0.111861 0.113192 0.120729 0.120805
20200624 0.0912882 0.0912882 0.101538 0.101181 0.100891 0.101051 0.101413 0.101544 0.101066 0.109846 0.110854 0.109338 0.09312 0.104397 0.108032 0.106899 0.107068 0.108387 0.108024 0.11281 0.121494 0.124465 0.09312 0.104397 0.108032 0.106899 0.107068 0.108387 0.108024 0.11281 0.121494 0.124465
20200701 0.0971914 0.0971914 0.107327 0.107393 0.107067 0.107409 0.107594 0.106712 0.107821 0.114503 0.114254 0.113202 0.0989961 0.109956 0.11269 0.113548 0.116276 0.115233 0.116302 0.117126 0.124804 0.124762 0.0989961 0.109956 0.11269 0.113548 0.116276 0.115233 0.116302 0.117126 0.124804 0.124762
20200708 0.0962968 0.0962968 0.110262 0.109796 0.110496 0.11053 0.111768 0.111768 0.112651 0.115617 0.115554 0.116793 0.0985595 0.111789 0.116558 0.113124 0.112822 0.117069 0.113765 0.1139 0.121825 0.124814 0.0985595 0.111789 0.116558 0.113124 0.112822 0.117069 0.113765 0.1139 0.121825 0.124814
20200715 0.0920896 0.0920896 0.103547 0.103474 0.103464 0.1032 0.103569 0.103574 0.10335 0.111715 0.110827 0.114547 0.0943761 0.108065 0.109486 0.109702 0.109166 0.109614 0.113038 0.11505 0.1177 0.115762 0.0943761 0.108065 0.109486 0.109702 0.109166 0.109614 0.113038 0.11505 0.1177 0.115762
20200722 0.0994366 0.0994366 0.109644 0.109787 0.109916 0.109998 0.111194 0.111568 0.111861 0.120108 0.121099 0.123131 0.100864 0.112324 0.116326 0.116039 0.117532 0.118617 0.118503 0.121055 0.130081 0.129429 0.100864 0.112324 0.116326 0.116039 0.117532 0.118617 0.118503 0.121055 0.130081 0.129429
20200729 0.0906518 0.0906518 0.101794 0.102283 0.102237 0.103088 0.103565 0.104003 0.102887 0.111225 0.112083 0.111276 0.092136 0.10459 0.104947 0.106221 0.105154 0.105999 0.107406 0.112491 0.118004 0.116247 0.092136 0.10459 0.104947 0.106221 0.105154 0.105999 0.107406 0.112491 0.118004 0.116247
20230131 0.0919247 0.0919247 0.101929 0.101776 0.1018 0.101056 0.10168 0.102018 0.106581 0.106581 0.10932 0.10932 0.101656 0.101658 0.103223 0.104872 0.102841 0.100977 0.099918 0.105848 0.106013 0.106753 0.101656 0.101658 0.103223 0.104872 0.102841 0.100977 0.099918 0.105848 0.106013 0.106753
20230228 0.0913106 0.0913106 0.100865 0.101021 0.100892 0.101612 0.100487 0.100272 0.110178 0.111285 0.111188 0.111558 0.100336 0.100902 0.102269 0.10584 0.105661 0.106501 0.111372 0.117113 0.11853 0.116983 0.100336 0.100902 0.102269 0.10584 0.105661 0.106501 0.111372 0.117113 0.11853 0.116983
20230310 0.0928464 0.0928464 0.0978003 0.0977472 0.107057 0.108105 0.108353 0.108917 0.10889 0.108416 0.108516 0.115421 0.0973484 0.0989288 0.100233 0.106862 0.106296 0.10594 0.107932 0.111981 0.111991 0.115082 0.0973484 0.0989288 0.100233 0.106862 0.106296 0.10594 0.107932 0.111981 0.111991 0.115082
20230311 0.0900489 0.0900489 0.0957234 0.0958768 0.0968534 0.105322 0.105542 0.106834 0.106845 0.107014 0.106356 0.107365 0.0954301 0.0965789 0.101312 0.0996638 0.107297 0.105862 0.106867 0.107232 0.111586 0.11268 0.0954301 0.0965789 0.101312 0.0996638 0.107297 0.105862 0.106867 0.107232 0.111586 0.11268
20230312 0.0907215 0.0907215 0.097603 0.0972093 0.0973561 0.0970997 0.103579 0.102702 0.102949 0.104821 0.105056 0.104691 0.0973747 0.0973251 0.100373 0.104261 0.103246 0.109413 0.108154 0.109497 0.108597 0.111308 0.0973747 0.0973251 0.100373 0.104261 0.103246 0.109413 0.108154 0.109497 0.108597 0.111308
20230313 0.0912155 0.0912155 0.0999596 0.100168 0.0995123 0.0988021 0.0995387 0.106685 0.10728 0.108462 0.107952 0.108161 0.100019 0.101606 0.102173 0.103413 0.106739 0.106552 0.112653 0.111916 0.110786 0.109956 0.100019 0.101606 0.102173 0.103413 0.106739 0.106552 0.112653 0.111916 0.110786 0.109956
20230314 0.0909812 0.0909812 0.101795 0.10228 0.102703 0.102924 0.102527 0.102216 0.109334 0.10747 0.108798 0.108587 0.101821 0.103399 0.104461 0.103326 0.104666 0.106734 0.108294 0.112911 0.112454 0.11127 0.101821 0.103399 0.104461 0.103326 0.104666 0.106734 0.108294 0.112911 0.112454 0.11127
20230315 0.093003 0.093003 0.105183 0.105303 0.106171 0.107088 0.106884 0.106615 0.106962 0.117624 0.118536 0.118683 0.0937786 0.105217 0.108683 0.108032 0.10789 0.109299 0.109918 0.11033 0.114251 0.114175 0.0937786 0.105217 0.108683 0.108032 0.10789 0.109299 0.109918 0.11033 0.114251 0.114175
20230316 0.0985828 0.0985828 0.0993867 0.115865 0.115246 0.114721 0.115156 0.115518 0.115899 0.116189 0.133296 0.132681 0.0988611 0.0949336 0.117306 0.114135 0.115961 0.114162 0.114833 0.114429 0.11486 0.121501 0.0988611 0.0949336 0.117306 0.114135 0.115961 0.114162 0.114833 0.114429 0.11486 0.121501
20230317 0.0780911 0.0780911 0.0829831 0.0828999 0.103324 0.102798 0.103948 0.098721 0.0994866 0.100405 0.102166 0.120091 0.082983 0.0749355 0.0747832 0.09169 0.0881879 0.0942053 0.0964496 0.0963278 0.093046 0.0920378 0.082983 0.0749355 0.0747832 0.09169 0.0881879 0.0942053 0.0964496 0.0963278 0.093046 0.0920378
20230318 0.078987 0.078987 0.0838981 0.083898 0.0846678 0.0920505 0.0899701 0.0930419 0.0935625 0.0938762 0.0898288 0.0936728 0.0838982 0.0920099 0.0962226 0.0982113 0.0931518 0.0898482 0.0876592 0.0911147 0.0914302 0.0898837 0.0838982 0.0920099 0.0962226 0.0982113 0.0931518 0.0898482 0.0876592 0.0911147 0.0914302 0.0898837
20230319 0.110932 0.110932 0.119929 0.119929 0.11993 0.120798 0.124284 0.127478 0.124132 0.127695 0.125061 0.121895 0.119929 0.12212 0.125175 0.122204 0.122971 0.120443 0.116984 0.117623 0.120207 0.124985 0.119929 0.12212 0.125175 0.122204 0.122971 0.120443 0.116984 0.117623 0.120207 0.124985
20230320 0.129349 0.129349 0.13399 0.133989 0.133989 0.133989 0.130802 0.124578 0.134161 0.1285 0.13723 0.136419 0.13238 0.139921 0.140286 0.132965 0.130549 0.135906 0.140949 0.136372 0.134137 0.132973 0.13238 0.139921 0.140286 0.132965 0.130549 0.135906 0.140949 0.136372 0.134137 0.132973
20230321 0.0977216 0.0977216 0.106853 0.107381 0.107381 0.107381 0.107381 0.108397 0.11959 0.119924 0.117726 0.121653 0.106498 0.108855 0.109063 0.112023 0.114119 0.112974 0.116813 0.12482 0.124846 0.123023 0.106498 0.108855 0.109063 0.112023 0.114119 0.112974 0.116813 0.12482 0.124846 0.123023
20230322 0.0913891 0.0913891 0.102715 0.103276 0.104185 0.104185 0.104185 0.104185 0.105153 0.115898 0.114416 0.113984 0.093822 0.103932 0.104617 0.104538 0.107835 0.109766 0.108408 0.111725 0.117982 0.118563 0.093822 0.103932 0.104617 0.104538 0.107835 0.109766 0.108408 0.111725 0.117982 0.118563
20230323 0.0887604 0.0887604 0.0925622 0.101573 0.10116 0.102205 0.102204 0.102204 0.102205 0.102321 0.110615 0.109041 0.0923695 0.0933654 0.105306 0.105092 0.103957 0.107003 0.108384 0.105837 0.105215 0.113039 0.0923695 0.0933654 0.105306 0.105092 0.103957 0.107003 0.108384 0.105837 0.105215 0.113039
20230324 0.0926995 0.0926995 0.0969952 0.0970176 0.105717 0.105334 0.108528 0.108528 0.108528 0.108529 0.108446 0.114479 0.0968563 0.0988729 0.101922 0.110553 0.110463 0.10843 0.110655 0.111735 0.111698 0.10968 0.0968563 0.0988729 0.101922 0.110553 0.110463 0.10843 0.110655 0.111735 0.111698 0.10968
20230325 0.0918497 0.0918497 0.098348 0.0984782 0.0985832 0.107362 0.106885 0.108961 0.10896 0.10896 0.108961 0.109451 0.0983696 0.0992632 0.102927 0.104927 0.110929 0.110178 0.109414 0.111088 0.111892 0.113522 0.0983696 0.0992632 0.102927 0.104927 0.110929 0.110178 0.109414 0.111088 0.111892 0.113522
20230326 0.0916359 0.0916359 0.101263 0.101259 0.102007 0.102712 0.11039 0.109785 0.110989 0.110991 0.110988 0.11099 0.100839 0.100191 0.102218 0.104017 0.106403 0.113207 0.112041 0.108774 0.109764 0.113015 0.100839 0.100191 0.102218 0.104017 0.106403 0.113207 0.112041 0.108774 0.109764 0.113015
20230327 0.094221 0.094221 0.10494 0.104414 0.104688 0.105586 0.10583 0.11649 0.117073 0.11917 0.119171 0.119171 0.104387 0.104169 0.109337 0.110537 0.110487 0.111707 0.11759 0.116722 0.112759 0.111568 0.104387 0.104169 0.109337 0.110537 0.110487 0.111707 0.11759 0.116722 0.112759 0.111568
20230328 0.0972464 0.0972464 0.108902 0.108989 0.109431 0.109335 0.110089 0.109876 0.121189 0.121094 0.121416 0.121417 0.108603 0.108837 0.111349 0.114177 0.114955 0.113757 0.113639 0.119945 0.120447 0.118277 0.108603 0.108837 0.111349 0.114177 0.114955 0.113757 0.113639 0.119945 0.120447 0.118277
20230329 0.0962486 0.0962486 0.110116 0.110174 0.110162 0.110145 0.111837 0.110786 0.112225 0.119742 0.118505 0.118156 0.0975011 0.108125 0.111492 0.113674 0.114267 0.113264 0.11118 0.109474 0.115607 0.119433 0.0975011 0.108125 0.111492 0.113674 0.114267 0.113264 0.11118 0.109474 0.115607 0.119433
20230330 0.091825 0.091825 0.0946808 0.106615 0.106983 0.10712 0.106957 0.108875 0.108402 0.109284 0.118519 0.116499 0.0945481 0.0970468 0.110587 0.112131 0.111027 0.11106 0.112053 0.110735 0.111027 0.117877 0.0945481 0.0970468 0.110587 0.112131 0.111027 0.11106 0.112053 0.110735 0.111027 0.117877
20230331 0.0940406 0.0940406 0.0989383 0.0991614 0.109987 0.110409 0.110663 0.110651 0.111381 0.111487 0.112057 0.122437 0.0987114 0.0979477 0.102805 0.114082 0.113736 0.11206 0.113537 0.115304 0.113367 0.114232 0.0987114 0.0979477 0.102805 0.114082 0.113736 0.11206 0.113537 0.115304 0.113367 0.114232
20230401 0.0931723 0.0931723 0.101461 0.101342 0.101311 0.109901 0.111114 0.110355 0.111134 0.112961 0.112732 0.112865 0.10125 0.102579 0.101925 0.10542 0.113231 0.11112 0.113189 0.115522 0.117074 0.116252 0.10125 0.102579 0.101925 0.10542 0.113231 0.11112 0.113189 0.115522 0.117074 0.116252
20230402 0.0937115 0.0937115 0.103813 0.103842 0.103909 0.104126 0.111143 0.11184 0.111271 0.112919 0.115468 0.11443 0.103801 0.104277 0.107651 0.105109 0.10793 0.113274 0.110982 0.113926 0.116092 0.116728 0.103801 0.104277 0.107651 0.105109 0.10793 0.113274 0.110982 0.113926 0.116092 0.116728
20230403 0.0926501 0.0926501 0.102374 0.102236 0.102924 0.102856 0.103722 0.11089 0.111284 0.110415 0.110853 0.112271 0.101931 0.100878 0.101972 0.105606 0.1039 0.104516 0.109188 0.109486 0.112792 0.114995 0.101931 0.100878 0.101972 0.105606 0.1039 0.104516 0.109188 0.109486 0.112792 0.114995
20230404 0.0937647 0.0937647 0.10411 0.104153 0.104349 0.104778 0.104656 0.105203 0.111878 0.110477 0.109961 0.111246 0.103798 0.103716 0.105148 0.103856 0.10499 0.102821 0.102057 0.110053 0.110579 0.111967 0.103798 0.103716 0.105148 0.103856 0.10499 0.102821 0.102057 0.110053 0.110579 0.111967
20230405 0.0947347 0.0947347 0.107948 0.107832 0.107854 0.108519 0.108778 0.107575 0.108782 0.113841 0.113303 0.113268 0.0969735 0.105721 0.109252 0.109803 0.107871 0.106917 0.106376 0.107846 0.113888 0.113811 0.0969735 0.105721 0.109252 0.109803 0.107871 0.106917 0.106376 0.107846 0.113888 0.113811
20230406 0.0936413 0.0936413 0.0973154 0.108279 0.108664 0.108902 0.109282 0.108086 0.108082 0.109458 0.115664 0.115317 0.0970365 0.0987423 0.109239 0.110592 0.109189 0.108946 0.111039 0.111405 0.112742 0.11636 0.0970365 0.0987423 0.109239 0.110592 0.109189 0.108946 0.111039 0.111405 0.112742 0.11636
20230407 0.0951923 0.0951923 0.0999445 0.0997059 0.10991 0.110279 0.110222 0.110082 0.109298 0.112322 0.11001 0.119577 0.0997226 0.10178 0.107034 0.113362 0.113901 0.111578 0.113164 0.116055 0.11569 0.116782 0.0997226 0.10178 0.107034 0.113362 0.113901 0.111578 0.113164 0.116055 0.11569 0.116782
20230408 0.0915487 0.0915487 0.0975624 0.0975063 0.0978464 0.106767 0.106894 0.107319 0.108566 0.107824 0.10961 0.109157 0.0972796 0.0988492 0.104699 0.108568 0.113028 0.112449 0.111708 0.113453 0.115265 0.115228 0.0972796 0.0988492 0.104699 0.108568 0.113028 0.112449 0.111708 0.113453 0.115265 0.115228
20230409 0.0935917 0.0935917 0.101918 0.102216 0.102061 0.102236 0.109764 0.108829 0.110373 0.111872 0.111621 0.112068 0.101408 0.101009 0.104306 0.107824 0.110266 0.114577 0.113134 0.11395 0.115779 0.116219 0.101408 0.101009 0.104306 0.107824 0.110266 0.114577 0.113134 0.11395 0.115779 0.116219
20230410 0.0935223 0.0935223 0.101908 0.102081 0.102352 0.103004 0.103498 0.108034 0.107917 0.109024 0.110826 0.109046 0.101892 0.0992506 0.102508 0.104025 0.106892 0.107544 0.112366 0.112841 0.113239 0.116981 0.101892 0.0992506 0.102508 0.104025 0.106892 0.107544 0.112366 0.112841 0.113239 0.116981
20230411 0.0912861 0.0912861 0.102022 0.102062 0.101688 0.102005 0.102432 0.103253 0.107335 0.107555 0.107505 0.109557 0.101711 0.100375 0.0987122 0.100437 0.101998 0.104242 0.104549 0.109731 0.111088 0.11179 0.101711 0.100375 0.0987122 0.100437 0.101998 0.104242 0.104549 0.109731 0.111088 0.11179
20230412 0.0893893 0.0893893 0.102456 0.1026 0.102897 0.103475 0.103605 0.104181 0.10472 0.108276 0.107954 0.107921 0.0919621 0.103224 0.102461 0.100476 0.102099 0.102836 0.103022 0.10241 0.109204 0.110761 0.0919621 0.103224 0.102461 0.100476 0.102099 0.102836 0.103022 0.10241 0.109204 0.110761
20230413 0.0896009 0.0896009 0.0933316 0.103088 0.10352 0.103768 0.103436 0.103792 0.104627 0.106077 0.109563 0.109001 0.0928574 0.0952612 0.107006 0.106405 0.105011 0.105675 0.104897 0.105703 0.107426 0.113692 0.0928574 0.0952612 0.107006 0.106405 0.105011 0.105675 0.104897 0.105703 0.107426 0.113692
20230414 0.0880292 0.0880292 0.0925087 0.092156 0.100608 0.100797 0.101059 0.100811 0.101053 0.101894 0.102955 0.111586 0.0923035 0.0915008 0.0942249 0.105294 0.10566 0.105802 0.10651 0.107279 0.109937 0.111111 0.0923035 0.0915008 0.0942249 0.105294 0.10566 0.105802 0.10651 0.107279 0.109937 0.111111
20230415 0.0869617 0.0869617 0.0926829 0.092543 0.0930466 0.101009 0.100815 0.100281 0.101014 0.100984 0.101924 0.10189 0.0925081 0.094714 0.0947504 0.0956949 0.10608 0.106373 0.10551 0.106462 0.108208 0.10917 0.0925081 0.094714 0.0947504 0.0956949 0.10608 0.106373 0.10551 0.106462 0.108208 0.10917
20230416 0.0912567 0.0912567 0.0992389 0.09934 0.0993408 0.0989702 0.109094 0.108813 0.10926 0.108986 0.11094 0.10933 0.0988648 0.102041 0.102782 0.102674 0.103364 0.11245 0.11169 0.110111 0.111329 0.113338 0.0988648 0.102041 0.102782 0.102674 0.103364 0.11245 0.11169 0.110111 0.111329 0.113338
20230417 0.0944466 0.0944466 0.103152 0.103239 0.102879 0.103027 0.103265 0.111493 0.11053 0.11057 0.111276 0.112813 0.103103 0.101972 0.105984 0.107525 0.106604 0.10663 0.113511 0.11183 0.111099 0.114051 0.103103 0.101972 0.105984 0.107525 0.106604 0.10663 0.113511 0.11183 0.111099 0.114051
20230418 0.0905728 0.0905728 0.102232 0.10228 0.101413 0.101616 0.102703 0.102771 0.110364 0.109981 0.10998 0.110257 0.101727 0.104283 0.104009 0.105897 0.10618 0.106414 0.10644 0.113187 0.113639 0.112389 0.101727 0.104283 0.104009 0.105897 0.10618 0.106414 0.10644 0.113187 0.113639 0.112389
20230419 0.0903037 0.0903037 0.101682 0.101796 0.101586 0.102098 0.103811 0.102866 0.103381 0.110134 0.109562 0.108818 0.0914887 0.104257 0.109095 0.110325 0.110815 0.111074 0.111125 0.110552 0.116158 0.116623 0.0914887 0.104257 0.109095 0.110325 0.110815 0.111074 0.111125 0.110552 0.116158 0.116623
20230420 0.0916434 0.0916434 0.0955585 0.105278 0.10509 0.105552 0.106051 0.106919 0.106994 0.106934 0.113718 0.113641 0.0949748 0.0965366 0.110996 0.113723 0.114613 0.115484 0.114817 0.113699 0.114049 0.120715 0.0949748 0.0965366 0.110996 0.113723 0.114613 0.115484 0.114817 0.113699 0.114049 0.120715
20230421 0.0864556 0.0864556 0.0913111 0.0911347 0.10244 0.102419 0.103206 0.10321 0.104082 0.104225 0.103529 0.112543 0.0911306 0.0917674 0.0934137 0.107146 0.110647 0.110991 0.114111 0.113513 0.112235 0.111758 0.0911306 0.0917674 0.0934137 0.107146 0.110647 0.110991 0.114111 0.113513 0.112235 0.111758
20230422 0.0900355 0.0900355 0.097587 0.0977831 0.097597 0.106585 0.10678 0.107236 0.106351 0.109289 0.109351 0.107995 0.0972348 0.0974988 0.101754 0.102709 0.112811 0.113704 0.112683 0.116962 0.117208 0.115971 0.0972348 0.0974988 0.101754 0.102709 0.112811 0.113704 0.112683 0.116962 0.117208 0.115971
20230423 0.0924023 0.0924023 0.100806 0.100894 0.10087 0.101209 0.11105 0.112029 0.111273 0.111216 0.113767 0.113835 0.100378 0.10007 0.1027 0.104929 0.107391 0.120111 0.119753 0.119278 0.121562 0.12191 0.100378 0.10007 0.1027 0.104929 0.107391 0.120111 0.119753 0.119278 0.121562 0.12191
20230424 0.0914121 0.0914121 0.0994865 0.0994854 0.0994197 0.100477 0.100763 0.112144 0.113457 0.111479 0.111774 0.113977 0.0993124 0.101104 0.102501 0.104129 0.105076 0.109937 0.120881 0.123279 0.123232 0.12285 0.0993124 0.101104 0.102501 0.104129 0.105076 0.109937 0.120881 0.123279 0.123232 0.12285
20230425 0.0929302 0.0929302 0.101172 0.101039 0.100824 0.101311 0.100875 0.101366 0.112307 0.113353 0.112196 0.112123 0.100809 0.101059 0.104555 0.105699 0.106386 0.107232 0.11143 0.11969 0.12134 0.121992 0.100809 0.101059 0.104555 0.105699 0.106386 0.107232 0.11143 0.11969 0.12134 0.121992
20230426 0.0927241 0.0927241 0.100061 0.100108 0.100452 0.100411 0.100052 0.10031 0.100899 0.111544 0.112435 0.111454 0.0932508 0.10342 0.104595 0.106052 0.106445 0.107694 0.110215 0.112245 0.119537 0.119615 0.0932508 0.10342 0.104595 0.106052 0.106445 0.107694 0.110215 0.112245 0.119537 0.119615
20230427 0.0930591 0.0930591 0.0948265 0.104284 0.104129 0.104253 0.104173 0.104366 0.104449 0.104288 0.115431 0.114719 0.0944924 0.0950629 0.108962 0.107816 0.109505 0.109419 0.112211 0.112156 0.112546 0.121114 0.0944924 0.0950629 0.108962 0.107816 0.109505 0.109419 0.112211 0.112156 0.112546 0.121114
20230428 0.0945483 0.0945483 0.0983545 0.0984522 0.108185 0.108349 0.108524 0.10897 0.10993 0.109212 0.110135 0.116467 0.0979897 0.101564 0.10464 0.115122 0.113608 0.113993 0.116209 0.118519 0.11835 0.118061 0.0979897 0.101564 0.10464 0.115122 0.113608 0.113993 0.116209 0.118519 0.11835 0.118061
20230429 0.0960986 0.0960986 0.101766 0.102144 0.10211 0.108714 0.108598 0.109502 0.109855 0.110578 0.10914 0.110521 0.101445 0.102684 0.106402 0.10563 0.113092 0.114301 0.112797 0.116051 0.116755 0.116761 0.101445 0.102684 0.106402 0.10563 0.113092 0.114301 0.112797 0.116051 0.116755 0.116761
20230430 0.0945158 0.0945158 0.103106 0.103321 0.103658 0.103694 0.11105 0.110964 0.111975 0.112607 0.112695 0.111578 0.102819 0.102739 0.105369 0.104992 0.104141 0.111937 0.114743 0.112725 0.11243 0.114079 0.102819 0.102739 0.105369 0.104992 0.104141 0.111937 0.114743 0.112725 0.11243 0.114079
20230501 0.093514 0.093514 0.103743 0.103638 0.103551 0.103664 0.103555 0.109836 0.109816 0.109792 0.111416 0.111161 0.103416 0.103028 0.104094 0.104285 0.103955 0.104066 0.112703 0.11359 0.113633 0.112242 0.103416 0.103028 0.104094 0.104285 0.103955 0.104066 0.112703 0.11359 0.113633 0.112242
20230502 0.0971619 0.0971619 0.10681 0.106645 0.106592 0.106243 0.106325 0.106385 0.110278 0.110066 0.110235 0.111318 0.106607 0.108189 0.107903 0.10754 0.107182 0.107698 0.108125 0.115961 0.115585 0.116376 0.106607 0.108189 0.107903 0.10754 0.107182 0.107698 0.108125 0.115961 0.115585 0.116376
