20190306 -0.0169881 -0.0169881 0.0134738 0.0132311 0.0123185 0.0132862 0.0132848 0.0132855 0.013283 0.00938188 0.00980236 0.0137724 0.0169643 0.0171044 0.0169408 0.0160454 0.017595 0.019256 0.0212135 0.0184705 0.0266163 0.0268975 0.0169643 0.0171044 0.0169408 0.0160454 0.017595 0.019256 0.0212135 0.0184705 0.0266163 0.0268975
20190313 -0.00638247 -0.00638247 0.00487842 0.00403244 0.00382459 0.00382375 0.00674236 0.00787476 0.00902633 -0.00115749 -0.00201845 -0.00164842 0.00691562 0.00477829 0.00981222 0.0109731 0.00541423 0.00860843 0.0113731 0.00575486 0.00952055 0.00728602 0.00691562 0.00477829 0.00981222 0.0109731 0.00541423 0.00860843 0.0113731 0.00575486 0.00952055 0.00728602
20190320 -0.00974977 -0.00974977 0.0139965 0.0134335 0.0141985 0.0112685 0.00977645 0.0114456 0.0116668 0.012168 0.00915984 0.0105921 0.00981143 0.00807976 0.00431278 0.00773311 0.0049389 0.00334597 0.00856949 0.00318391 0.000462538 0.00489513 0.00981143 0.00807976 0.00431278 0.00773311 0.0049389 0.00334597 0.00856949 0.00318391 0.000462538 0.00489513
20190327 -0.0110329 -0.0110329 0.00949083 0.00985164 0.0103505 0.00900073 0.00948397 0.0100205 0.0102061 0.00712709 0.00494513 0.00527745 0.0107003 0.0106762 0.00874502 0.00913235 0.0107261 0.00588298 0.00323435 0.00516444 0.00343933 0.000479708 0.0107003 0.0106762 0.00874502 0.00913235 0.0107261 0.00588298 0.00323435 0.00516444 0.00343933 0.000479708
20190403 -0.00431295 -0.00431295 0.00204501 0.00225397 0.00259468 0.00157223 0.00260854 0.00304439 0.00362758 0.00320902 5.07788e-05 0.0033763 0.0042985 0.00559338 0.00854179 0.00638568 0.0107415 0.00883106 0.00479738 0.00491126 0.00228687 0.000486389 0.0042985 0.00559338 0.00854179 0.00638568 0.0107415 0.00883106 0.00479738 0.00491126 0.00228687 0.000486389
20190410 -0.00434023 -0.00434023 0.00780337 0.00761793 0.0067702 0.00705359 0.00767632 0.00767797 0.00765065 0.00853478 0.00928108 0.00982977 0.00504491 0.00772736 0.00940527 0.00739553 0.00773956 0.00571811 0.000616461 0.00250553 0.00632227 0.00660569 0.00504491 0.00772736 0.00940527 0.00739553 0.00773956 0.00571811 0.000616461 0.00250553 0.00632227 0.00660569
20190417 -0.00828804 -0.00828804 0.010617 0.0102401 0.0108276 0.0105429 0.0107577 0.0129905 0.0120227 0.0151127 0.0136992 0.00985554 0.00773241 0.00629686 0.0110862 0.0145614 0.0162039 0.0183817 0.0199684 0.0143891 0.0154944 0.0177893 0.00773241 0.00629686 0.0110862 0.0145614 0.0162039 0.0183817 0.0199684 0.0143891 0.0154944 0.0177893
20190424 -0.00477322 -0.00477322 0.00802233 0.00791836 0.00879339 0.00875789 0.00900951 0.00799311 0.00566348 0.00675246 0.00358774 0.00480067 0.00427446 0.00406532 0.00202381 0.00262403 0.00270779 0.00890422 0.0114802 0.0128302 0.0116516 0.0155035 0.00427446 0.00406532 0.00202381 0.00262403 0.00270779 0.00890422 0.0114802 0.0128302 0.0116516 0.0155035
20190501 -0.0117867 -0.0117867 0.0104396 0.0106257 0.0110535 0.0106469 0.00989059 0.0114721 0.0120793 0.00615378 0.00608178 0.00793167 0.0117807 0.00855439 0.0110897 0.0129567 0.011023 0.00645862 0.0127332 0.0157342 0.0123856 0.0117764 0.0117807 0.00855439 0.0110897 0.0129567 0.011023 0.00645862 0.0127332 0.0157342 0.0123856 0.0117764
20190508 0.00082586 0.00082586 0.0038364 0.00386486 0.00404047 0.00347727 0.0030331 0.00271622 0.00441305 0.004881 0.00679817 0.00436072 -0.000500042 0.00675595 0.00749995 0.00804894 0.00490823 0.000460394 0.00340175 0.00130458 -0.000501236 0.00392383 -0.000500042 0.00675595 0.00749995 0.00804894 0.00490823 0.000460394 0.00340175 0.00130458 -0.000501236 0.00392383
20190515 -0.000270474 -0.000270474 0.00142139 0.00142137 0.00120153 0.000857513 0.00241461 0.00241387 -0.000480679 0.00285605 0.00627705 0.00522626 0.000926985 0.00879186 0.006285 0.00403184 0.00475278 -0.000653458 -0.000452036 -0.000946605 -0.000532712 -0.00160192 0.000926985 0.00879186 0.006285 0.00403184 0.00475278 -0.000653458 -0.000452036 -0.000946605 -0.000532712 -0.00160192
20190522 0.00229112 0.00229112 0.00108038 0.00240311 0.00391198 0.00273608 0.00249518 0.00249508 0.000495119 0.00248304 0.00248252 -0.00143693 -0.00279435 0.00168403 0.00172174 0.000590135 -0.00162451 0.00114677 -0.00246734 -0.00326801 0.0100225 0.00961554 -0.00279435 0.00168403 0.00172174 0.000590135 -0.00162451 0.00114677 -0.00246734 -0.00326801 0.0100225 0.00961554
20190529 -0.00423529 -0.00423529 0.00253557 0.00253588 0.00211199 0.00173377 -0.000519819 -0.000520216 -0.00153251 0.00328496 0.00442729 0.00405933 0.00399496 0.000101197 -0.0015418 -0.000160206 -0.00739482 -0.00610522 -0.00355517 -0.00656762 -0.00658574 -0.00638045 0.00399496 0.000101197 -0.0015418 -0.000160206 -0.00739482 -0.00610522 -0.00355517 -0.00656762 -0.00658574 -0.00638045
20190605 0.000161791 0.000161791 -0.00044328 -0.00158094 -0.00175255 -0.00121856 -0.00121792 -0.00121811 -0.00121673 -0.00186135 -0.00186076 -0.00259798 -0.000426859 -0.00578124 -0.00830815 -0.00825521 -0.00715497 -0.00670085 -0.00185641 -0.000211069 0.00574683 0.0038331 -0.000426859 -0.00578124 -0.00830815 -0.00825521 -0.00715497 -0.00670085 -0.00185641 -0.000211069 0.00574683 0.0038331
20190612 0.0060602 0.0060602 -0.00650917 -0.00685422 -0.00656364 -0.00781378 -0.0070427 -0.0104204 -0.00835202 -0.00732221 -0.00795496 -0.00692339 -0.00606756 -0.00679453 -0.00533159 -0.00324753 -0.00518323 -0.000768137 -0.0037365 -0.0028326 -0.00643942 -0.007693 -0.00606756 -0.00679453 -0.00533159 -0.00324753 -0.00518323 -0.000768137 -0.0037365 -0.0028326 -0.00643942 -0.007693
20190619 0.000423984 0.000423984 0.0012583 6.74469e-05 6.78528e-05 -0.000158573 -1.23978e-05 -1.21622e-05 0.00139516 -0.000232252 -0.000735985 -0.00105359 -0.00158129 0.000442032 0.00506825 0.000637583 -0.0027845 0.00289912 0.00255518 0.00355173 0.00149541 0.00119602 -0.00158129 0.000442032 0.00506825 0.000637583 -0.0027845 0.00289912 0.00255518 0.00355173 0.00149541 0.00119602
20190626 0.00344055 0.00344055 -0.00559574 -0.00559562 -0.00632842 -0.00755359 -0.00770621 -0.00770559 -0.00789712 -0.00906392 -0.0104111 -0.01041 -0.00405243 -0.00690452 -0.00434168 0.000375266 -0.00194927 -0.00268064 -0.00326157 -0.00559934 -0.00735842 -0.00597087 -0.00405243 -0.00690452 -0.00434168 0.000375266 -0.00194927 -0.00268064 -0.00326157 -0.00559934 -0.00735842 -0.00597087
20190703 -0.0102124 -0.0102124 0.0122068 0.0112286 0.0115078 0.0110098 0.00817996 0.00845104 0.00845118 0.00538313 0.00538066 0.00112337 0.0104918 0.00545564 0.00602404 0.0037265 0.00313478 -0.00186582 0.00130569 0.00194649 -0.00440766 -0.00636116 0.0104918 0.00545564 0.00602404 0.0037265 0.00313478 -0.00186582 0.00130569 0.00194649 -0.00440766 -0.00636116
20190710 -0.00146687 -0.00146687 -0.00377946 -0.00535543 -0.00455076 -0.00413444 -0.00288879 -0.00314855 -0.00482091 -0.00742354 -0.00535129 -0.00717495 0.00224294 -0.00561069 -0.00431533 -0.000957541 -0.000955951 -0.00334721 -0.000114228 0.00121291 -0.00656221 -0.00286758 0.00224294 -0.00561069 -0.00431533 -0.000957541 -0.000955951 -0.00334721 -0.000114228 0.00121291 -0.00656221 -0.00286758
20190717 -0.00528445 -0.00528445 0.00459514 0.00459507 0.00568856 0.00391278 0.00638064 0.0067844 0.00793458 0.00894827 0.00883922 0.00804484 0.00473729 0.00929013 0.0160893 0.0151193 0.01668 0.0153668 0.0104957 0.0147246 0.01768 0.0171868 0.00473729 0.00929013 0.0160893 0.0151193 0.01668 0.0153668 0.0104957 0.0147246 0.01768 0.0171868
20190724 -0.00123832 -0.00123832 0.00557287 0.00511163 0.00466412 0.00590253 0.00671153 0.00630435 0.00739359 0.00519738 0.00519449 0.00510855 0.000877815 0.010713 0.00303828 0.00373626 0.00609751 0.00732214 0.00412519 0.00318609 0.00535618 0.00815505 0.000877815 0.010713 0.00303828 0.00373626 0.00609751 0.00732214 0.00412519 0.00318609 0.00535618 0.00815505
20190731 -0.000964447 -0.000964447 0.000906619 -0.000384905 -0.000852045 -3.20489e-05 -0.000242781 0.00148615 -0.00114174 0.00327036 0.00633964 0.000777537 0.00146709 0.0064489 0.00328216 0.00116109 0.00237493 0.00534179 0.0042883 0.00604372 0.0175088 0.00774867 0.00146709 0.0064489 0.00328216 0.00116109 0.00237493 0.00534179 0.0042883 0.00604372 0.0175088 0.00774867
20190805 0.0171286 0.0171286 -0.0157215 -0.0176799 -0.0163915 -0.0163728 -0.016793 -0.0153391 -0.015229 -0.0130726 -0.0144013 -0.0161049 -0.0151143 -0.0163921 -0.0183529 -0.0149033 -0.0188937 -0.0233333 -0.0152071 -0.0156745 -0.0180923 -0.0140203 -0.0151143 -0.0163921 -0.0183529 -0.0149033 -0.0188937 -0.0233333 -0.0152071 -0.0156745 -0.0180923 -0.0140203
20190807 0.0144174 0.0144174 -0.0118604 -0.0129014 -0.0123255 -0.0133301 -0.0125475 -0.0126017 -0.0142328 -0.0125105 -0.0153622 -0.0151987 -0.0127392 -0.00964019 -0.00657496 -0.00556706 -0.00805574 -0.00495432 -0.0085194 -0.0125365 -0.00659001 -0.0096249 -0.0127392 -0.00964019 -0.00657496 -0.00556706 -0.00805574 -0.00495432 -0.0085194 -0.0125365 -0.00659001 -0.0096249
20190812 0.00377494 0.00377494 -0.00361237 -0.00439901 -0.00439868 -0.00439878 -0.00133488 -0.000861371 -0.00454868 -0.00460435 -0.00348085 -0.00285206 -0.0037391 -0.00737941 -0.00195261 -0.000894078 -0.0010981 -0.00042457 0.00111981 0.000401045 0.00165212 -0.00422631 -0.0037391 -0.00737941 -0.00195261 -0.000894078 -0.0010981 -0.00042457 0.00111981 0.000401045 0.00165212 -0.00422631
20190814 0.00789876 0.00789876 -0.00591824 -0.00728038 -0.0081433 -0.00722965 -0.00723056 -0.0072305 -0.00593172 -0.00405705 -0.00569288 -0.00734358 -0.00713023 -0.00208747 -0.00615399 -0.00944203 -0.00493462 -0.00328721 -0.00321674 -0.00310498 -0.00125717 -0.00045095 -0.00713023 -0.00208747 -0.00615399 -0.00944203 -0.00493462 -0.00328721 -0.00321674 -0.00310498 -0.00125717 -0.00045095
20190821 0.00899418 0.00899418 -0.00442293 -0.00555683 -0.00645532 -0.00751929 -0.00446055 -0.00446218 -0.00445331 -0.0044586 -0.00431447 -0.00597952 -0.00746876 -0.00312845 -0.00854242 -0.00951297 -0.0100695 -0.0148323 -0.0172685 -0.00869664 -0.00073042 -0.00759803 -0.00746876 -0.00312845 -0.00854242 -0.00951297 -0.0100695 -0.0148323 -0.0172685 -0.00869664 -0.00073042 -0.00759803
20190828 -0.000846473 -0.000846473 0.000683641 0.000683454 0.00121678 0.00141795 0.00220478 0.00055351 0.00103747 -0.00330887 -0.00514456 -0.00536706 0.000373342 0.00414878 0.00707555 0.00674087 0.000483269 0.00125407 0.00403254 0.000391243 -0.000486053 -0.00526007 0.000373342 0.00414878 0.00707555 0.00674087 0.000483269 0.00125407 0.00403254 0.000391243 -0.000486053 -0.00526007
20190904 -0.00063325 -0.00063325 0.00322355 0.00322135 0.00322127 0.00119826 0.00119802 0.00119788 0.00119793 -0.00467695 -0.00466998 -0.00598306 0.000754745 -0.00287956 -0.00218316 -0.00012023 0.0025698 -0.000384148 0.000836107 0.00276647 0.00426252 0.00608288 0.000754745 -0.00287956 -0.00218316 -0.00012023 0.0025698 -0.000384148 0.000836107 0.00276647 0.00426252 0.00608288
20190918 -0.00158477 -0.00158477 0.00123349 0.000397273 0.000658921 -0.000277843 -0.00146733 -0.00146287 -0.00145833 0.00139688 0.00139793 0.00139641 0.00111666 0.00433599 0.00291496 0.00114824 0.00638474 0.00721274 0.0105291 0.00940555 0.00816334 0.00574111 0.00111666 0.00433599 0.00291496 0.00114824 0.00638474 0.00721274 0.0105291 0.00940555 0.00816334 0.00574111
20190925 0.000720713 0.000720713 0.000597938 0.000340876 0.000898243 -0.00049035 -0.00214165 -0.00101018 -0.00187788 0.00110049 -2.81705e-05 0.00304512 -0.0015523 0.00482025 0.00428379 0.00462818 0.00254734 -0.00249525 -0.00178608 -0.00124164 0.00281662 -0.000263034 -0.0015523 0.00482025 0.00428379 0.00462818 0.00254734 -0.00249525 -0.00178608 -0.00124164 0.00281662 -0.000263034
20191002 -0.00719839 -0.00719839 0.00170325 0.00225963 0.00192223 0.000742556 0.00168122 0.000558461 0.00170898 0.00387103 0.00717724 0.00570245 0.00624153 -0.00104345 0.000850842 0.009468 0.0115084 0.0127663 0.0128517 0.0139294 0.0169508 0.0175985 0.00624153 -0.00104345 0.000850842 0.009468 0.0115084 0.0127663 0.0128517 0.0139294 0.0169508 0.0175985
20191009 -0.0139256 -0.0139256 0.0131375 0.0125005 0.0106647 0.0116963 0.0136659 0.0124926 0.0144365 0.012377 0.0132929 0.013379 0.0144615 0.0138939 0.0163535 0.0158098 0.017643 0.012917 0.00979822 0.008402 0.00685892 0.00556861 0.0144615 0.0138939 0.0163535 0.0158098 0.017643 0.012917 0.00979822 0.008402 0.00685892 0.00556861
20191016 -0.00696543 -0.00696543 0.00556352 0.00517726 0.00430313 0.00330434 0.00474527 0.00507467 0.00441332 0.0011483 0.00285498 -0.000104178 0.00663242 0.00835241 0.0121995 0.00730877 0.00549583 0.0048979 0.00988782 0.00900138 0.00829986 0.00756524 0.00663242 0.00835241 0.0121995 0.00730877 0.00549583 0.0048979 0.00988782 0.00900138 0.00829986 0.00756524
20191023 -0.0072899 -0.0072899 0.00673072 0.00756449 0.00623531 0.00742635 0.00835748 0.00648371 0.00605732 0.00723595 0.00860989 0.0101438 0.0065818 0.0127374 0.0200299 0.0222533 0.0210251 0.0154537 0.0128729 0.0140065 0.0127902 0.0167031 0.0065818 0.0127374 0.0200299 0.0222533 0.0210251 0.0154537 0.0128729 0.0140065 0.0127902 0.0167031
20191030 -0.00498653 -0.00498653 0.00567269 0.00569619 0.00465555 0.00357635 0.00291191 0.000773315 0.00189625 0.00083503 -0.000600149 -0.00221944 0.00553306 0.00402492 0.00295498 0.00147556 0.000895854 0.00113299 -0.00347081 -0.00633628 -0.00751102 -0.00115626 0.00553306 0.00402492 0.00295498 0.00147556 0.000895854 0.00113299 -0.00347081 -0.00633628 -0.00751102 -0.00115626
20191106 -0.00961494 -0.00961494 0.0102525 0.0104145 0.0089195 0.00770277 0.00892014 0.00963137 0.00750005 0.00651543 0.00612795 0.000405506 0.0102093 0.00897869 0.0155071 0.017552 0.0177603 0.0153633 0.016225 0.0216362 0.0183031 0.0199751 0.0102093 0.00897869 0.0155071 0.017552 0.0177603 0.0153633 0.016225 0.0216362 0.0183031 0.0199751
20191113 0.000745415 0.000745415 -0.00131463 -0.000300168 -0.000100012 0.00126218 0.000753453 0.000695846 0.0026486 0.00619527 0.00309151 0.00210599 -0.000124262 0.00216648 -0.000250466 0.00215246 0.00156826 0.00477985 0.0027027 -0.00111627 -0.00444336 0.001571 -0.000124262 0.00216648 -0.000250466 0.00215246 0.00156826 0.00477985 0.0027027 -0.00111627 -0.00444336 0.001571
20191120 -0.00768728 -0.00768728 0.00481427 0.0048051 0.00451909 0.00277349 0.00322488 0.00306688 0.00182801 0.0039541 0.00401261 0.00133905 0.00661804 0.00206972 0.00253193 0.000769809 0.00428261 0.00378668 -0.00307944 -0.00316289 -0.00129166 -0.00525677 0.00661804 0.00206972 0.00253193 0.000769809 0.00428261 0.00378668 -0.00307944 -0.00316289 -0.00129166 -0.00525677
20191127 -0.00923248 -0.00923248 0.0112666 0.0115361 0.0121028 0.0101139 0.00990962 0.0103786 0.0124756 0.00902042 0.00564448 0.00680936 0.00946046 0.0125584 0.0149424 0.0120356 0.0159 0.0156941 0.0155232 0.0188678 0.018128 0.0178536 0.00946046 0.0125584 0.0149424 0.0120356 0.0159 0.0156941 0.0155232 0.0188678 0.018128 0.0178536
20191211 -0.00500317 -0.00500317 0.00726811 0.00760316 0.00662345 0.00552086 0.00535401 0.00456187 0.00268929 0.00380267 0.0040284 0.00204161 0.00583641 0.00883402 0.0126294 0.0119126 0.00768774 0.0111604 0.0123115 0.0152684 0.0159247 0.0088399 0.00583641 0.00883402 0.0126294 0.0119126 0.00768774 0.0111604 0.0123115 0.0152684 0.0159247 0.0088399
20191218 -0.00421458 -0.00421458 2.67188e-05 -0.00105108 0.000125854 -0.0004808 -0.000952771 -0.000862145 -0.000426304 -0.00124105 0.00114355 -0.00116157 0.00369554 -0.00407926 -0.00483393 -0.00398325 -0.00259915 -0.00397251 0.00280763 0.00386632 0.00304199 0.00512771 0.00369554 -0.00407926 -0.00483393 -0.00398325 -0.00259915 -0.00397251 0.00280763 0.00386632 0.00304199 0.00512771
20191225 -0.00383083 -0.00383083 0.00377609 0.00419704 0.00418124 0.00289401 0.00177687 0.00294353 0.00126842 0.00218401 0.0041205 0.0023909 0.00370228 0.0038224 0.00327296 0.000466612 0.0003528 0.00302804 0.000683814 0.00528527 -0.00223769 -0.00151032 0.00370228 0.0038224 0.00327296 0.000466612 0.0003528 0.00302804 0.000683814 0.00528527 -0.00223769 -0.00151032
20200101 0.0015792 0.0015792 -0.00122019 -0.00135717 -0.00268063 -0.00291415 -0.00308117 -0.00346456 -0.0032628 -0.00905698 -0.00729863 -0.00673253 -0.00143765 -0.00144836 -0.00491129 -0.00468385 -0.00168256 -0.000626631 1.68178e-05 -0.00232073 -0.00139285 -0.00346175 -0.00143765 -0.00144836 -0.00491129 -0.00468385 -0.00168256 -0.000626631 1.68178e-05 -0.00232073 -0.00139285 -0.00346175
20200108 -0.00336827 -0.00336827 0.00722099 0.00742531 0.00751011 0.00616391 0.00705466 0.00600474 0.00786732 0.00596777 0.00205233 0.00508922 0.00336777 0.00556919 0.00685907 0.0130581 0.0106515 0.00611347 0.00862407 0.00999699 0.00928523 0.00570685 0.00336777 0.00556919 0.00685907 0.0130581 0.0106515 0.00611347 0.00862407 0.00999699 0.00928523 0.00570685
20200115 -0.0149162 -0.0149162 0.0153186 0.0148486 0.0162192 0.0156351 0.0151787 0.0148675 0.0125351 0.0125561 0.01253 0.0130725 0.0160808 0.0112666 0.0103557 0.0125699 0.0134431 0.0115853 0.0125734 0.0144737 0.0105421 0.0119242 0.0160808 0.0112666 0.0103557 0.0125699 0.0134431 0.0115853 0.0125734 0.0144737 0.0105421 0.0119242
20200122 0.000308092 0.000308092 0.00138966 0.00168616 0.000692442 0.000106615 -0.000467376 -0.00107248 -4.02429e-05 0.00226078 0.00440655 0.00438394 0.000844558 0.00354131 0.0055007 0.00595251 -0.00368285 -0.00118005 -0.00397667 -0.003516 -0.00672835 -0.00692616 0.000844558 0.00354131 0.0055007 0.00595251 -0.00368285 -0.00118005 -0.00397667 -0.003516 -0.00672835 -0.00692616
20200129 -0.0138797 -0.0138797 0.0166541 0.0159493 0.0155055 0.0149268 0.0150908 0.0132351 0.0127672 0.0123914 0.013991 0.0130276 0.0133491 0.0130784 0.0125154 0.0138944 0.0131224 0.0128189 0.017017 0.0140913 0.0194598 0.0219882 0.0133491 0.0130784 0.0125154 0.0138944 0.0131224 0.0128189 0.017017 0.0140913 0.0194598 0.0219882
20200205 -0.0117873 -0.0117873 0.0136026 0.0140338 0.013598 0.013059 0.0114269 0.0140079 0.0127727 0.0135367 0.0124208 0.00980371 0.0125419 0.0121582 0.0134427 0.0111953 0.0127024 0.016253 0.0167695 0.0136845 0.0104649 0.0121457 0.0125419 0.0121582 0.0134427 0.0111953 0.0127024 0.016253 0.0167695 0.0136845 0.0104649 0.0121457
20200212 -0.0159358 -0.0159358 0.0152794 0.0152799 0.0153258 0.015233 0.0161348 0.0149985 0.013517 0.0131666 0.016565 0.016833 0.0160756 0.0179414 0.0163313 0.0168438 0.0155918 0.0162163 0.0189513 0.018991 0.0157917 0.0179535 0.0160756 0.0179414 0.0163313 0.0168438 0.0155918 0.0162163 0.0189513 0.018991 0.0157917 0.0179535
20200219 -0.00920395 -0.00920395 0.00642333 0.00686233 0.00708093 0.0061419 0.00669539 0.00559033 0.00558545 0.0045602 0.00456042 0.00458805 0.00673091 0.0090114 0.00794146 0.0087362 0.00925817 0.0062526 0.00627233 0.0065269 0.00685654 0.00660412 0.00673091 0.0090114 0.00794146 0.0087362 0.00925817 0.0062526 0.00627233 0.0065269 0.00685654 0.00660412
20200226 -0.0163651 -0.0163651 0.0166931 0.0162655 0.0160302 0.0158676 0.0156273 0.0156121 0.0156915 0.0151075 0.0144901 0.0147031 0.0165241 0.0176733 0.015667 0.0164409 0.0118674 0.00745675 0.00658228 0.0101233 0.0143888 0.0125875 0.0165241 0.0176733 0.015667 0.0164409 0.0118674 0.00745675 0.00658228 0.0101233 0.0143888 0.0125875
20200304 -0.0108821 -0.0108821 0.00982146 0.00986487 0.0098645 0.00853661 0.0090084 0.00692917 0.00773217 0.00330439 0.00512948 0.00565973 0.0116929 0.00743927 0.00257062 0.000574845 0.00333984 0.00389679 0.00416101 0.00589353 0.00943595 0.00630089 0.0116929 0.00743927 0.00257062 0.000574845 0.00333984 0.00389679 0.00416101 0.00589353 0.00943595 0.00630089
20200311 -0.0208903 -0.0208903 0.0220576 0.0219384 0.021163 0.0198857 0.0211296 0.0210975 0.0218699 0.0191285 0.0173217 0.017323 0.0206088 0.0220732 0.0230981 0.0231352 0.0222974 0.023387 0.0248493 0.0260646 0.0250374 0.0188853 0.0206088 0.0220732 0.0230981 0.0231352 0.0222974 0.023387 0.0248493 0.0260646 0.0250374 0.0188853
20200318 -0.00438728 -0.00438728 0.00703031 0.00702904 0.00702916 0.00723736 0.00810404 0.00531993 0.00470365 0.00118727 0.000558203 -0.00145692 0.00441821 0.00299059 0.00387222 -0.00279765 -0.00511217 -0.00388728 -0.00513355 -0.0068427 -0.0100845 -0.00886276 0.00441821 0.00299059 0.00387222 -0.00279765 -0.00511217 -0.00388728 -0.00513355 -0.0068427 -0.0100845 -0.00886276
20200325 -0.013255 -0.013255 0.0158588 0.0155382 0.0162627 0.0156857 0.0160276 0.0160275 0.0165894 0.0157626 0.0157588 0.0157587 0.0135922 0.0157751 0.0120669 0.0117012 0.0145445 0.0136529 0.0121796 0.0164759 0.0170148 0.0178549 0.0135922 0.0157751 0.0120669 0.0117012 0.0145445 0.0136529 0.0121796 0.0164759 0.0170148 0.0178549
20200401 -0.0100549 -0.0100549 0.00916935 0.00964761 0.00995377 0.00995412 0.00934488 0.0093431 0.00915553 0.00442384 0.00203701 0.00410387 0.010621 0.0119109 0.0131169 0.0127675 0.00955115 0.00805407 0.00808115 0.0040103 0.00715606 0.0061419 0.010621 0.0119109 0.0131169 0.0127675 0.00955115 0.00805407 0.00808115 0.0040103 0.00715606 0.0061419
20200408 -0.00437712 -0.00437712 0.00725394 0.00762804 0.00683232 0.0071772 0.00914628 0.00901858 0.00861293 0.00658477 0.00460362 0.00338325 0.00597705 0.0105993 0.00862318 0.00580577 0.00146405 0.0021981 0.00275834 0.00352897 0.0037672 0.00569371 0.00597705 0.0105993 0.00862318 0.00580577 0.00146405 0.0021981 0.00275834 0.00352897 0.0037672 0.00569371
20200415 -0.008022 -0.008022 0.00458924 0.00450379 0.00424582 0.00379144 0.00342371 0.00214958 0.00187684 -0.00165775 -0.00214553 -0.00379418 0.00673857 0.00149618 0.000935297 -0.000748514 -0.00388685 -0.00196231 -0.000421427 -0.0026136 -0.00536292 -0.00654934 0.00673857 0.00149618 0.000935297 -0.000748514 -0.00388685 -0.00196231 -0.000421427 -0.0026136 -0.00536292 -0.00654934
20200422 -0.0112767 -0.0112767 0.0150342 0.0154513 0.0160073 0.0144758 0.0146142 0.0152166 0.0163309 0.0104201 0.00905668 0.0097232 0.0112714 0.0122852 0.013399 0.0104558 0.00929528 0.00829262 0.00862071 0.012552 0.00963711 0.0113198 0.0112714 0.0122852 0.013399 0.0104558 0.00929528 0.00829262 0.00862071 0.012552 0.00963711 0.0113198
20200429 -0.00303734 -0.00303734 0.00712369 0.00666017 0.00639079 0.00690612 0.00742881 0.00683521 0.00681399 0.00485751 0.00570976 0.0038081 0.00313899 0.00730993 0.00929862 0.0101757 0.0100377 0.00772555 0.0070418 0.00787837 0.00557777 0.00731761 0.00313899 0.00730993 0.00929862 0.0101757 0.0100377 0.00772555 0.0070418 0.00787837 0.00557777 0.00731761
20200513 0.00406121 0.00406121 -0.000476976 -0.00125262 -0.00230535 -0.00187649 -0.00204592 -0.00136658 -0.00137919 0.00148346 -0.00122674 -0.000722336 -0.00503713 -0.00329708 -0.00174442 -0.00102685 -0.0033304 -0.00395698 -0.00407622 -0.00498444 -0.00733051 -0.00315627 -0.00503713 -0.00329708 -0.00174442 -0.00102685 -0.0033304 -0.00395698 -0.00407622 -0.00498444 -0.00733051 -0.00315627
20200520 0.00801814 0.00801814 -0.00831271 -0.00822585 -0.00808555 -0.00872298 -0.00776615 -0.00810827 -0.00881137 -0.00357369 -0.00234735 -0.00260214 -0.00852018 -0.0059683 -0.00496409 -0.00591997 -0.00234202 -0.00402464 -0.00202849 0.00119854 0.000146065 0.000406036 -0.00852018 -0.0059683 -0.00496409 -0.00591997 -0.00234202 -0.00402464 -0.00202849 0.00119854 0.000146065 0.000406036
20200527 0.0072711 0.0072711 -0.00612966 -0.0066575 -0.00651007 -0.00686556 -0.00599418 -0.00663573 -0.0049125 -0.00665386 -0.00781272 -0.00680123 -0.00749811 -0.0013419 -0.00270728 -0.0130333 -0.0141592 -0.0128671 -0.00921234 -0.0136702 -0.0113919 -0.0113144 -0.00749811 -0.0013419 -0.00270728 -0.0130333 -0.0141592 -0.0128671 -0.00921234 -0.0136702 -0.0113919 -0.0113144
20200603 -0.0116204 -0.0116204 0.0109285 0.0105824 0.0100044 0.00895198 0.00896675 0.00917599 0.00781526 0.00692028 0.00907796 0.00919838 0.0106825 0.0100843 0.0121916 0.010804 0.0140409 0.0100579 0.0106046 0.010439 0.0161856 0.0160162 0.0106825 0.0100843 0.0121916 0.010804 0.0140409 0.0100579 0.0106046 0.010439 0.0161856 0.0160162
20200610 -0.00836863 -0.00836863 0.00731352 0.00684609 0.00662615 0.00608113 0.0055535 0.00555174 0.00843027 0.00873343 0.00713552 0.0120752 0.00806986 0.00765144 0.0106072 0.00923952 0.00801824 0.00817818 0.0102445 0.0120355 0.0119091 0.0147119 0.00806986 0.00765144 0.0106072 0.00923952 0.00801824 0.00817818 0.0102445 0.0120355 0.0119091 0.0147119
20200617 0.00068769 0.00068769 0.000181909 0.000499319 -0.000147954 0.000207228 0.000540713 0.000864712 -0.000395508 0.0017286 -0.000169551 0.00212823 -0.00137211 0.00275363 0.00445211 0.00227186 0.00293578 0.00311871 -0.00124935 -0.000836288 -0.000961995 0.00153614 -0.00137211 0.00275363 0.00445211 0.00227186 0.00293578 0.00311871 -0.00124935 -0.000836288 -0.000961995 0.00153614
20200624 0.00319931 0.00319931 -0.00335503 -0.00277469 -0.0032733 -0.00229913 -0.00372655 -0.00434746 -0.00164881 -0.000624452 -0.00257948 -0.00295732 -0.00200242 -0.00638565 -0.00466333 -0.00786466 -0.00854578 -0.00947862 -0.00864874 -0.00969971 -0.00635213 -0.00466242 -0.00200242 -0.00638565 -0.00466333 -0.00786466 -0.00854578 -0.00947862 -0.00864874 -0.00969971 -0.00635213 -0.00466242
20200701 -0.00790687 -0.00790687 0.008547 0.00866734 0.00866949 0.00999192 0.0108923 0.0109745 0.0110392 0.0149815 0.0117805 0.0127627 0.00739816 0.0114258 0.0109735 0.0108425 0.0111018 0.00840191 0.0116515 0.0135251 0.0114426 0.0136325 0.00739816 0.0114258 0.0109735 0.0108425 0.0111018 0.00840191 0.0116515 0.0135251 0.0114426 0.0136325
20200708 -0.0119969 -0.0119969 0.0130206 0.0125567 0.0121996 0.0125119 0.0135295 0.013529 0.0117728 0.0134124 0.0110296 0.0120254 0.0119776 0.00787225 0.00830111 0.00861035 0.00693113 0.0111187 0.00862536 0.0039965 0.00737227 0.00722421 0.0119776 0.00787225 0.00830111 0.00861035 0.00693113 0.0111187 0.00862536 0.0039965 0.00737227 0.00722421
20200715 -0.00379948 -0.00379948 0.00486826 0.00430404 0.00400457 0.00404625 0.00568842 0.00648096 0.00605136 0.00866859 0.00943269 0.00492369 0.00401929 0.00288117 0.00310039 0.00280556 0.00353444 0.00146939 0.00562072 0.00377158 0.00307759 0.00394803 0.00401929 0.00288117 0.00310039 0.00280556 0.00353444 0.00146939 0.00562072 0.00377158 0.00307759 0.00394803
20200722 -0.00716331 -0.00716331 0.0100554 0.0100381 0.00996934 0.00984978 0.00921633 0.00810289 0.00770134 0.00811584 0.00774487 0.00834815 0.00671639 0.0104924 0.00859891 0.0120884 0.0117466 0.011073 0.00878825 0.0082683 0.00956917 0.010295 0.00671639 0.0104924 0.00859891 0.0120884 0.0117466 0.011073 0.00878825 0.0082683 0.00956917 0.010295
20200729 -0.00547157 -0.00547157 0.00375236 0.00299309 0.00238838 0.00164127 0.00119427 -0.00185759 0.00202952 0.000180445 0.00296013 0.000241566 0.00577715 0.000311768 0.00120349 0.00192841 0.00176138 0.00406836 0.00676899 0.00561533 0.00208868 -0.000780533 0.00577715 0.000311768 0.00120349 0.00192841 0.00176138 0.00406836 0.00676899 0.00561533 0.00208868 -0.000780533
20230131 -0.0155408 -0.0155408 -0.0149655 -0.0145567 -0.0134704 -0.0130591 -0.0141037 -0.0142383 -0.0137934 -0.0137933 -0.00880262 -0.00880265 -0.014641 -0.0105875 -0.0102336 -0.010112 -0.0106447 -0.010986 -0.0123077 -0.0128764 -0.0122884 -0.01719 -0.014641 -0.0105875 -0.0102336 -0.010112 -0.0106447 -0.010986 -0.0123077 -0.0128764 -0.0122884 -0.01719
20230228 -0.00602509 -0.00602509 -0.00596499 -0.00506684 -0.00555955 -0.00480986 -0.00735717 -0.00690392 -0.00683557 -0.00667867 -0.00778634 -0.00669386 -0.00560832 -0.00602756 -0.00496976 -0.00416864 -0.00190717 -0.00334126 -0.00588794 -0.00877012 -0.00577059 -0.0101213 -0.00560832 -0.00602756 -0.00496976 -0.00416864 -0.00190717 -0.00334126 -0.00588794 -0.00877012 -0.00577059 -0.0101213
20230310 0.0138125 0.0138125 0.013708 0.0137408 0.0112556 0.011351 0.0118644 0.0108462 0.00852297 0.0107281 0.0122937 0.00896318 0.0134653 0.0109034 0.0151697 0.0155984 0.0188649 0.0212052 0.0191781 0.0195939 0.0195241 0.0219103 0.0134653 0.0109034 0.0151697 0.0155984 0.0188649 0.0212052 0.0191781 0.0195939 0.0195241 0.0219103
20230311 0.00650843 0.00650843 0.00682122 0.00675319 0.00731721 0.00534512 0.0053873 0.00428536 0.00641483 0.00552128 0.00462267 0.00707496 0.00669923 0.00808023 0.0062202 0.0101866 0.0101799 0.0125532 0.0139995 0.0114982 0.0131504 0.0145857 0.00669923 0.00808023 0.0062202 0.0101866 0.0101799 0.0125532 0.0139995 0.0114982 0.0131504 0.0145857
20230312 0.00257154 0.00257154 0.00243578 0.00195255 0.00199404 0.0010651 0.00293225 0.00250564 0.00170139 0.0049533 0.00285351 0.00127658 0.00259176 0.000688999 0.00199043 -0.000971931 0.00315507 0.00658982 0.00910856 0.0104448 0.00742927 0.00811428 0.00259176 0.000688999 0.00199043 -0.000971931 0.00315507 0.00658982 0.00910856 0.0104448 0.00742927 0.00811428
20230313 -0.00449011 -0.00449011 -0.00374563 -0.00382256 -0.0030987 -0.00324292 -0.00266981 -0.00129003 -0.00332831 -0.000584392 0.000501178 -0.00316411 -0.00337726 -0.00351957 -0.00632088 -0.00646719 -0.00873337 -0.00404747 0.000565774 0.0029582 0.0040016 0.000429842 -0.00337726 -0.00351957 -0.00632088 -0.00646719 -0.00873337 -0.00404747 0.000565774 0.0029582 0.0040016 0.000429842
20230314 -0.00830172 -0.00830172 -0.00625201 -0.00591557 -0.00595936 -0.00668695 -0.00593551 -0.00794025 -0.00219384 -0.00543664 -0.00378639 -0.0014092 -0.00610452 -0.00746249 -0.00767708 -0.0103749 -0.0113184 -0.0142123 -0.00940678 -0.00340226 -0.00111172 -0.000184414 -0.00610452 -0.00746249 -0.00767708 -0.0103749 -0.0113184 -0.0142123 -0.00940678 -0.00340226 -0.00111172 -0.000184414
20230315 -0.00650805 -0.00650805 -0.00485655 -0.00445272 -0.00427678 -0.00481764 -0.00474565 -0.00478546 -0.00768022 -0.00639502 -0.00528272 -0.00519035 -0.00606983 -0.0083051 -0.0103423 -0.0103995 -0.013022 -0.0137007 -0.0155943 -0.0105991 -0.00594156 -0.00286076 -0.00606983 -0.0083051 -0.0103423 -0.0103995 -0.013022 -0.0137007 -0.0155943 -0.0105991 -0.00594156 -0.00286076
20230316 0.0362368 0.0362368 0.0351574 0.0343927 0.0344486 0.0350105 0.0371817 0.0347807 0.0379161 0.036059 0.0492115 0.0517369 0.0351913 0.0348432 0.0325036 0.0230847 0.0278493 0.0271586 0.0235989 0.0231438 0.0259408 0.0429739 0.0351913 0.0348432 0.0325036 0.0230847 0.0278493 0.0271586 0.0235989 0.0231438 0.0259408 0.0429739
20230317 0.111335 0.111335 0.109227 0.10983 0.101904 0.102057 0.0992163 0.0984318 0.100284 0.104894 0.110727 0.116994 0.109227 0.111757 0.105835 0.111609 0.102772 0.115015 0.114539 0.110658 0.113993 0.112188 0.109227 0.111757 0.105835 0.111609 0.102772 0.115015 0.114539 0.110658 0.113993 0.112188
20230318 0.170268 0.170268 0.165589 0.165589 0.163766 0.162178 0.165487 0.161058 0.163148 0.16878 0.16602 0.173244 0.165589 0.168681 0.180588 0.175187 0.177722 0.176114 0.185143 0.185235 0.182865 0.192905 0.165589 0.168681 0.180588 0.175187 0.177722 0.176114 0.185143 0.185235 0.182865 0.192905
20230319 0.0535273 0.0535273 0.0531987 0.0531987 0.0531989 0.0520512 0.0506089 0.0531278 0.0475764 0.0416305 0.045332 0.0503601 0.0531991 0.0566583 0.0595145 0.0642524 0.0567946 0.0572777 0.050104 0.063519 0.0578316 0.05113 0.0531991 0.0566583 0.0595145 0.0642524 0.0567946 0.0572777 0.050104 0.063519 0.0578316 0.05113
20230320 -0.0149698 -0.0149698 -0.0162294 -0.0162296 -0.0162296 -0.016229 -0.0133207 -0.0118216 -0.0124468 -0.012938 -0.0155545 -0.0292688 -0.013523 -0.0178682 -0.0141306 -0.00680851 -0.00821104 -0.0175041 -0.0131251 -0.0248479 -0.00598379 -0.0127241 -0.013523 -0.0178682 -0.0141306 -0.00680851 -0.00821104 -0.0175041 -0.0131251 -0.0248479 -0.00598379 -0.0127241
20230321 -0.0261456 -0.0261456 -0.0293399 -0.0295369 -0.0295369 -0.029537 -0.0295373 -0.0314185 -0.0317213 -0.0310272 -0.0301827 -0.0357314 -0.029138 -0.0333025 -0.0342039 -0.0335167 -0.0345944 -0.0361229 -0.0294526 -0.0285787 -0.0301157 -0.0298454 -0.029138 -0.0333025 -0.0342039 -0.0335167 -0.0345944 -0.0361229 -0.0294526 -0.0285787 -0.0301157 -0.0298454
20230322 -0.0231599 -0.0231599 -0.0256302 -0.0253781 -0.027234 -0.0272338 -0.0272331 -0.0272334 -0.0283029 -0.0296067 -0.0294773 -0.0279064 -0.0234557 -0.0267403 -0.0320179 -0.0334086 -0.0324392 -0.0344946 -0.0360473 -0.0284272 -0.0288126 -0.0302268 -0.0234557 -0.0267403 -0.0320179 -0.0334086 -0.0324392 -0.0344946 -0.0360473 -0.0284272 -0.0288126 -0.0302268
20230323 -0.0163267 -0.0163267 -0.017729 -0.0202216 -0.0197556 -0.0224605 -0.0224608 -0.0224604 -0.0224606 -0.0227905 -0.0221502 -0.0234814 -0.0172487 -0.0155239 -0.0199833 -0.0251912 -0.0267508 -0.0263259 -0.0271502 -0.0290455 -0.0225036 -0.0248404 -0.0172487 -0.0155239 -0.0199833 -0.0251912 -0.0267508 -0.0263259 -0.0271502 -0.0290455 -0.0225036 -0.0248404
20230324 -0.0125599 -0.0125599 -0.0138055 -0.013457 -0.0159347 -0.0160994 -0.017653 -0.0176531 -0.0176519 -0.0176518 -0.0166462 -0.0164891 -0.0139003 -0.00836301 -0.00726555 -0.0121196 -0.0164855 -0.0161913 -0.0153975 -0.0180434 -0.0204619 -0.013655 -0.0139003 -0.00836301 -0.00726555 -0.0121196 -0.0164855 -0.0161913 -0.0153975 -0.0180434 -0.0204619 -0.013655
20230325 -0.0164834 -0.0164834 -0.0174597 -0.0173494 -0.0180387 -0.0194568 -0.0195304 -0.0188219 -0.0188211 -0.0188225 -0.0188222 -0.0193553 -0.0172484 -0.0161535 -0.00930316 -0.00779682 -0.0134911 -0.0174308 -0.0174305 -0.017391 -0.0196408 -0.0217143 -0.0172484 -0.0161535 -0.00930316 -0.00779682 -0.0134911 -0.0174308 -0.0174305 -0.017391 -0.0196408 -0.0217143
20230326 -0.0230679 -0.0230679 -0.0242181 -0.0240529 -0.0248338 -0.0255975 -0.0275015 -0.0248513 -0.0270774 -0.0270782 -0.0270762 -0.0270767 -0.0239497 -0.0293515 -0.0268738 -0.0196096 -0.016943 -0.0204817 -0.0242598 -0.0254751 -0.0275758 -0.02987 -0.0239497 -0.0293515 -0.0268738 -0.0196096 -0.016943 -0.0204817 -0.0242598 -0.0254751 -0.0275758 -0.02987
20230327 -0.0207236 -0.0207236 -0.0209522 -0.0200559 -0.0201136 -0.0210311 -0.0212739 -0.0211299 -0.0215108 -0.0212841 -0.0212829 -0.0212838 -0.0204208 -0.0209427 -0.0252628 -0.0225335 -0.0149561 -0.0108527 -0.0140983 -0.0189264 -0.0208672 -0.0231361 -0.0204208 -0.0209427 -0.0252628 -0.0225335 -0.0149561 -0.0108527 -0.0140983 -0.0189264 -0.0208672 -0.0231361
20230328 -0.0181129 -0.0181129 -0.0169955 -0.0170885 -0.0176586 -0.0176335 -0.017239 -0.0175501 -0.0171853 -0.0161892 -0.0188607 -0.0188612 -0.0170687 -0.015617 -0.0157511 -0.02036 -0.0182615 -0.0112682 -0.0086288 -0.0103843 -0.0154518 -0.0168039 -0.0170687 -0.015617 -0.0157511 -0.02036 -0.0182615 -0.0112682 -0.0086288 -0.0103843 -0.0154518 -0.0168039
20230329 -0.0157024 -0.0157024 -0.0162392 -0.0157865 -0.0155883 -0.0153874 -0.0153763 -0.0143783 -0.0165357 -0.0152847 -0.0143513 -0.0178056 -0.0140733 -0.0138987 -0.0128619 -0.0134004 -0.0180647 -0.01649 -0.0110549 -0.00966714 -0.0113162 -0.0169638 -0.0140733 -0.0138987 -0.0128619 -0.0134004 -0.0180647 -0.01649 -0.0110549 -0.00966714 -0.0113162 -0.0169638
20230330 -0.0138276 -0.0138276 -0.0130636 -0.0144576 -0.0146017 -0.0130583 -0.0133131 -0.0116926 -0.0136301 -0.0123939 -0.0116214 -0.0104722 -0.0126404 -0.0099845 -0.00932174 -0.00981381 -0.0107263 -0.014187 -0.0131919 -0.0080705 -0.00734624 -0.0105791 -0.0126404 -0.0099845 -0.00932174 -0.00981381 -0.0107263 -0.014187 -0.0131919 -0.0080705 -0.00734624 -0.0105791
20230331 -0.0108844 -0.0108844 -0.010355 -0.0104271 -0.0101798 -0.00995526 -0.0102633 -0.0105573 -0.00822954 -0.00816489 -0.00795747 -0.00915492 -0.0102374 -0.0109853 -0.00799921 -0.00560688 -0.00684608 -0.00857763 -0.0124256 -0.0120861 -0.00735862 -0.00658906 -0.0102374 -0.0109853 -0.00799921 -0.00560688 -0.00684608 -0.00857763 -0.0124256 -0.0120861 -0.00735862 -0.00658906
20230401 -0.00467738 -0.00467738 -0.00365147 -0.00337138 -0.00314256 -0.00265432 -0.00316738 -0.00261306 -0.00131634 -0.00210021 0.000473115 -4.64651e-05 -0.0034142 -0.00161085 -0.00306592 -0.000558767 0.000440894 -0.00145725 -0.00356066 -0.00622823 -0.00604225 -0.00161484 -0.0034142 -0.00161085 -0.00306592 -0.000558767 0.000440894 -0.00145725 -0.00356066 -0.00622823 -0.00604225 -0.00161484
20230402 -0.00291021 -0.00291021 -0.0015445 -0.00138274 -0.00123581 -0.00105758 -0.00102986 -0.0014559 -0.000897195 -4.74197e-05 -0.0010795 0.000962512 -0.00152891 -0.00266346 -0.00157092 -0.00399537 -0.00174082 0.00067575 -0.00040853 -0.00192583 -0.0051774 -0.00389378 -0.00152891 -0.00266346 -0.00157092 -0.00399537 -0.00174082 0.00067575 -0.00040853 -0.00192583 -0.0051774 -0.00389378
20230403 -0.00861547 -0.00861547 -0.00804978 -0.00766439 -0.00764545 -0.0081644 -0.00792988 -0.00769338 -0.00751989 -0.00753344 -0.0057824 -0.0103376 -0.00836118 -0.013308 -0.0153262 -0.0141947 -0.0158012 -0.0126027 -0.0100993 -0.0103058 -0.0111402 -0.0134287 -0.00836118 -0.013308 -0.0153262 -0.0141947 -0.0158012 -0.0126027 -0.0100993 -0.0103058 -0.0111402 -0.0134287
20230404 -0.0135156 -0.0135156 -0.014542 -0.0139532 -0.0145247 -0.0142855 -0.0149953 -0.0150024 -0.0143273 -0.0159416 -0.0147936 -0.0150637 -0.0144836 -0.0148152 -0.0202498 -0.0219288 -0.0195044 -0.0209031 -0.0181135 -0.0159269 -0.0154748 -0.0146607 -0.0144836 -0.0148152 -0.0202498 -0.0219288 -0.0195044 -0.0209031 -0.0181135 -0.0159269 -0.0154748 -0.0146607
20230405 -0.0118781 -0.0118781 -0.0159838 -0.0158103 -0.0164218 -0.0161963 -0.0147467 -0.014438 -0.014252 -0.0122759 -0.0125708 -0.0104454 -0.0124155 -0.0125606 -0.0129178 -0.0179651 -0.0190749 -0.0160101 -0.0176606 -0.0150487 -0.0123301 -0.0111015 -0.0124155 -0.0125606 -0.0129178 -0.0179651 -0.0190749 -0.0160101 -0.0176606 -0.0150487 -0.0123301 -0.0111015
20230406 -0.0119 -0.0119 -0.0128328 -0.0175392 -0.0173424 -0.0177512 -0.0189121 -0.0174617 -0.0172663 -0.0165798 -0.0133386 -0.0142049 -0.0130218 -0.0151457 -0.015855 -0.0157566 -0.0199555 -0.0199356 -0.0172173 -0.0170174 -0.0127879 -0.010892 -0.0130218 -0.0151457 -0.015855 -0.0157566 -0.0199555 -0.0199356 -0.0172173 -0.0170174 -0.0127879 -0.010892
20230407 -0.0135776 -0.0135776 -0.0160292 -0.0157182 -0.0163553 -0.0165435 -0.0151331 -0.0163404 -0.0142668 -0.0137025 -0.0150907 -0.0172428 -0.0152162 -0.0164462 -0.0180573 -0.0163573 -0.0156982 -0.0199773 -0.0202978 -0.017554 -0.0173486 -0.013194 -0.0152162 -0.0164462 -0.0180573 -0.0163573 -0.0156982 -0.0199773 -0.0202978 -0.017554 -0.0173486 -0.013194
20230408 -0.0161374 -0.0161374 -0.0178335 -0.0176466 -0.017939 -0.0189688 -0.0183118 -0.0165547 -0.0167023 -0.0162871 -0.0164059 -0.0168603 -0.017698 -0.0172367 -0.0185545 -0.020424 -0.0186901 -0.0179557 -0.022012 -0.0219908 -0.0182621 -0.0178391 -0.017698 -0.0172367 -0.0185545 -0.020424 -0.0186901 -0.0179557 -0.022012 -0.0219908 -0.0182621 -0.0178391
20230409 -0.0151225 -0.0151225 -0.0152781 -0.0151227 -0.0150474 -0.0145413 -0.0171068 -0.0169845 -0.014911 -0.0160371 -0.0166286 -0.0152124 -0.0149585 -0.0151441 -0.0141733 -0.0146255 -0.0166775 -0.014703 -0.0135972 -0.0174966 -0.0177839 -0.013434 -0.0149585 -0.0151441 -0.0141733 -0.0146255 -0.0166775 -0.014703 -0.0135972 -0.0174966 -0.0177839 -0.013434
20230410 -0.0166767 -0.0166767 -0.015723 -0.0150976 -0.0152606 -0.0152658 -0.0148737 -0.0144325 -0.0166972 -0.0147281 -0.0172026 -0.0140514 -0.0149414 -0.0140588 -0.0128983 -0.0116904 -0.0124407 -0.0138646 -0.0113255 -0.00917564 -0.0129244 -0.0133929 -0.0149414 -0.0140588 -0.0128983 -0.0116904 -0.0124407 -0.0138646 -0.0113255 -0.00917564 -0.0129244 -0.0133929
20230411 -0.0198621 -0.0198621 -0.0206802 -0.0196563 -0.0194213 -0.0193078 -0.0196118 -0.0193628 -0.0191377 -0.020276 -0.0180546 -0.0218696 -0.0204289 -0.0204305 -0.0204692 -0.0190489 -0.0179737 -0.0176504 -0.0189763 -0.0143217 -0.0116846 -0.0157416 -0.0204289 -0.0204305 -0.0204692 -0.0190489 -0.0179737 -0.0176504 -0.0189763 -0.0143217 -0.0116846 -0.0157416
20230412 -0.0271756 -0.0271756 -0.0298247 -0.030477 -0.030473 -0.0298015 -0.0307826 -0.0303119 -0.0296526 -0.0301583 -0.0308159 -0.032871 -0.0268248 -0.0320029 -0.0331327 -0.0343439 -0.0329003 -0.0308075 -0.029591 -0.0304213 -0.0270401 -0.0254386 -0.0268248 -0.0320029 -0.0331327 -0.0343439 -0.0329003 -0.0308075 -0.029591 -0.0304213 -0.0270401 -0.0254386
20230413 -0.0296072 -0.0296072 -0.0299075 -0.0343376 -0.034234 -0.034249 -0.0347243 -0.0339608 -0.0332587 -0.0344849 -0.0346329 -0.0352293 -0.0295832 -0.0300641 -0.0362455 -0.0367072 -0.0368505 -0.0354236 -0.0350167 -0.0349612 -0.0364865 -0.0348049 -0.0295832 -0.0300641 -0.0362455 -0.0367072 -0.0368505 -0.0354236 -0.0350167 -0.0349612 -0.0364865 -0.0348049
20230414 -0.0268204 -0.0268204 -0.0278384 -0.0274047 -0.0318852 -0.0311671 -0.0315564 -0.0318854 -0.0327658 -0.0326127 -0.0329183 -0.0276652 -0.0272792 -0.0241227 -0.0245298 -0.029298 -0.0293099 -0.0287091 -0.0275932 -0.028143 -0.0289688 -0.0296949 -0.0272792 -0.0241227 -0.0245298 -0.029298 -0.0293099 -0.0287091 -0.0275932 -0.028143 -0.0289688 -0.0296949
20230415 -0.0228976 -0.0228976 -0.0238428 -0.0234112 -0.0235511 -0.0258329 -0.0256881 -0.0247228 -0.0241443 -0.0269555 -0.0264609 -0.02545 -0.0237053 -0.0226802 -0.0180888 -0.0171268 -0.0200723 -0.0203844 -0.0213474 -0.0218111 -0.021929 -0.0216383 -0.0237053 -0.0226802 -0.0180888 -0.0171268 -0.0200723 -0.0203844 -0.0213474 -0.0218111 -0.021929 -0.0216383
20230416 -0.0193063 -0.0193063 -0.0195112 -0.018883 -0.0183418 -0.017962 -0.0197124 -0.0178635 -0.0193306 -0.0186011 -0.0197156 -0.0201123 -0.0194458 -0.019819 -0.0180255 -0.0135113 -0.0123454 -0.0153201 -0.0161546 -0.017454 -0.0174204 -0.0163492 -0.0194458 -0.019819 -0.0180255 -0.0135113 -0.0123454 -0.0153201 -0.0161546 -0.017454 -0.0174204 -0.0163492
20230417 -0.0191544 -0.0191544 -0.0209241 -0.0206104 -0.0207382 -0.0206135 -0.0213117 -0.0179308 -0.0171886 -0.017118 -0.0190005 -0.0195913 -0.0208683 -0.0207546 -0.0207772 -0.019854 -0.0163493 -0.0145399 -0.0168095 -0.0175637 -0.0182467 -0.0160348 -0.0208683 -0.0207546 -0.0207772 -0.019854 -0.0163493 -0.0145399 -0.0168095 -0.0175637 -0.0182467 -0.0160348
20230418 -0.0173861 -0.0173861 -0.0205464 -0.0213882 -0.0207382 -0.0207206 -0.0195559 -0.0188886 -0.0184691 -0.0175589 -0.0180234 -0.0173788 -0.0203245 -0.0194349 -0.0196617 -0.0197165 -0.0197449 -0.0155564 -0.0141718 -0.0152168 -0.0156373 -0.016286 -0.0203245 -0.0194349 -0.0196617 -0.0197165 -0.0197449 -0.0155564 -0.0141718 -0.0152168 -0.0156373 -0.016286
20230419 -0.0126757 -0.0126757 -0.0168216 -0.0165484 -0.0165256 -0.0161841 -0.0167873 -0.0154798 -0.0152002 -0.0142413 -0.0137613 -0.012905 -0.0116913 -0.0154609 -0.0141321 -0.0141537 -0.0143174 -0.0141954 -0.00879462 -0.0071354 -0.00743826 -0.00949259 -0.0116913 -0.0154609 -0.0141321 -0.0141537 -0.0143174 -0.0141954 -0.00879462 -0.0071354 -0.00743826 -0.00949259
20230420 -0.00406901 -0.00406901 -0.00369346 -0.00633208 -0.00572396 -0.00587862 -0.0063408 -0.00601195 -0.00531436 -0.00616583 -0.0036545 -0.00169807 -0.00376967 -0.00488074 -0.00556746 -0.0035037 -0.00268291 -0.00307359 -0.00341687 0.00138195 0.00226726 0.00170124 -0.00376967 -0.00488074 -0.00556746 -0.0035037 -0.00268291 -0.00307359 -0.00341687 0.00138195 0.00226726 0.00170124
20230421 -0.00276378 -0.00276378 -0.00360858 -0.00313738 -0.00267503 -0.00219608 -0.00273576 -0.00354094 -0.00110987 -0.00169913 -0.00127383 0.000604279 -0.00340095 -0.00387857 -0.00403434 -0.00207476 -0.000187331 0.000118512 -0.00036277 -0.000997836 0.00324355 0.00287397 -0.00340095 -0.00387857 -0.00403434 -0.00207476 -0.000187331 0.000118512 -0.00036277 -0.000997836 0.00324355 0.00287397
20230422 -0.00800653 -0.00800653 -0.00912761 -0.00884 -0.00827177 -0.00584093 -0.00627752 -0.00673489 -0.0085012 -0.00681486 -0.00645758 -0.00803161 -0.00877221 -0.0137997 -0.0137445 -0.0133531 -0.0103804 -0.0088117 -0.00829447 -0.00903901 -0.00964084 -0.004895 -0.00877221 -0.0137997 -0.0137445 -0.0133531 -0.0103804 -0.0088117 -0.00829447 -0.00903901 -0.00964084 -0.004895
20230423 -0.0123728 -0.0123728 -0.0152341 -0.0140278 -0.0150871 -0.0150254 -0.0113323 -0.0107982 -0.0101126 -0.0110356 -0.0125322 -0.0113529 -0.0148035 -0.0144966 -0.0193098 -0.0190734 -0.0197769 -0.0166525 -0.0154766 -0.0150373 -0.0154994 -0.0156131 -0.0148035 -0.0144966 -0.0193098 -0.0190734 -0.0197769 -0.0166525 -0.0154766 -0.0150373 -0.0154994 -0.0156131
20230424 -0.0077952 -0.0077952 -0.0105193 -0.0104638 -0.0101853 -0.010501 -0.0112959 -0.00887407 -0.0109301 -0.010879 -0.0119672 -0.0110263 -0.0103678 -0.0126207 -0.0125146 -0.0180209 -0.0182746 -0.0188546 -0.0148676 -0.0141934 -0.0147049 -0.0153016 -0.0103678 -0.0126207 -0.0125146 -0.0180209 -0.0182746 -0.0188546 -0.0148676 -0.0141934 -0.0147049 -0.0153016
20230425 -0.0068461 -0.0068461 -0.00958766 -0.00900211 -0.00892652 -0.00765574 -0.00821611 -0.00925263 -0.0067351 -0.00809509 -0.00780981 -0.00571619 -0.00939485 -0.00439764 -0.00653536 -0.00690259 -0.0120606 -0.0127032 -0.0127633 -0.00897482 -0.00910913 -0.00930293 -0.00939485 -0.00439764 -0.00653536 -0.00690259 -0.0120606 -0.0127032 -0.0127633 -0.00897482 -0.00910913 -0.00930293
20230426 -0.00531074 -0.00531074 -0.00780897 -0.00829199 -0.00788896 -0.00781826 -0.00772546 -0.00723379 -0.00856974 -0.00784737 -0.0089588 -0.00985599 -0.00619522 -0.00784868 -0.00346303 -0.00594715 -0.00658061 -0.011838 -0.0120577 -0.0125656 -0.0104109 -0.010402 -0.00619522 -0.00784868 -0.00346303 -0.00594715 -0.00658061 -0.011838 -0.0120577 -0.0125656 -0.0104109 -0.010402
20230427 -0.0105062 -0.0105062 -0.011081 -0.0108231 -0.0103309 -0.0094781 -0.00956083 -0.00912293 -0.00940514 -0.0105791 -0.00837818 -0.0112617 -0.0112629 -0.00893655 -0.00999642 -0.00662471 -0.00864325 -0.00849981 -0.0134556 -0.0131296 -0.01341 -0.014605 -0.0112629 -0.00893655 -0.00999642 -0.00662471 -0.00864325 -0.00849981 -0.0134556 -0.0131296 -0.01341 -0.014605
20230428 -0.0105652 -0.0105652 -0.010954 -0.0106423 -0.00989623 -0.0104962 -0.011179 -0.0126538 -0.0113822 -0.0108585 -0.0126212 -0.00811832 -0.0111726 -0.0142483 -0.0115361 -0.0119244 -0.00759596 -0.00835835 -0.00864157 -0.013429 -0.0131337 -0.0135535 -0.0111726 -0.0142483 -0.0115361 -0.0119244 -0.00759596 -0.00835835 -0.00864157 -0.013429 -0.0131337 -0.0135535
20230429 -0.015103 -0.015103 -0.0151976 -0.0144583 -0.0144984 -0.0151026 -0.0161555 -0.0149444 -0.0152873 -0.0151298 -0.0157606 -0.0160033 -0.0151239 -0.0147591 -0.018096 -0.0163017 -0.0166798 -0.0120182 -0.0136293 -0.0135465 -0.0185558 -0.0188715 -0.0151239 -0.0147591 -0.018096 -0.0163017 -0.0166798 -0.0120182 -0.0136293 -0.0135465 -0.0185558 -0.0188715
20230430 -0.0196968 -0.0196968 -0.0205946 -0.0197498 -0.0198754 -0.0196951 -0.0203101 -0.0204753 -0.0213981 -0.0227425 -0.0232512 -0.0243411 -0.0201911 -0.0254907 -0.0248692 -0.0276025 -0.0256594 -0.026405 -0.0221061 -0.0242378 -0.0248346 -0.0301291 -0.0201911 -0.0254907 -0.0248692 -0.0276025 -0.0256594 -0.026405 -0.0221061 -0.0242378 -0.0248346 -0.0301291
20230501 -0.0256696 -0.0256696 -0.0268873 -0.0260422 -0.026152 -0.0252547 -0.0252811 -0.0235708 -0.0243123 -0.0264292 -0.0269116 -0.0282164 -0.0265687 -0.027028 -0.0321918 -0.031564 -0.0337072 -0.0320582 -0.0298272 -0.0254764 -0.0280146 -0.0278453 -0.0265687 -0.027028 -0.0321918 -0.031564 -0.0337072 -0.0320582 -0.0298272 -0.0254764 -0.0280146 -0.0278453
20230502 -0.0188637 -0.0188637 -0.0196418 -0.0191361 -0.0201561 -0.0199637 -0.0214256 -0.0207632 -0.0217015 -0.0222134 -0.0233678 -0.0230472 -0.0189022 -0.0200792 -0.0198809 -0.0238525 -0.023614 -0.0269555 -0.0268328 -0.0223325 -0.0189173 -0.0214163 -0.0189022 -0.0200792 -0.0198809 -0.0238525 -0.023614 -0.0269555 -0.0268328 -0.0223325 -0.0189173 -0.0214163
