20190306 1.56124 1.56124 1.80284 1.81278 1.82129 1.86271 1.86271 1.86274 1.86271 1.9209 1.9701 1.97518 1.56056 1.80088 1.87184 1.90925 1.97461 1.94427 1.87907 1.88857 2.24299 2.25076 1.56056 1.80088 1.87184 1.90925 1.97461 1.94427 1.87907 1.88857 2.24299 2.25076
20190313 1.57876 1.57876 1.87966 1.87999 1.89213 1.89183 1.89228 1.90882 1.93928 1.98784 1.95934 2.03648 1.58084 2.04225 2.10044 2.01635 2.00949 2.0727 2.0672 2.10735 2.27043 2.16556 1.58084 2.04225 2.10044 2.01635 2.00949 2.0727 2.0672 2.10735 2.27043 2.16556
20190320 1.41503 1.41503 1.59827 1.61964 1.64993 1.64243 1.65942 1.68913 1.67097 1.84398 1.84539 1.83164 1.44808 1.71892 1.76042 1.8094 1.8061 1.76623 1.88004 1.87496 2.04688 2.05753 1.44808 1.71892 1.76042 1.8094 1.8061 1.76623 1.88004 1.87496 2.04688 2.05753
20190327 1.4685 1.4685 1.62084 1.60128 1.61206 1.62694 1.64028 1.67082 1.67356 1.96679 1.9374 1.9825 1.4882 1.68207 1.72981 1.71791 1.82398 1.84196 1.9953 1.89464 2.12401 2.16429 1.4882 1.68207 1.72981 1.71791 1.82398 1.84196 1.9953 1.89464 2.12401 2.16429
20190403 1.3298 1.3298 1.49604 1.50109 1.49512 1.55206 1.57108 1.62627 1.64466 1.82522 1.96955 1.93905 1.37751 1.56359 1.72 1.69968 1.75729 1.74768 1.72723 1.75926 1.97941 1.95173 1.37751 1.56359 1.72 1.69968 1.75729 1.74768 1.72723 1.75926 1.97941 1.95173
20190410 1.44807 1.44807 1.66049 1.66273 1.66977 1.67356 1.68205 1.70365 1.67115 1.90547 1.83323 1.89524 1.46108 1.67937 1.79978 1.83061 1.77474 1.79984 1.8215 1.73684 1.91045 2.00689 1.46108 1.67937 1.79978 1.83061 1.77474 1.79984 1.8215 1.73684 1.91045 2.00689
20190417 1.48716 1.48716 1.74262 1.74344 1.76851 1.75816 1.80619 1.80635 1.78417 1.92775 1.92942 1.94814 1.54203 1.79331 1.82221 1.84321 1.90419 1.93725 1.89201 1.82374 1.98157 1.93338 1.54203 1.79331 1.82221 1.84321 1.90419 1.93725 1.89201 1.82374 1.98157 1.93338
20190424 1.41904 1.41904 1.8641 1.87209 1.88662 1.84493 1.8618 1.90625 1.94422 2.05759 2.12929 2.05483 1.49041 1.83844 1.87683 1.96178 1.90239 1.92851 1.95503 1.98809 2.06979 1.96421 1.49041 1.83844 1.87683 1.96178 1.90239 1.92851 1.95503 1.98809 2.06979 1.96421
20190501 1.4458 1.4458 1.72084 1.73245 1.76229 1.74623 1.762 1.73932 1.70494 2.07026 2.01676 2.09736 1.47011 1.68716 1.72864 1.80186 1.84848 1.79255 1.79141 1.87062 1.98611 2.0248 1.47011 1.68716 1.72864 1.80186 1.84848 1.79255 1.79141 1.87062 1.98611 2.0248
20190508 1.51053 1.51053 1.73283 1.74553 1.75459 1.74899 1.79066 1.77664 1.78242 1.91448 1.82505 1.85581 1.54744 1.70525 1.74477 1.73003 1.76732 1.74277 1.80544 1.79737 1.97352 1.94196 1.54744 1.70525 1.74477 1.73003 1.76732 1.74277 1.80544 1.79737 1.97352 1.94196
20190515 1.41167 1.41167 1.62173 1.62173 1.63176 1.66071 1.73214 1.73215 1.72627 1.95861 1.91625 1.95263 1.43419 1.76168 1.83683 1.80866 1.83545 1.86584 1.81729 1.83557 2.13267 2.11276 1.43419 1.76168 1.83683 1.80866 1.83545 1.86584 1.81729 1.83557 2.13267 2.11276
20190522 1.48165 1.48165 1.7685 1.77411 1.79052 1.78876 1.78086 1.78086 1.79196 2.0053 2.00529 1.98491 1.4785 1.71525 1.90602 1.89012 1.7728 1.94354 1.88545 1.87787 2.01465 2.04534 1.4785 1.71525 1.90602 1.89012 1.7728 1.94354 1.88545 1.87787 2.01465 2.04534
20190529 1.35234 1.35234 1.70462 1.70462 1.70075 1.7157 1.74022 1.7402 1.78783 2.00249 1.95269 2.04093 1.33095 1.74818 1.80015 1.69628 1.59949 1.64375 1.65973 1.70669 1.98325 2.05071 1.33095 1.74818 1.80015 1.69628 1.59949 1.64375 1.65973 1.70669 1.98325 2.05071
20190605 1.39941 1.39941 1.67482 1.66045 1.70761 1.77112 1.77112 1.77111 1.7711 1.94434 1.94434 1.90744 1.41128 1.72596 1.6935 1.7479 1.72404 1.7562 1.80043 1.83514 2.05936 2.06634 1.41128 1.72596 1.6935 1.7479 1.72404 1.7562 1.80043 1.83514 2.05936 2.06634
20190612 1.39387 1.39387 1.60373 1.60509 1.60884 1.60912 1.63504 1.61803 1.69315 1.84434 1.87346 1.8661 1.42488 1.59085 1.62275 1.62823 1.62388 1.57952 1.62173 1.65399 1.90209 1.98319 1.42488 1.59085 1.62275 1.62823 1.62388 1.57952 1.62173 1.65399 1.90209 1.98319
20190619 1.40596 1.40596 1.69603 1.71759 1.7176 1.73067 1.73319 1.73316 1.70481 2.04742 2.0123 2.07394 1.42716 1.78929 1.84192 1.76409 1.79862 1.81381 1.77635 1.83964 2.0504 2.14351 1.42716 1.78929 1.84192 1.76409 1.79862 1.81381 1.77635 1.83964 2.0504 2.14351
20190626 1.31105 1.31105 1.57465 1.57465 1.57603 1.57785 1.6443 1.64432 1.64005 1.88066 1.9441 1.94412 1.32581 1.61812 1.65426 1.60746 1.74726 1.79284 1.68387 1.69158 2.01516 1.98195 1.32581 1.61812 1.65426 1.60746 1.74726 1.79284 1.68387 1.69158 2.01516 1.98195
20190703 1.34586 1.34586 1.57493 1.58095 1.60989 1.61235 1.65737 1.66033 1.66032 1.9057 1.9057 1.95992 1.39276 1.73086 1.73576 1.69969 1.66828 1.7305 1.75972 1.81823 2.03826 2.0354 1.39276 1.73086 1.73576 1.69969 1.66828 1.7305 1.75972 1.81823 2.03826 2.0354
20190710 1.38222 1.38222 1.55461 1.55041 1.54515 1.57273 1.57271 1.59266 1.55429 1.89058 1.91388 1.89735 1.39697 1.59532 1.62418 1.72387 1.70941 1.71446 1.75592 1.71024 1.8778 1.858 1.39697 1.59532 1.62418 1.72387 1.70941 1.71446 1.75592 1.71024 1.8778 1.858
20190717 1.37 1.37 1.68527 1.68527 1.71085 1.68632 1.7185 1.72294 1.69778 1.90692 1.93692 1.89913 1.38474 1.7302 1.77665 1.68005 1.70342 1.70278 1.75728 1.74855 1.93436 1.94623 1.38474 1.7302 1.77665 1.68005 1.70342 1.70278 1.75728 1.74855 1.93436 1.94623
20190724 1.4928 1.4928 1.82295 1.8304 1.81085 1.80558 1.80518 1.81155 1.81966 2.17166 2.17167 2.15827 1.52246 1.75471 1.86708 1.94216 1.89014 1.85731 1.88147 1.88175 2.02437 2.10926 1.52246 1.75471 1.86708 1.94216 1.89014 1.85731 1.88147 1.88175 2.02437 2.10926
20190731 1.30622 1.30622 1.48505 1.50731 1.51474 1.54847 1.54416 1.60166 1.61391 1.78679 1.91513 1.90069 1.30863 1.58153 1.64985 1.68495 1.6997 1.6425 1.68471 1.7404 1.93462 2.04775 1.30863 1.58153 1.64985 1.68495 1.6997 1.6425 1.68471 1.7404 1.93462 2.04775
20190805 1.3146 1.3146 1.53327 1.53521 1.55136 1.54888 1.53777 1.79286 1.78382 1.80084 1.87989 1.83487 1.53131 1.58509 1.72208 1.67035 1.73607 1.73565 1.91764 1.97605 1.97985 1.94299 1.53131 1.58509 1.72208 1.67035 1.73607 1.73565 1.91764 1.97605 1.97985 1.94299
20190807 1.27538 1.27538 1.56096 1.53676 1.55986 1.57614 1.60275 1.60643 1.59719 1.85614 1.87249 1.92336 1.30002 1.61509 1.64689 1.66016 1.74617 1.71583 1.75187 1.76048 1.93006 1.99079 1.30002 1.61509 1.64689 1.66016 1.74617 1.71583 1.75187 1.76048 1.93006 1.99079
20190812 1.30857 1.30857 1.50945 1.4965 1.49651 1.49651 1.53551 1.71953 1.75326 1.73098 1.78496 1.81194 1.4983 1.53971 1.70212 1.67568 1.66527 1.78877 1.957 1.89375 1.84762 1.82181 1.4983 1.53971 1.70212 1.67568 1.66527 1.78877 1.957 1.89375 1.84762 1.82181
20190814 1.33634 1.33634 1.54975 1.54839 1.54584 1.53874 1.53872 1.53873 1.57524 1.76298 1.7223 1.77652 1.34678 1.54623 1.64288 1.76144 1.72091 1.7103 1.75405 1.82515 1.8771 1.83895 1.34678 1.54623 1.64288 1.76144 1.72091 1.7103 1.75405 1.82515 1.8771 1.83895
20190821 1.20235 1.20235 1.44069 1.44114 1.45621 1.46802 1.58467 1.58478 1.58478 1.68206 1.70854 1.78918 1.24836 1.57534 1.62399 1.58052 1.63599 1.63518 1.70492 1.66246 1.77279 1.74714 1.24836 1.57534 1.62399 1.58052 1.63599 1.63518 1.70492 1.66246 1.77279 1.74714
20190828 1.44097 1.44097 1.70409 1.70407 1.64747 1.64181 1.68387 1.68878 1.73337 1.87118 1.92246 1.91319 1.47004 1.76884 1.81881 1.78668 1.85518 1.81443 1.89743 1.8766 2.05901 2.02023 1.47004 1.76884 1.81881 1.78668 1.85518 1.81443 1.89743 1.8766 2.05901 2.02023
20190904 1.36421 1.36421 1.51803 1.51813 1.51812 1.59048 1.5905 1.59048 1.59048 1.87225 1.87225 1.85116 1.39284 1.57709 1.54269 1.64233 1.73665 1.68722 1.7086 1.74038 1.84435 1.82636 1.39284 1.57709 1.54269 1.64233 1.73665 1.68722 1.7086 1.74038 1.84435 1.82636
20190911 1.33282 1.33282 1.51031 1.51037 1.51038 1.52649 1.52647 1.58904 1.589 1.8456 1.84556 1.84558 1.33674 1.65847 1.72227 1.69565 1.73405 1.69297 1.73759 1.823 1.94241 1.90732 1.33674 1.65847 1.72227 1.69565 1.73405 1.69297 1.73759 1.823 1.94241 1.90732
20190918 1.24582 1.24582 1.5411 1.53942 1.56079 1.5268 1.68356 1.68336 1.68341 1.92036 1.92043 1.92042 1.25616 1.60155 1.72529 1.75872 1.74332 1.76737 1.86773 1.8161 2.00405 1.98638 1.25616 1.60155 1.72529 1.75872 1.74332 1.76737 1.86773 1.8161 2.00405 1.98638
20190925 1.30929 1.30929 1.53219 1.54806 1.5332 1.52911 1.54443 1.53124 1.65528 1.75862 1.73397 1.79642 1.32853 1.60418 1.7511 1.76491 1.75712 1.77409 1.78498 1.81364 1.89408 1.93032 1.32853 1.60418 1.7511 1.76491 1.75712 1.77409 1.78498 1.81364 1.89408 1.93032
20191002 1.2104 1.2104 1.4161 1.41703 1.41087 1.44231 1.46039 1.44864 1.46148 1.70246 1.75356 1.74185 1.21894 1.56701 1.64578 1.71878 1.63875 1.70892 1.72328 1.72856 1.94161 1.84138 1.21894 1.56701 1.64578 1.71878 1.63875 1.70892 1.72328 1.72856 1.94161 1.84138
20191009 1.32915 1.32915 1.54919 1.55111 1.55471 1.58081 1.58749 1.59475 1.66839 1.85113 1.8554 1.85776 1.33358 1.56911 1.72242 1.77114 1.69747 1.67183 1.69336 1.73355 1.89746 1.8917 1.33358 1.56911 1.72242 1.77114 1.69747 1.67183 1.69336 1.73355 1.89746 1.8917
20191016 1.35424 1.35424 1.54496 1.55836 1.54394 1.56305 1.56947 1.60693 1.60055 1.77617 1.7698 1.84763 1.39975 1.56704 1.70675 1.7761 1.83339 1.81831 1.9853 1.97215 2.11734 2.06926 1.39975 1.56704 1.70675 1.7761 1.83339 1.81831 1.9853 1.97215 2.11734 2.06926
20191023 1.25556 1.25556 1.47021 1.50052 1.51049 1.53002 1.58485 1.60166 1.64808 1.79181 1.88179 1.94878 1.26896 1.58919 1.7628 1.7991 1.81783 1.74994 1.76211 1.76278 1.93492 2.0168 1.26896 1.58919 1.7628 1.7991 1.81783 1.74994 1.76211 1.76278 1.93492 2.0168
20191030 1.56219 1.56219 1.746 1.76997 1.7686 1.78234 1.79083 1.8003 1.80558 1.96095 2.03245 2.02903 1.59138 1.8028 1.8616 1.8581 1.89821 1.91359 1.94439 1.99378 2.19658 2.18802 1.59138 1.8028 1.8616 1.8581 1.89821 1.91359 1.94439 1.99378 2.19658 2.18802
20191106 1.45124 1.45124 1.66971 1.6654 1.6992 1.68059 1.71224 1.74614 1.71058 1.84024 1.94024 1.88616 1.48994 1.67681 1.6947 1.73501 1.74659 1.8086 1.95233 2.10232 2.17359 2.14847 1.48994 1.67681 1.6947 1.73501 1.74659 1.8086 1.95233 2.10232 2.17359 2.14847
20191113 1.42111 1.42111 1.64279 1.67212 1.6725 1.63938 1.73064 1.72961 1.71649 1.92413 1.99841 1.98983 1.42233 1.7344 1.81981 1.78656 1.83725 1.81842 1.87944 1.90625 2.09479 2.1498 1.42233 1.7344 1.81981 1.78656 1.83725 1.81842 1.87944 1.90625 2.09479 2.1498
20191120 1.4585 1.4585 1.71655 1.71722 1.73972 1.75696 1.76659 1.76425 1.73047 1.90697 1.90305 1.94993 1.47637 1.71586 1.82583 1.84056 1.87681 1.89981 1.88717 1.89579 2.06996 2.02149 1.47637 1.71586 1.82583 1.84056 1.87681 1.89981 1.88717 1.89579 2.06996 2.02149
20191127 1.48613 1.48613 1.64745 1.66302 1.66717 1.67179 1.66916 1.67679 1.70393 1.9073 1.92383 1.85976 1.47505 1.60843 1.79294 1.79242 1.88249 1.84804 1.88771 1.93987 2.00676 2.07566 1.47505 1.60843 1.79294 1.79242 1.88249 1.84804 1.88771 1.93987 2.00676 2.07566
20191204 1.43036 1.43036 1.63674 1.64151 1.64985 1.6842 1.67732 1.69695 1.72308 1.94722 1.99002 2.02294 1.42722 1.66639 1.77716 1.88062 1.81341 1.86823 1.93947 2.0179 2.14846 2.10097 1.42722 1.66639 1.77716 1.88062 1.81341 1.86823 1.93947 2.0179 2.14846 2.10097
20191211 1.22996 1.22996 1.41143 1.42517 1.41892 1.45182 1.46545 1.46092 1.49351 1.84311 1.83961 1.80823 1.24384 1.52083 1.76044 1.70688 1.70413 1.71447 1.73323 1.70959 1.95913 1.98179 1.24384 1.52083 1.76044 1.70688 1.70413 1.71447 1.73323 1.70959 1.95913 1.98179
20191218 1.26273 1.26273 1.4397 1.45737 1.45539 1.46646 1.54296 1.54225 1.49931 1.75115 1.74848 1.79667 1.26211 1.54843 1.70198 1.69743 1.75695 1.79216 1.84458 1.90811 2.01051 2.07452 1.26211 1.54843 1.70198 1.69743 1.75695 1.79216 1.84458 1.90811 2.01051 2.07452
20191225 1.49538 1.49538 1.72708 1.71592 1.75024 1.74508 1.80033 1.85305 1.80033 1.98196 1.95293 1.96799 1.52705 1.72618 1.75694 1.79069 1.8259 1.87626 1.87563 1.8336 1.96981 2.0378 1.52705 1.72618 1.75694 1.79069 1.8259 1.87626 1.87563 1.8336 1.96981 2.0378
20200101 1.44451 1.44451 1.63755 1.64842 1.6471 1.66757 1.71365 1.705 1.69566 1.90394 1.97583 2.02692 1.44643 1.71752 1.7984 1.82119 1.80673 1.76781 1.78859 1.8428 2.03174 1.99783 1.44643 1.71752 1.7984 1.82119 1.80673 1.76781 1.78859 1.8428 2.03174 1.99783
20200108 1.32377 1.32377 1.60886 1.60672 1.63032 1.62944 1.61973 1.68026 1.64126 1.75587 1.92571 1.94087 1.3467 1.59859 1.7728 1.76119 1.80604 1.79665 1.86864 1.76633 1.87908 1.86367 1.3467 1.59859 1.7728 1.76119 1.80604 1.79665 1.86864 1.76633 1.87908 1.86367
20200115 1.5033 1.5033 1.74564 1.73626 1.76916 1.76355 1.79148 1.77312 1.81129 1.94671 1.94241 1.99456 1.51634 1.75888 1.81864 1.86917 1.83669 1.85571 1.8525 1.88007 1.99902 2.00728 1.51634 1.75888 1.81864 1.86917 1.83669 1.85571 1.8525 1.88007 1.99902 2.00728
20200122 1.48439 1.48439 1.63196 1.63391 1.623 1.64427 1.72519 1.70105 1.71878 1.91928 1.91141 1.98175 1.4902 1.72637 1.77108 1.84771 1.87751 1.78609 1.90298 1.875 2.11559 2.1571 1.4902 1.72637 1.77108 1.84771 1.87751 1.78609 1.90298 1.875 2.11559 2.1571
20200129 1.49318 1.49318 1.71127 1.70877 1.71779 1.71665 1.71866 1.71928 1.71194 1.90687 1.92155 1.92996 1.47913 1.73056 1.86673 1.87522 1.92912 1.87219 1.86124 1.96495 2.14853 2.12374 1.47913 1.73056 1.86673 1.87522 1.92912 1.87219 1.86124 1.96495 2.14853 2.12374
20200205 1.55563 1.55563 1.72148 1.73297 1.75563 1.75166 1.73737 1.83469 1.88097 2.02692 2.00906 1.9823 1.53702 1.66905 1.82084 1.90502 1.97729 1.99731 2.06137 2.05061 2.16404 2.15741 1.53702 1.66905 1.82084 1.90502 1.97729 1.99731 2.06137 2.05061 2.16404 2.15741
20200212 1.65451 1.65451 1.84215 1.84215 1.82336 1.8167 1.85132 1.85746 1.86934 2.0469 2.09936 2.05782 1.649 1.87934 1.90967 1.9545 1.9231 1.90634 1.94962 1.92187 2.09316 2.04674 1.649 1.87934 1.90967 1.9545 1.9231 1.90634 1.94962 1.92187 2.09316 2.04674
20200219 1.48052 1.48052 1.70811 1.72479 1.74997 1.7442 1.75749 1.89066 1.89065 2.0045 2.00452 2.0122 1.75024 1.75702 1.84429 1.85205 1.90544 1.85947 1.91732 1.89483 1.9124 1.94562 1.75024 1.75702 1.84429 1.85205 1.90544 1.85947 1.91732 1.89483 1.9124 1.94562
20200226 1.5439 1.5439 1.91484 1.8903 1.89472 1.91646 1.95076 1.95317 1.92235 1.90894 1.89714 1.98836 1.52788 1.95109 2.04473 2.11488 2.0451 2.14348 2.11288 2.14672 2.09827 2.10797 1.52788 1.95109 2.04473 2.11488 2.0451 2.14348 2.11288 2.14672 2.09827 2.10797
20200304 1.59118 1.59118 1.75772 1.76958 1.76958 1.78681 1.81836 1.83243 1.8074 2.13141 2.1459 2.13391 1.58058 1.87744 1.98181 1.94304 1.92471 1.87221 1.92311 1.9482 2.26363 2.26062 1.58058 1.87744 1.98181 1.94304 1.92471 1.87221 1.92311 1.9482 2.26363 2.26062
20200311 1.53372 1.53372 1.72787 1.69922 1.71181 1.70484 1.79199 1.80931 1.86046 1.92554 2.09258 2.09267 1.5379 1.73025 1.82075 1.83802 1.90876 1.966 1.91667 1.87646 2.0184 2.05151 1.5379 1.73025 1.82075 1.83802 1.90876 1.966 1.91667 1.87646 2.0184 2.05151
20200318 1.61124 1.61124 1.87473 1.87543 1.87543 1.88694 1.9406 1.92383 1.95315 2.06965 2.07155 2.12524 1.65194 1.87048 1.97762 2.01566 2.02644 2.00374 1.9417 1.95065 2.11291 2.14855 1.65194 1.87048 1.97762 2.01566 2.02644 2.00374 1.9417 1.95065 2.11291 2.14855
20200325 1.64078 1.64078 1.91418 1.92053 1.95454 1.96059 1.95956 1.95957 2.04657 2.11366 2.11389 2.11388 1.65615 1.9532 2.00068 2.04834 2.07196 2.10875 2.10409 2.16852 2.27896 2.3259 1.65615 1.9532 2.00068 2.04834 2.07196 2.10875 2.10409 2.16852 2.27896 2.3259
20200401 1.51755 1.51755 1.80317 1.80478 1.84832 1.8483 1.85321 1.85322 1.91807 2.04623 2.10955 2.09182 1.5265 1.89224 1.94872 1.97097 1.9244 1.99348 1.98528 1.95367 2.15214 2.13072 1.5265 1.89224 1.94872 1.97097 1.9244 1.99348 1.98528 1.95367 2.15214 2.13072
20200408 1.49686 1.49686 1.73705 1.73993 1.7417 1.74132 1.75368 1.7558 1.76313 1.9666 1.99377 2.05226 1.58489 1.76268 1.78423 1.92488 1.89942 1.89133 1.95614 1.91478 2.02615 2.03639 1.58489 1.76268 1.78423 1.92488 1.89942 1.89133 1.95614 1.91478 2.02615 2.03639
20200415 1.56922 1.56922 1.76232 1.76955 1.75713 1.7315 1.75024 1.82367 1.83204 1.99115 2.08791 2.01415 1.61923 1.77435 1.89413 1.89727 1.8939 1.966 1.9903 1.91977 2.05708 2.10326 1.61923 1.77435 1.89413 1.89727 1.8939 1.966 1.9903 1.91977 2.05708 2.10326
20200422 1.53569 1.53569 1.77513 1.7863 1.80539 1.78829 1.78067 1.81524 1.84707 1.99889 1.99266 2.00218 1.56724 1.76589 1.89766 1.91621 1.94652 1.89374 1.89362 1.86604 1.98177 2.02465 1.56724 1.76589 1.89766 1.91621 1.94652 1.89374 1.89362 1.86604 1.98177 2.02465
20200513 1.45162 1.45162 1.66596 1.67191 1.70917 1.70562 1.73029 1.72829 1.78085 2.02642 2.01443 2.01224 1.47656 1.71507 1.83156 1.77286 1.84102 1.80336 1.88412 1.83589 2.04825 2.10674 1.47656 1.71507 1.83156 1.77286 1.84102 1.80336 1.88412 1.83589 2.04825 2.10674
20200520 1.50409 1.50409 1.74247 1.77756 1.76709 1.78194 1.77987 1.7685 1.8065 2.05314 2.06501 2.08827 1.55614 1.83978 1.91326 1.82654 1.96111 2.01121 2.01789 1.93815 2.00098 2.03775 1.55614 1.83978 1.91326 1.82654 1.96111 2.01121 2.01789 1.93815 2.00098 2.03775
20200527 1.49382 1.49382 1.68953 1.68063 1.67973 1.69792 1.71366 1.66543 1.73211 1.97425 1.99914 1.97356 1.54332 1.67958 1.72445 1.77067 1.8433 1.82381 1.8891 1.90447 2.07056 2.08441 1.54332 1.67958 1.72445 1.77067 1.8433 1.82381 1.8891 1.90447 2.07056 2.08441
20200603 1.64036 1.64036 1.81872 1.81759 1.8228 1.84481 1.86557 1.87042 1.89103 2.03638 1.99888 2.06219 1.63611 1.84404 1.96681 1.97105 1.99738 1.93666 1.93121 2.00814 2.01077 2.027 1.63611 1.84404 1.96681 1.97105 1.99738 1.93666 1.93121 2.00814 2.01077 2.027
20200610 1.28084 1.28084 1.54986 1.55973 1.56979 1.58949 1.59868 1.59793 1.64722 1.82554 1.81103 1.85732 1.36892 1.61967 1.6123 1.63328 1.63506 1.71327 1.71352 1.75215 1.86642 1.88794 1.36892 1.61967 1.6123 1.63328 1.63506 1.71327 1.71352 1.75215 1.86642 1.88794
20200617 1.47257 1.47257 1.72016 1.72276 1.7216 1.75287 1.74835 1.75309 1.78575 1.93166 1.93128 1.95038 1.50868 1.79827 1.90169 1.82883 1.79078 1.85997 1.83308 1.88797 2.0167 1.99395 1.50868 1.79827 1.90169 1.82883 1.79078 1.85997 1.83308 1.88797 2.0167 1.99395
20200624 1.39663 1.39663 1.62898 1.63007 1.62883 1.63907 1.66954 1.67549 1.63595 1.77257 1.81509 1.81416 1.42827 1.68926 1.78441 1.76847 1.75169 1.72681 1.77572 1.82429 2.03023 1.95937 1.42827 1.68926 1.78441 1.76847 1.75169 1.72681 1.77572 1.82429 2.03023 1.95937
20200701 1.54682 1.54682 1.7783 1.79474 1.83101 1.85162 1.84184 1.84078 1.84434 1.96265 1.95172 1.94673 1.57152 1.77612 1.88121 1.91279 1.98956 1.89051 1.93117 2.06221 2.2114 2.22544 1.57152 1.77612 1.88121 1.91279 1.98956 1.89051 1.93117 2.06221 2.2114 2.22544
20200708 1.57756 1.57756 1.77211 1.77087 1.79484 1.78813 1.81508 1.81507 1.82225 1.93875 2.01726 1.98546 1.62953 1.83304 1.86569 1.84098 1.81837 1.86946 1.90466 1.90146 2.00872 2.11265 1.62953 1.83304 1.86569 1.84098 1.81837 1.86946 1.90466 1.90146 2.00872 2.11265
20200715 1.52431 1.52431 1.74743 1.76275 1.75206 1.75793 1.78107 1.77805 1.76594 1.88681 1.89887 1.92268 1.52003 1.82664 1.88001 1.8064 1.82167 1.8197 1.90353 1.90684 2.01527 1.91806 1.52003 1.82664 1.88001 1.8064 1.82167 1.8197 1.90353 1.90684 2.01527 1.91806
20200722 1.36718 1.36718 1.61457 1.6106 1.61845 1.62923 1.68487 1.67912 1.65286 1.91691 1.90351 1.96848 1.39858 1.61243 1.69253 1.73349 1.7255 1.72521 1.77213 1.79386 1.93127 1.96012 1.39858 1.61243 1.69253 1.73349 1.7255 1.72521 1.77213 1.79386 1.93127 1.96012
20200729 1.39491 1.39491 1.63194 1.64932 1.63763 1.65752 1.66781 1.69057 1.68609 1.82108 1.85011 1.81761 1.45734 1.63348 1.68792 1.66075 1.66784 1.69516 1.76061 1.84257 1.94939 1.94778 1.45734 1.63348 1.68792 1.66075 1.66784 1.69516 1.76061 1.84257 1.94939 1.94778
20230131 1.41561 1.41561 1.66897 1.68242 1.69728 1.63276 1.70133 1.71176 1.87239 1.87239 2.0479 2.0479 1.66165 1.70518 1.71114 1.70097 1.66655 1.64302 1.65257 1.88247 1.90936 1.83566 1.66165 1.70518 1.71114 1.70097 1.66655 1.64302 1.65257 1.88247 1.90936 1.83566
20230228 1.33759 1.33759 1.56033 1.55667 1.58639 1.59663 1.60475 1.64388 1.84918 1.85084 1.88092 1.8926 1.53942 1.58819 1.68984 1.75193 1.67876 1.64273 1.74914 2.00937 2.03922 2.06914 1.53942 1.58819 1.68984 1.75193 1.67876 1.64273 1.74914 2.00937 2.03922 2.06914
20230310 1.60344 1.60344 1.69549 1.69292 1.98569 1.98868 1.97065 1.99867 2.06553 2.05687 2.05965 2.25777 1.68905 1.80538 1.83616 2.04727 2.08633 2.11482 2.12669 2.13751 2.10859 2.15227 1.68905 1.80538 1.83616 2.04727 2.08633 2.11482 2.12669 2.13751 2.10859 2.15227
20230311 1.40977 1.40977 1.52859 1.52802 1.54047 1.78597 1.83656 1.84725 1.94234 1.8527 1.87045 1.92936 1.5258 1.62657 1.77832 1.71996 1.92313 1.94346 2.00926 1.98729 2.04371 2.06113 1.5258 1.62657 1.77832 1.71996 1.92313 1.94346 2.00926 1.98729 2.04371 2.06113
20230312 1.4738 1.4738 1.59855 1.59873 1.58323 1.58637 1.83004 1.80719 1.87572 1.93363 1.91866 1.89463 1.59757 1.56999 1.73725 1.78362 1.7308 1.97201 1.97715 2.00681 1.9516 2.0005 1.59757 1.56999 1.73725 1.78362 1.7308 1.97201 1.97715 2.00681 1.9516 2.0005
20230313 1.53414 1.53414 1.75925 1.74923 1.75413 1.74993 1.77746 2.01061 1.98656 2.00744 2.03646 2.07441 1.74685 1.78251 1.78243 1.83039 1.85543 1.79925 2.05579 2.05803 2.05342 1.9816 1.74685 1.78251 1.78243 1.83039 1.85543 1.79925 2.05579 2.05803 2.05342 1.9816
20230314 1.47752 1.47752 1.77108 1.77889 1.78042 1.76604 1.76784 1.85106 2.1171 2.06631 2.10825 2.10626 1.77237 1.84035 1.90754 1.80952 1.88933 1.8953 1.85176 2.06325 2.06695 2.05927 1.77237 1.84035 1.90754 1.80952 1.88933 1.8953 1.85176 2.06325 2.06695 2.05927
20230315 1.50665 1.50665 1.78 1.78364 1.80095 1.82808 1.85477 1.82803 1.84216 2.17693 2.13448 2.2218 1.57043 1.8414 1.98169 1.93557 1.85806 1.89429 1.92732 1.84376 1.98435 2.02518 1.57043 1.8414 1.98169 1.93557 1.85806 1.89429 1.92732 1.84376 1.98435 2.02518
20230316 1.99877 1.99877 2.06753 2.02735 2.02312 1.97535 1.98479 1.95857 2.0715 2.22977 2.37043 2.26242 2.06393 2.00697 2.25654 2.28154 2.11956 2.27132 2.16638 2.31997 2.00049 2.25856 2.06393 2.00697 2.25654 2.28154 2.11956 2.27132 2.16638 2.31997 2.00049 2.25856
20230317 2.02982 2.02982 2.04859 2.06469 2.14808 2.03221 2.33883 2.43611 2.37368 2.34309 1.99406 2.50792 2.04859 1.98807 1.82806 1.83584 1.8601 1.61031 2.08595 1.96869 2.02865 2.22454 2.04859 1.98807 1.82806 1.83584 1.8601 1.61031 2.08595 1.96869 2.02865 2.22454
20230318 2.36414 2.36414 2.27212 2.27213 2.35569 2.62622 2.36535 2.36216 2.3905 2.60084 2.78436 2.45441 2.27213 2.38197 2.41492 2.10351 2.11422 2.16366 2.16437 2.62244 2.59344 2.71161 2.27213 2.38197 2.41492 2.10351 2.11422 2.16366 2.16437 2.62244 2.59344 2.71161
20230319 2.23982 2.23982 2.17906 2.17905 2.17908 2.04166 2.28649 2.46015 2.42711 2.70287 2.43018 2.59711 2.17906 2.33313 2.38146 2.39799 2.36001 2.5504 2.39334 2.25103 2.44225 2.34536 2.17906 2.33313 2.38146 2.39799 2.36001 2.5504 2.39334 2.25103 2.44225 2.34536
20230320 2.69427 2.69427 2.70825 2.70824 2.70824 2.70826 2.56359 2.73443 3.18606 3.07569 3.71739 3.5088 2.67549 2.89534 2.85192 3.06846 2.964 2.96428 3.02102 3.05593 2.71472 2.63216 2.67549 2.89534 2.85192 3.06846 2.964 2.96428 3.02102 3.05593 2.71472 2.63216
20230321 1.69435 1.69435 1.95134 1.99683 1.99683 1.99683 1.99683 2.02987 2.18488 2.22294 2.24951 2.36298 1.94394 2.02942 2.08725 2.11469 2.18293 2.18452 2.15998 2.38162 2.41307 2.33188 1.94394 2.02942 2.08725 2.11469 2.18293 2.18452 2.15998 2.38162 2.41307 2.33188
20230322 1.50688 1.50688 1.83057 1.83764 1.94889 1.94888 1.94889 1.94889 1.9872 2.16471 2.16362 2.11404 1.56332 1.89235 1.98373 2.02976 2.07532 2.13752 2.08316 2.06602 2.3399 2.38581 1.56332 1.89235 1.98373 2.02976 2.07532 2.13752 2.08316 2.06602 2.3399 2.38581
20230323 1.58462 1.58462 1.63391 1.93079 1.94689 1.97324 1.97324 1.97324 1.97324 2.00198 2.13396 2.11712 1.62374 1.66144 2.01238 2.08665 2.09311 2.15131 2.12302 2.10007 2.06008 2.30839 1.62374 1.66144 2.01238 2.08665 2.09311 2.15131 2.12302 2.10007 2.06008 2.30839
20230324 1.61822 1.61822 1.74359 1.74079 1.97734 1.96864 2.05705 2.05705 2.05706 2.05706 2.0556 2.25337 1.73469 1.72511 1.84463 2.188 2.19775 2.17571 2.19671 2.09443 2.09391 2.04233 1.73469 1.72511 1.84463 2.188 2.19775 2.17571 2.19671 2.09443 2.09391 2.04233
20230325 1.54868 1.54868 1.70175 1.69871 1.68638 1.86317 1.86332 1.99635 1.99635 1.99637 1.99635 2.03204 1.69719 1.7533 1.77776 1.81936 2.12537 2.13072 2.10868 2.16857 2.06219 2.16116 1.69719 1.7533 1.77776 1.81936 2.12537 2.13072 2.10868 2.16857 2.06219 2.16116
20230326 1.53988 1.53988 1.79471 1.79291 1.80439 1.83957 1.99259 1.97767 2.14051 2.14052 2.1405 2.14054 1.77514 1.77126 1.89977 1.83606 1.87365 2.18619 2.20718 2.1531 2.12512 2.13696 1.77514 1.77126 1.89977 1.83606 1.87365 2.18619 2.20718 2.1531 2.12512 2.13696
20230327 1.54407 1.54407 1.73468 1.7325 1.75485 1.7983 1.81225 2.05025 2.07517 2.13941 2.13943 2.13941 1.72437 1.77699 1.92635 1.95822 1.91415 1.96843 2.18511 2.17579 2.12869 2.04281 1.72437 1.77699 1.92635 1.95822 1.91415 1.96843 2.18511 2.17579 2.12869 2.04281
20230328 1.57847 1.57847 1.79084 1.79954 1.80224 1.81193 1.83458 1.84639 2.15019 2.16785 2.15134 2.15134 1.77634 1.72364 1.89199 1.9701 1.96292 1.9719 1.94104 2.07987 2.11439 2.1042 1.77634 1.72364 1.89199 1.9701 1.96292 1.9719 1.94104 2.07987 2.11439 2.1042
20230329 1.63625 1.63625 1.87265 1.88583 1.89506 1.89305 1.91127 1.91533 1.93907 2.21558 2.23971 2.2456 1.64626 1.88992 1.94 2.01953 2.05883 2.09175 2.05677 1.96131 2.01906 2.13922 1.64626 1.88992 1.94 2.01953 2.05883 2.09175 2.05677 1.96131 2.01906 2.13922
20230330 1.57878 1.57878 1.65687 1.8634 1.88991 1.90815 1.90816 1.94512 1.97024 1.9511 2.16132 2.15673 1.64312 1.64172 1.95004 1.9985 1.96534 1.9983 2.06165 1.97142 1.95649 2.05928 1.64312 1.64172 1.95004 1.9985 1.96534 1.9983 2.06165 1.97142 1.95649 2.05928
20230331 1.50599 1.50599 1.62481 1.61713 1.91082 1.93213 1.95783 1.91449 1.97348 1.96722 1.99027 2.2033 1.61193 1.65467 1.72658 2.03839 1.99669 1.94868 1.98801 2.01421 1.92299 1.99741 1.61193 1.65467 1.72658 2.03839 1.99669 1.94868 1.98801 2.01421 1.92299 1.99741
20230401 1.50314 1.50314 1.70498 1.71882 1.71194 1.96342 1.97239 1.98521 1.99314 1.99823 2.02815 2.09746 1.70434 1.72589 1.8217 1.83825 2.00438 1.9932 1.95127 2.02336 2.02395 1.97198 1.70434 1.72589 1.8217 1.83825 2.00438 1.9932 1.95127 2.02336 2.02395 1.97198
20230402 1.48524 1.48524 1.72464 1.74042 1.7293 1.72358 1.9476 2.00091 2.02924 2.05587 2.11288 2.09748 1.70376 1.76183 1.88243 1.95703 1.89 1.98811 1.99992 2.06498 2.11021 2.07955 1.70376 1.76183 1.88243 1.95703 1.89 1.98811 1.99992 2.06498 2.11021 2.07955
20230403 1.4864 1.4864 1.69828 1.70851 1.72993 1.74649 1.76495 1.95906 2.00327 2.04718 2.02149 2.06579 1.69381 1.78923 1.83876 1.89953 1.89783 1.82936 1.94844 1.97394 2.02382 2.07135 1.69381 1.78923 1.83876 1.89953 1.89783 1.82936 1.94844 1.97394 2.02382 2.07135
20230404 1.44865 1.44865 1.6834 1.70162 1.71971 1.74045 1.76003 1.78633 1.98167 2.02371 1.92851 2.02958 1.67699 1.7105 1.8283 1.85027 1.8423 1.87363 1.82042 2.06696 2.09037 2.06026 1.67699 1.7105 1.8283 1.85027 1.8423 1.87363 1.82042 2.06696 2.09037 2.06026
20230405 1.52812 1.52812 1.85264 1.84047 1.85896 1.87533 1.89505 1.87863 1.87009 2.07897 2.14518 2.07206 1.5993 1.778 1.89636 1.92919 1.93935 1.94412 2.01833 1.99481 2.16639 2.16759 1.5993 1.778 1.89636 1.92919 1.93935 1.94412 2.01833 1.99481 2.16639 2.16759
20230406 1.55052 1.55052 1.6625 1.83825 1.85665 1.87374 1.88081 1.86112 1.90522 1.84599 2.0856 2.19001 1.64903 1.71263 1.90819 1.99871 1.95319 2.00966 2.03256 2.08194 2.03481 2.15432 1.64903 1.71263 1.90819 1.99871 1.95319 2.00966 2.03256 2.08194 2.03481 2.15432
20230407 1.5226 1.5226 1.6451 1.65013 1.92555 1.93596 1.93872 2.00904 1.95597 2.02008 1.94796 2.17954 1.63212 1.68708 1.82591 2.00467 1.94369 1.93588 2.03643 2.02609 2.0395 2.04677 1.63212 1.68708 1.82591 2.00467 1.94369 1.93588 2.03643 2.02609 2.0395 2.04677
20230408 1.45179 1.45179 1.5956 1.61322 1.62819 1.86038 1.89449 1.98286 1.97928 1.98354 2.04817 1.98857 1.58576 1.61106 1.78971 1.82829 1.99255 1.90669 1.93228 2.0005 2.04447 2.12724 1.58576 1.61106 1.78971 1.82829 1.99255 1.90669 1.93228 2.0005 2.04447 2.12724
20230409 1.44385 1.44385 1.70241 1.69467 1.67064 1.671 2.04987 1.96292 2.05909 2.1153 2.12185 2.1657 1.6722 1.68543 1.71689 1.85659 1.8531 2.02492 1.96733 2.00087 2.07236 2.10972 1.6722 1.68543 1.71689 1.85659 1.8531 2.02492 1.96733 2.00087 2.07236 2.10972
20230410 1.46555 1.46555 1.70815 1.70365 1.71543 1.72223 1.77197 2.021 2.08884 2.12022 2.2125 2.18086 1.70701 1.72924 1.82532 1.86056 1.97836 1.95439 2.10807 2.08118 2.16341 2.22463 1.70701 1.72924 1.82532 1.86056 1.97836 1.95439 2.10807 2.08118 2.16341 2.22463
20230411 1.59883 1.59883 1.85698 1.8576 1.86804 1.87537 1.86009 1.86718 2.10212 2.11557 2.13291 2.18778 1.85447 1.78614 1.83646 1.9147 1.90263 1.98011 1.92667 2.04883 2.07955 2.14414 1.85447 1.78614 1.83646 1.9147 1.90263 1.98011 1.92667 2.04883 2.07955 2.14414
20230412 1.52239 1.52239 1.8332 1.84202 1.83724 1.83339 1.85774 1.88224 1.87172 2.08007 2.05181 2.14999 1.5752 1.85879 1.84945 1.86519 1.86258 1.86678 1.86919 1.88837 2.06097 2.07888 1.5752 1.85879 1.84945 1.86519 1.86258 1.86678 1.86919 1.88837 2.06097 2.07888
20230413 1.42241 1.42241 1.49884 1.77849 1.79728 1.79934 1.79916 1.81393 1.87139 1.91184 2.10671 2.05497 1.48358 1.566 1.92599 1.84416 1.85977 1.86132 1.87323 1.83727 1.92748 2.14031 1.48358 1.566 1.92599 1.84416 1.85977 1.86132 1.87323 1.83727 1.92748 2.14031
20230414 1.44109 1.44109 1.52617 1.52024 1.81444 1.81562 1.80336 1.81616 1.85512 1.86233 1.91418 2.10441 1.51091 1.52702 1.64003 1.9244 1.85314 1.83158 1.82371 1.78829 1.76747 1.88355 1.51091 1.52702 1.64003 1.9244 1.85314 1.83158 1.82371 1.78829 1.76747 1.88355
20230415 1.40287 1.40287 1.54995 1.54514 1.54259 1.79946 1.8266 1.81555 1.78499 1.83004 1.83312 1.86109 1.54812 1.62097 1.63062 1.63903 1.90444 1.87194 1.80889 1.81046 1.80772 1.78265 1.54812 1.62097 1.63062 1.63903 1.90444 1.87194 1.80889 1.81046 1.80772 1.78265
20230416 1.41564 1.41564 1.67201 1.67671 1.67674 1.68171 1.90771 1.91495 1.96556 1.93816 2.02457 1.98143 1.65862 1.72549 1.76591 1.69797 1.77072 2.01618 1.96722 1.91391 1.9429 1.98812 1.65862 1.72549 1.76591 1.69797 1.77072 2.01618 1.96722 1.91391 1.9429 1.98812
20230417 1.51421 1.51421 1.7483 1.73332 1.75659 1.76128 1.72839 1.90812 1.89704 1.94282 1.93717 2.02321 1.73998 1.71893 1.83588 1.85914 1.82696 1.86526 2.03441 2.00831 2.04311 2.07145 1.73998 1.71893 1.83588 1.85914 1.82696 1.86526 2.03441 2.00831 2.04311 2.07145
20230418 1.43187 1.43187 1.65645 1.6724 1.67615 1.68132 1.70782 1.74229 1.7945 1.86013 1.85265 1.86882 1.6451 1.72273 1.80828 1.84888 1.86704 1.83674 1.82483 1.9389 2.01211 1.99992 1.6451 1.72273 1.80828 1.84888 1.86704 1.83674 1.82483 1.9389 2.01211 1.99992
20230419 1.50031 1.50031 1.77281 1.75469 1.75858 1.77437 1.79619 1.75373 1.81505 1.99006 1.98757 1.97636 1.51318 1.7965 1.85415 1.99155 1.9675 1.90589 1.94406 1.90692 2.04804 2.11232 1.51318 1.7965 1.85415 1.99155 1.9675 1.90589 1.94406 1.90692 2.04804 2.11232
20230420 1.45887 1.45887 1.53594 1.84868 1.87017 1.87751 1.8678 1.91549 1.88638 1.91733 2.16232 2.15233 1.53627 1.61603 2.03445 2.05052 2.14332 2.05371 2.02384 2.04667 2.05477 2.20271 1.53627 1.61603 2.03445 2.05052 2.14332 2.05371 2.02384 2.04667 2.05477 2.20271
20230421 1.48694 1.48694 1.6077 1.60172 1.88641 1.89961 1.95069 1.90046 1.988 1.96393 1.96362 2.15339 1.60561 1.57532 1.71012 2.02099 2.12239 2.10838 2.07725 2.11238 2.08743 2.0716 1.60561 1.57532 1.71012 2.02099 2.12239 2.10838 2.07725 2.11238 2.08743 2.0716
20230422 1.46923 1.46923 1.65423 1.64191 1.64519 1.90176 1.91434 1.94764 1.93871 1.97407 1.99073 1.98789 1.64555 1.67351 1.76876 1.89032 2.07326 2.16983 2.1153 2.1896 2.21249 2.15484 1.64555 1.67351 1.76876 1.89032 2.07326 2.16983 2.1153 2.1896 2.21249 2.15484
20230423 1.50526 1.50526 1.67957 1.70908 1.72433 1.74111 1.94847 1.95514 1.99242 1.99357 2.0615 2.04402 1.67506 1.75287 1.82517 1.86482 1.92022 2.24774 2.2796 2.21309 2.2796 2.29083 1.67506 1.75287 1.82517 1.86482 1.92022 2.24774 2.2796 2.21309 2.2796 2.29083
20230424 1.44521 1.44521 1.67503 1.67971 1.69561 1.71453 1.725 1.9077 1.99581 1.93036 1.96657 2.02009 1.67688 1.66929 1.78856 1.80722 1.80145 1.8861 2.1809 2.23522 2.1734 2.19563 1.67688 1.66929 1.78856 1.80722 1.80145 1.8861 2.1809 2.23522 2.1734 2.19563
20230425 1.50247 1.50247 1.73364 1.73856 1.73327 1.72874 1.72907 1.7583 1.99157 2.00019 2.02171 1.97403 1.71901 1.68558 1.71725 1.78607 1.80888 1.81806 1.95281 2.16428 2.22843 2.19993 1.71901 1.68558 1.71725 1.78607 1.80888 1.81806 1.95281 2.16428 2.22843 2.19993
20230426 1.53081 1.53081 1.77253 1.78531 1.80379 1.80417 1.80248 1.83063 1.87667 2.06045 2.01456 2.06649 1.5814 1.84886 1.8537 1.81494 1.847 1.87392 1.93566 2.02489 2.23457 2.22124 1.5814 1.84886 1.8537 1.81494 1.847 1.87392 1.93566 2.02489 2.23457 2.22124
20230427 1.56603 1.56603 1.65979 1.94776 1.94736 1.94311 1.95642 1.93883 1.9783 1.96152 2.13796 2.11314 1.64641 1.6203 1.97694 1.87214 1.9121 1.99102 2.01399 1.9851 2.05347 2.30491 1.64641 1.6203 1.97694 1.87214 1.9121 1.99102 2.01399 1.9851 2.05347 2.30491
20230428 1.42278 1.42278 1.56509 1.57736 1.85291 1.84635 1.89307 1.94572 1.98826 1.91581 2.03372 2.04952 1.55551 1.68025 1.68632 1.99032 1.93737 1.99485 2.01315 1.99335 1.97693 2.0505 1.55551 1.68025 1.68632 1.99032 1.93737 1.99485 2.01315 1.99335 1.97693 2.0505
20230429 1.45798 1.45798 1.65417 1.65944 1.67253 1.87908 1.87109 1.90792 1.90012 1.95748 1.92999 1.99688 1.63729 1.65179 1.81085 1.7653 1.96507 2.02771 2.02031 2.03725 1.96721 1.99434 1.63729 1.65179 1.81085 1.7653 1.96507 2.02771 2.02031 2.03725 1.96721 1.99434
20230430 1.40604 1.40604 1.63699 1.62631 1.65816 1.6302 1.87582 1.88554 1.96534 1.94718 2.00719 2.05373 1.63445 1.67981 1.7916 1.89091 1.81408 1.95304 2.045 2.01701 2.02306 2.00672 1.63445 1.67981 1.7916 1.89091 1.81408 1.95304 2.045 2.01701 2.02306 2.00672
20230501 1.45141 1.45141 1.67796 1.6643 1.6922 1.67993 1.70475 1.8249 1.84875 1.83335 1.92764 1.96326 1.6681 1.66496 1.74683 1.78087 1.87291 1.8014 1.94943 2.0057 2.01908 1.98644 1.6681 1.66496 1.74683 1.78087 1.87291 1.8014 1.94943 2.0057 2.01908 1.98644
20230502 1.52153 1.52153 1.74556 1.72927 1.74126 1.75313 1.75695 1.7775 1.928 1.90248 1.95204 1.99593 1.74022 1.71156 1.7327 1.81619 1.7928 1.85162 1.78081 2.00143 2.0673 2.06292 1.74022 1.71156 1.7327 1.81619 1.7928 1.85162 1.78081 2.00143 2.0673 2.06292
