20190306 0.0233268 0.0233268 0.0287406 0.0288571 0.0289835 0.0291612 0.0291615 0.0291622 0.0291623 0.0345958 0.0351071 0.0351127 0.0248287 0.0292306 0.0298487 0.0312571 0.0326219 0.0333963 0.0336747 0.034271 0.038696 0.0365261 0.0248287 0.0292306 0.0298487 0.0312571 0.0326219 0.0333963 0.0336747 0.034271 0.038696 0.0365261
20190313 0.0221395 0.0221395 0.0302935 0.0303319 0.0304122 0.0304123 0.0311565 0.0317587 0.0311828 0.0310533 0.0307762 0.031385 0.0220013 0.0297031 0.0311317 0.0299062 0.030849 0.0332323 0.0339719 0.0339176 0.0358385 0.0358441 0.0220013 0.0297031 0.0311317 0.0299062 0.030849 0.0332323 0.0339719 0.0339176 0.0358385 0.0358441
20190320 0.0217587 0.0217587 0.0282693 0.0283781 0.028452 0.0284561 0.02892 0.0284572 0.0280937 0.0341334 0.0342157 0.0356335 0.0226751 0.0287214 0.0305899 0.0305295 0.0301516 0.0295232 0.0311429 0.0328649 0.0374694 0.0375596 0.0226751 0.0287214 0.0305899 0.0305295 0.0301516 0.0295232 0.0311429 0.0328649 0.0374694 0.0375596
20190327 0.0179867 0.0179867 0.0229995 0.0230287 0.023171 0.0234534 0.0233814 0.0237553 0.0240518 0.0278292 0.0276541 0.0280114 0.0186301 0.0227785 0.0244264 0.0257836 0.0268836 0.0276873 0.0281617 0.0281999 0.0314348 0.0328731 0.0186301 0.0227785 0.0244264 0.0257836 0.0268836 0.0276873 0.0281617 0.0281999 0.0314348 0.0328731
20190403 0.0205642 0.0205642 0.0252365 0.0254587 0.0255651 0.026053 0.0258818 0.0267897 0.0275645 0.0321344 0.0312874 0.0319423 0.0209872 0.026271 0.0272277 0.0267087 0.026001 0.0274394 0.0273056 0.0282083 0.0338239 0.0369917 0.0209872 0.026271 0.0272277 0.0267087 0.026001 0.0274394 0.0273056 0.0282083 0.0338239 0.0369917
20190410 0.0290816 0.0290816 0.0338827 0.0340206 0.0341519 0.0343027 0.0340961 0.0336845 0.033794 0.0376692 0.0375811 0.0376898 0.0291668 0.0326808 0.031629 0.0339076 0.0365182 0.0383152 0.0395906 0.0397168 0.0409988 0.0401754 0.0291668 0.0326808 0.031629 0.0339076 0.0365182 0.0383152 0.0395906 0.0397168 0.0409988 0.0401754
20190417 0.0212424 0.0212424 0.0276987 0.0277514 0.0279126 0.027738 0.0280091 0.0284328 0.0283114 0.0312941 0.0317925 0.0310242 0.022668 0.027913 0.0289232 0.0299637 0.0324065 0.0331369 0.0334553 0.0333774 0.0368587 0.0357024 0.022668 0.027913 0.0289232 0.0299637 0.0324065 0.0331369 0.0334553 0.0333774 0.0368587 0.0357024
20190424 0.0211994 0.0211994 0.0298934 0.0299205 0.0297246 0.0294845 0.0297767 0.0298838 0.030639 0.0373766 0.0379512 0.0366252 0.0231337 0.032273 0.0352825 0.0368859 0.0366494 0.0359938 0.0348891 0.0360313 0.0393146 0.0388174 0.0231337 0.032273 0.0352825 0.0368859 0.0366494 0.0359938 0.0348891 0.0360313 0.0393146 0.0388174
20190501 0.0220092 0.0220092 0.0306709 0.0307634 0.0308055 0.0307642 0.0309466 0.0305595 0.0309683 0.0380055 0.037381 0.0379938 0.0234863 0.030819 0.0321133 0.0332181 0.032334 0.0322566 0.0321365 0.030395 0.0365649 0.0366988 0.0234863 0.030819 0.0321133 0.0332181 0.032334 0.0322566 0.0321365 0.030395 0.0365649 0.0366988
20190508 0.0245828 0.0245828 0.0313656 0.031477 0.0314211 0.0315552 0.0319176 0.0320734 0.0315238 0.0356696 0.0356875 0.0356731 0.0250384 0.0312605 0.0307839 0.0290372 0.0289038 0.0307727 0.0308563 0.0305535 0.0342165 0.0347839 0.0250384 0.0312605 0.0307839 0.0290372 0.0289038 0.0307727 0.0308563 0.0305535 0.0342165 0.0347839
20190515 0.0241514 0.0241514 0.033756 0.033756 0.0339512 0.0340746 0.0347006 0.0347004 0.0352848 0.039138 0.0393903 0.0396746 0.0248201 0.0330984 0.0327069 0.0335356 0.0337051 0.0350701 0.0349237 0.0353444 0.0411571 0.0421904 0.0248201 0.0330984 0.0327069 0.0335356 0.0337051 0.0350701 0.0349237 0.0353444 0.0411571 0.0421904
20190522 0.0204661 0.0204661 0.0258464 0.0260027 0.026071 0.0259716 0.0261904 0.0261904 0.0263634 0.0322874 0.0322873 0.0328014 0.0212398 0.0257062 0.0275739 0.0283412 0.0285986 0.0287471 0.0284875 0.0286719 0.0331196 0.0324935 0.0212398 0.0257062 0.0275739 0.0283412 0.0285986 0.0287471 0.0284875 0.0286719 0.0331196 0.0324935
20190529 0.0217105 0.0217105 0.0298892 0.0298889 0.0300689 0.0299782 0.0306423 0.0306411 0.0310424 0.0389797 0.0392453 0.0399315 0.0215989 0.0305289 0.0307468 0.0317229 0.0316684 0.0318353 0.032608 0.0359886 0.0410094 0.0376381 0.0215989 0.0305289 0.0307468 0.0317229 0.0316684 0.0318353 0.032608 0.0359886 0.0410094 0.0376381
20190605 0.0190966 0.0190966 0.0290277 0.0289641 0.0293704 0.0305571 0.0305571 0.030557 0.0305573 0.0365801 0.0365801 0.0368419 0.0197437 0.0293956 0.0301199 0.0308347 0.0336205 0.0339398 0.0302162 0.0300734 0.0353223 0.0363859 0.0197437 0.0293956 0.0301199 0.0308347 0.0336205 0.0339398 0.0302162 0.0300734 0.0353223 0.0363859
20190612 0.0183993 0.0183993 0.0256257 0.0255648 0.0256517 0.0258852 0.0262288 0.0262296 0.027222 0.0298114 0.0296831 0.029874 0.019329 0.0249407 0.0236922 0.0242598 0.0240378 0.0243516 0.0252543 0.0275397 0.0320573 0.0314774 0.019329 0.0249407 0.0236922 0.0242598 0.0240378 0.0243516 0.0252543 0.0275397 0.0320573 0.0314774
20190619 0.0198822 0.0198822 0.0284143 0.0288932 0.0288931 0.028693 0.0290987 0.0290985 0.0289535 0.0320206 0.0322157 0.0327702 0.0201288 0.0285965 0.0293385 0.0296761 0.0302159 0.0298498 0.0299596 0.0304526 0.0344654 0.0342389 0.0201288 0.0285965 0.0293385 0.0296761 0.0302159 0.0298498 0.0299596 0.0304526 0.0344654 0.0342389
20190626 0.0198283 0.0198283 0.0258764 0.0258764 0.0257994 0.0258539 0.0258117 0.0258118 0.0258146 0.033862 0.0337385 0.0337384 0.020458 0.0261109 0.0264354 0.0263868 0.0292048 0.0304994 0.0296733 0.0299211 0.0353471 0.0349846 0.020458 0.0261109 0.0264354 0.0263868 0.0292048 0.0304994 0.0296733 0.0299211 0.0353471 0.0349846
20190703 0.017619 0.017619 0.025577 0.0256925 0.0257657 0.0256293 0.0263304 0.0260331 0.0260345 0.0335774 0.0335778 0.0332821 0.017922 0.025078 0.0263484 0.0275119 0.0277276 0.027346 0.0273191 0.0260706 0.0342317 0.0366086 0.017922 0.025078 0.0263484 0.0275119 0.0277276 0.027346 0.0273191 0.0260706 0.0342317 0.0366086
20190710 0.0169906 0.0169906 0.0241086 0.0242949 0.0244226 0.0242946 0.0245456 0.0245877 0.0242996 0.0305115 0.0299884 0.0308814 0.0170333 0.0251672 0.0271362 0.0267463 0.027124 0.0292339 0.0296292 0.0289917 0.0345834 0.0351116 0.0170333 0.0251672 0.0271362 0.0267463 0.027124 0.0292339 0.0296292 0.0289917 0.0345834 0.0351116
20190717 0.01834 0.01834 0.0247023 0.0247024 0.0250587 0.0249286 0.0248915 0.0250777 0.0248013 0.0267843 0.0264782 0.026529 0.0191858 0.0245899 0.0251623 0.0240306 0.0247888 0.0265798 0.02758 0.027946 0.0317018 0.0326388 0.0191858 0.0245899 0.0251623 0.0240306 0.0247888 0.0265798 0.02758 0.027946 0.0317018 0.0326388
20190724 0.0172914 0.0172914 0.022407 0.0225162 0.022534 0.0226133 0.0230998 0.0233258 0.0231205 0.0284473 0.0284474 0.0285425 0.0178079 0.0234515 0.0257566 0.0250461 0.0245341 0.0251645 0.0263043 0.0272308 0.0296664 0.0304669 0.0178079 0.0234515 0.0257566 0.0250461 0.0245341 0.0251645 0.0263043 0.0272308 0.0296664 0.0304669
20190731 0.0178125 0.0178125 0.022065 0.022008 0.0219622 0.0218957 0.0221601 0.0222473 0.0225452 0.0267993 0.0274919 0.0276042 0.0183463 0.0229352 0.0257472 0.0248729 0.0240726 0.0255098 0.0267589 0.0259965 0.0304006 0.0340876 0.0183463 0.0229352 0.0257472 0.0248729 0.0240726 0.0255098 0.0267589 0.0259965 0.0304006 0.0340876
20190805 0.016123 0.016123 0.022365 0.022458 0.0224914 0.0224761 0.0221383 0.026398 0.0267564 0.0265005 0.0266734 0.0265084 0.0222692 0.0237287 0.0247257 0.0258662 0.0269512 0.0281443 0.0326184 0.0339579 0.0335119 0.0336445 0.0222692 0.0237287 0.0247257 0.0258662 0.0269512 0.0281443 0.0326184 0.0339579 0.0335119 0.0336445
20190807 0.018196 0.018196 0.0256658 0.0254293 0.0257598 0.0257524 0.0270232 0.0271524 0.0268545 0.0299735 0.0302217 0.0296173 0.0187196 0.0266827 0.0260685 0.0273377 0.0252095 0.0240189 0.0234562 0.0267921 0.0329988 0.0333867 0.0187196 0.0266827 0.0260685 0.0273377 0.0252095 0.0240189 0.0234562 0.0267921 0.0329988 0.0333867
20190812 0.0196158 0.0196158 0.024448 0.0244688 0.0244688 0.0244689 0.0248943 0.0294939 0.0301815 0.0299128 0.0305787 0.0311823 0.0244201 0.0256727 0.0285598 0.0266478 0.0258209 0.0278432 0.035027 0.0327154 0.0313237 0.0323218 0.0244201 0.0256727 0.0285598 0.0266478 0.0258209 0.0278432 0.035027 0.0327154 0.0313237 0.0323218
20190814 0.0164766 0.0164766 0.0213376 0.0213655 0.0214684 0.0218612 0.0218611 0.0218613 0.0220088 0.0263163 0.0267242 0.0265278 0.0169705 0.0215706 0.0238915 0.0242463 0.0234127 0.0253493 0.0263006 0.0277778 0.0314812 0.0316664 0.0169705 0.0215706 0.0238915 0.0242463 0.0234127 0.0253493 0.0263006 0.0277778 0.0314812 0.0316664
20190821 0.0175705 0.0175705 0.0232775 0.0232358 0.023311 0.0235551 0.0240985 0.0241014 0.024101 0.0255459 0.0260379 0.0260247 0.0179302 0.0237041 0.0234525 0.0225491 0.0226987 0.0247153 0.026622 0.0285674 0.0320176 0.0345973 0.0179302 0.0237041 0.0234525 0.0225491 0.0226987 0.0247153 0.026622 0.0285674 0.0320176 0.0345973
20190828 0.0153981 0.0153981 0.0208942 0.0208942 0.0208102 0.0208256 0.0213757 0.0212002 0.0215912 0.0268558 0.0269809 0.0272143 0.0157566 0.0222079 0.0219142 0.0215866 0.0218569 0.0234343 0.0250252 0.0250775 0.0276982 0.0277741 0.0157566 0.0222079 0.0219142 0.0215866 0.0218569 0.0234343 0.0250252 0.0250775 0.0276982 0.0277741
20190904 0.0163264 0.0163264 0.0223348 0.02234 0.02234 0.0226582 0.0226583 0.0226579 0.0226575 0.0240284 0.0240292 0.0241818 0.0171233 0.022632 0.0232521 0.023475 0.0239172 0.0246764 0.0254291 0.0257394 0.026439 0.027257 0.0171233 0.022632 0.0232521 0.023475 0.0239172 0.0246764 0.0254291 0.0257394 0.026439 0.027257
20190911 0.0202628 0.0202628 0.0266246 0.0266286 0.0266289 0.0262668 0.0262666 0.0273882 0.0273849 0.0323039 0.0323028 0.0323026 0.0207115 0.0297201 0.031748 0.0321866 0.030654 0.0303276 0.0312514 0.031709 0.0369139 0.0354934 0.0207115 0.0297201 0.031748 0.0321866 0.030654 0.0303276 0.0312514 0.031709 0.0369139 0.0354934
20190918 0.0177462 0.0177462 0.0260094 0.0259328 0.0259634 0.0261673 0.0272166 0.0272176 0.0272168 0.0336135 0.0336092 0.0336083 0.0178642 0.0275469 0.0288178 0.0314894 0.032046 0.033443 0.0359931 0.0362497 0.0396442 0.0391347 0.0178642 0.0275469 0.0288178 0.0314894 0.032046 0.033443 0.0359931 0.0362497 0.0396442 0.0391347
20190925 0.0235142 0.0235142 0.0276578 0.0277167 0.0283723 0.0281972 0.0283452 0.0287622 0.0287902 0.0347356 0.0349209 0.0333303 0.0247515 0.02838 0.0291654 0.0295397 0.0328685 0.0362459 0.0379344 0.0408021 0.0463477 0.0488364 0.0247515 0.02838 0.0291654 0.0295397 0.0328685 0.0362459 0.0379344 0.0408021 0.0463477 0.0488364
20191002 0.0182827 0.0182827 0.0267548 0.026884 0.026841 0.0267447 0.0271432 0.0277619 0.0273611 0.0371739 0.0372161 0.0385282 0.0180605 0.0260448 0.0292735 0.0304655 0.030065 0.0310795 0.0321794 0.0350624 0.0380292 0.0415094 0.0180605 0.0260448 0.0292735 0.0304655 0.030065 0.0310795 0.0321794 0.0350624 0.0380292 0.0415094
20191009 0.0224167 0.0224167 0.0296644 0.0298598 0.0297151 0.029922 0.0299814 0.0300046 0.030281 0.0386803 0.0396661 0.039832 0.0238517 0.0300074 0.0308818 0.0317476 0.0320176 0.0354836 0.0364802 0.0397728 0.0390069 0.0431257 0.0238517 0.0300074 0.0308818 0.0317476 0.0320176 0.0354836 0.0364802 0.0397728 0.0390069 0.0431257
20191016 0.0200887 0.0200887 0.0272938 0.027572 0.0274943 0.0277156 0.0279674 0.0277084 0.0281288 0.0308508 0.0309701 0.0315534 0.0218794 0.0273175 0.028668 0.0305896 0.0321637 0.0345407 0.0372301 0.036563 0.0378833 0.038487 0.0218794 0.0273175 0.028668 0.0305896 0.0321637 0.0345407 0.0372301 0.036563 0.0378833 0.038487
20191023 0.0221831 0.0221831 0.0290296 0.0291167 0.0292301 0.0295787 0.0295694 0.0295651 0.0296124 0.0377232 0.0373272 0.0369953 0.0226683 0.0294227 0.0291422 0.0268507 0.026707 0.0268232 0.0280398 0.028742 0.0325811 0.032631 0.0226683 0.0294227 0.0291422 0.0268507 0.026707 0.0268232 0.0280398 0.028742 0.0325811 0.032631
20191030 0.0230428 0.0230428 0.0297177 0.0299195 0.0300438 0.0303138 0.0302817 0.0305513 0.0309964 0.0371444 0.0387735 0.0384764 0.0246383 0.0294361 0.0289057 0.0287229 0.0291399 0.0294327 0.0300498 0.0301704 0.0365819 0.0377314 0.0246383 0.0294361 0.0289057 0.0287229 0.0291399 0.0294327 0.0300498 0.0301704 0.0365819 0.0377314
20191106 0.0212486 0.0212486 0.0289054 0.0289802 0.0297814 0.02956 0.0295647 0.0293742 0.0295323 0.0362007 0.0370668 0.0364137 0.0218174 0.0300827 0.0318904 0.0319058 0.0327279 0.0332451 0.0348805 0.037351 0.0395441 0.0395919 0.0218174 0.0300827 0.0318904 0.0319058 0.0327279 0.0332451 0.0348805 0.037351 0.0395441 0.0395919
20191113 0.0189883 0.0189883 0.0247014 0.0246706 0.0249834 0.0250907 0.0260357 0.0259776 0.0258704 0.0287968 0.0289982 0.029333 0.0194875 0.0260468 0.0271077 0.0281595 0.0299803 0.0316037 0.0318772 0.0318803 0.0348768 0.0355592 0.0194875 0.0260468 0.0271077 0.0281595 0.0299803 0.0316037 0.0318772 0.0318803 0.0348768 0.0355592
20191120 0.0186447 0.0186447 0.02416 0.0242118 0.0242589 0.0241392 0.0244317 0.0243646 0.0242943 0.0274877 0.0277232 0.0282719 0.0189112 0.0239278 0.0239672 0.0250351 0.0256395 0.0260009 0.0266989 0.0277385 0.0308089 0.0311603 0.0189112 0.0239278 0.0239672 0.0250351 0.0256395 0.0260009 0.0266989 0.0277385 0.0308089 0.0311603
20191127 0.0225087 0.0225087 0.0274767 0.0277166 0.0275615 0.0279486 0.0279907 0.0276658 0.0283858 0.0345118 0.0344322 0.0338168 0.0228507 0.0276189 0.0299379 0.0293588 0.0282655 0.0278633 0.0296085 0.0316214 0.0377287 0.039293 0.0228507 0.0276189 0.0299379 0.0293588 0.0282655 0.0278633 0.0296085 0.0316214 0.0377287 0.039293
20191204 0.0223041 0.0223041 0.0289246 0.0289929 0.0290308 0.0294227 0.029392 0.0298959 0.0305555 0.035082 0.0353107 0.0364104 0.0228313 0.0289625 0.0299763 0.0294666 0.0283512 0.0280116 0.0288381 0.0314905 0.0343218 0.0348152 0.0228313 0.0289625 0.0299763 0.0294666 0.0283512 0.0280116 0.0288381 0.0314905 0.0343218 0.0348152
20191211 0.0169034 0.0169034 0.0235256 0.0235643 0.0235887 0.0235875 0.0234917 0.0239678 0.0243449 0.0285387 0.0285073 0.0285499 0.0174004 0.025452 0.027332 0.0278499 0.0277942 0.0261856 0.0255933 0.0252763 0.0298919 0.0303008 0.0174004 0.025452 0.027332 0.0278499 0.0277942 0.0261856 0.0255933 0.0252763 0.0298919 0.0303008
20191218 0.0195372 0.0195372 0.0254634 0.0254878 0.0255615 0.0257118 0.0258753 0.0258703 0.0260207 0.0282097 0.0283902 0.0284671 0.020061 0.0261573 0.0267781 0.0262469 0.0254303 0.0265436 0.0266368 0.0286083 0.0314237 0.0316191 0.020061 0.0261573 0.0267781 0.0262469 0.0254303 0.0265436 0.0266368 0.0286083 0.0314237 0.0316191
20191225 0.0184063 0.0184063 0.0222985 0.0221858 0.0223529 0.0225059 0.0228545 0.0231867 0.0232166 0.0271439 0.0273144 0.0273602 0.0187179 0.0228396 0.0236205 0.0233936 0.0239744 0.0248142 0.0246679 0.0258277 0.0290597 0.0301758 0.0187179 0.0228396 0.0236205 0.0233936 0.0239744 0.0248142 0.0246679 0.0258277 0.0290597 0.0301758
20200101 0.019645 0.019645 0.0230327 0.0231632 0.022975 0.0232351 0.023194 0.023611 0.0232576 0.0273736 0.0272628 0.0273734 0.0209803 0.0233197 0.0240596 0.0257268 0.0273095 0.0266235 0.0264649 0.0273612 0.0322614 0.0321777 0.0209803 0.0233197 0.0240596 0.0257268 0.0273095 0.0266235 0.0264649 0.0273612 0.0322614 0.0321777
20200108 0.0175399 0.0175399 0.0218535 0.0217953 0.0218669 0.021834 0.0219311 0.0222698 0.0220605 0.0264561 0.0273271 0.0265815 0.0178665 0.0220042 0.0246551 0.0258483 0.0262294 0.0273717 0.0274723 0.0276313 0.0289901 0.0295282 0.0178665 0.0220042 0.0246551 0.0258483 0.0262294 0.0273717 0.0274723 0.0276313 0.0289901 0.0295282
20200115 0.0186888 0.0186888 0.0218572 0.0217987 0.0221698 0.0220018 0.0220929 0.0223227 0.0226653 0.0259723 0.0259075 0.026296 0.0184671 0.0216287 0.0222397 0.0240061 0.0250586 0.0268454 0.0268885 0.0289733 0.0305051 0.0308 0.0184671 0.0216287 0.0222397 0.0240061 0.0250586 0.0268454 0.0268885 0.0289733 0.0305051 0.0308
20200122 0.0187044 0.0187044 0.023542 0.0236229 0.0234294 0.0236945 0.0237073 0.0234896 0.0237895 0.0270522 0.0272194 0.0279802 0.0191897 0.0252078 0.0261996 0.0261746 0.0259403 0.0250084 0.024115 0.0248255 0.0280712 0.0286209 0.0191897 0.0252078 0.0261996 0.0261746 0.0259403 0.0250084 0.024115 0.0248255 0.0280712 0.0286209
20200129 0.0169487 0.0169487 0.0230027 0.0230456 0.0231988 0.023234 0.0232773 0.0234548 0.0235391 0.0268278 0.0269284 0.0266757 0.0173436 0.0230325 0.0244072 0.024708 0.0242925 0.0254006 0.0252188 0.0261297 0.0316613 0.0320063 0.0173436 0.0230325 0.0244072 0.024708 0.0242925 0.0254006 0.0252188 0.0261297 0.0316613 0.0320063
20200205 0.018546 0.018546 0.0223232 0.0223266 0.0224581 0.0225563 0.022365 0.0223864 0.0220761 0.0268021 0.0271615 0.027264 0.0191257 0.0222667 0.0233651 0.0252183 0.027251 0.0266624 0.0268383 0.0274018 0.0319295 0.0328572 0.0191257 0.0222667 0.0233651 0.0252183 0.027251 0.0266624 0.0268383 0.0274018 0.0319295 0.0328572
20200212 0.0251065 0.0251065 0.0272138 0.0272139 0.0272658 0.0274052 0.0278341 0.0278576 0.0276781 0.0317377 0.0327078 0.0323797 0.0250595 0.0286385 0.0293775 0.029294 0.029119 0.029424 0.0308787 0.0316601 0.0343561 0.034129 0.0250595 0.0286385 0.0293775 0.029294 0.029119 0.029424 0.0308787 0.0316601 0.0343561 0.034129
20200219 0.0178051 0.0178051 0.0236489 0.023575 0.0239297 0.0237008 0.0236283 0.0244271 0.0244267 0.0292385 0.0292393 0.0289479 0.0236828 0.0232858 0.0243309 0.0251271 0.0258563 0.0247428 0.0248815 0.0255424 0.027547 0.029826 0.0236828 0.0232858 0.0243309 0.0251271 0.0258563 0.0247428 0.0248815 0.0255424 0.027547 0.029826
20200226 0.0187523 0.0187523 0.0265075 0.0264965 0.0265638 0.0267663 0.0269118 0.0269301 0.0269565 0.026549 0.0264826 0.0262581 0.0189471 0.0270117 0.0278812 0.0280833 0.0270817 0.0274907 0.0277365 0.0282664 0.0288845 0.0282931 0.0189471 0.0270117 0.0278812 0.0280833 0.0270817 0.0274907 0.0277365 0.0282664 0.0288845 0.0282931
20200304 0.0172437 0.0172437 0.0214977 0.0214816 0.0214815 0.021637 0.0217345 0.0220903 0.022269 0.0285539 0.028234 0.0281667 0.017611 0.022476 0.023368 0.023621 0.0244541 0.0247152 0.0258159 0.0262744 0.0336622 0.034975 0.017611 0.022476 0.023368 0.023621 0.0244541 0.0247152 0.0258159 0.0262744 0.0336622 0.034975
20200311 0.021035 0.021035 0.0262385 0.026292 0.0259064 0.0261508 0.0263526 0.0268542 0.0270939 0.0309886 0.0333494 0.0333484 0.0214295 0.0259669 0.026701 0.027084 0.0274108 0.0280104 0.0274609 0.0275004 0.0319786 0.0304687 0.0214295 0.0259669 0.026701 0.027084 0.0274108 0.0280104 0.0274609 0.0275004 0.0319786 0.0304687
20200318 0.0190957 0.0190957 0.0233467 0.0233462 0.0233463 0.0233257 0.0237023 0.0239484 0.0239519 0.0275168 0.0274834 0.0271449 0.0195706 0.0233623 0.0249546 0.025633 0.0253837 0.0252153 0.0244874 0.0248949 0.0279313 0.0290636 0.0195706 0.0233623 0.0249546 0.025633 0.0253837 0.0252153 0.0244874 0.0248949 0.0279313 0.0290636
20200325 0.0198796 0.0198796 0.0238659 0.0239555 0.0241088 0.0240856 0.0239551 0.0239547 0.0247614 0.0264366 0.0264332 0.0264343 0.0207343 0.0240588 0.0249257 0.0252841 0.0248475 0.0264011 0.0261606 0.0256022 0.0308657 0.0317601 0.0207343 0.0240588 0.0249257 0.0252841 0.0248475 0.0264011 0.0261606 0.0256022 0.0308657 0.0317601
20200401 0.0173323 0.0173323 0.0211775 0.0213415 0.0214778 0.0214778 0.021233 0.021233 0.0216903 0.0264707 0.026836 0.027195 0.0174543 0.021604 0.0229017 0.0239163 0.024676 0.0251468 0.0253758 0.025629 0.028302 0.0292022 0.0174543 0.021604 0.0229017 0.0239163 0.024676 0.0251468 0.0253758 0.025629 0.028302 0.0292022
20200408 0.0183823 0.0183823 0.022702 0.0228898 0.0229096 0.0228144 0.0228708 0.022834 0.0232098 0.0257632 0.0261911 0.0262171 0.0201167 0.0229837 0.0238188 0.0247792 0.0258483 0.0254356 0.0253467 0.0249598 0.0265815 0.0268633 0.0201167 0.0229837 0.0238188 0.0247792 0.0258483 0.0254356 0.0253467 0.0249598 0.0265815 0.0268633
20200415 0.0176019 0.0176019 0.0215646 0.0213482 0.0212591 0.0211852 0.021239 0.0215804 0.0211394 0.0241105 0.0242695 0.0246495 0.0183789 0.0215094 0.0234463 0.0231427 0.0230233 0.0226385 0.0240105 0.0245485 0.0267984 0.0274027 0.0183789 0.0215094 0.0234463 0.0231427 0.0230233 0.0226385 0.0240105 0.0245485 0.0267984 0.0274027
20200422 0.0153854 0.0153854 0.021108 0.0211667 0.0213169 0.0211878 0.0212809 0.0218136 0.022125 0.0233562 0.0231532 0.023025 0.0161885 0.0211944 0.0215884 0.0219339 0.0218696 0.0209748 0.0217608 0.023017 0.0251115 0.0241564 0.0161885 0.0211944 0.0215884 0.0219339 0.0218696 0.0209748 0.0217608 0.023017 0.0251115 0.0241564
20200429 0.0170774 0.0170774 0.0238329 0.0236936 0.0237178 0.0238744 0.0240098 0.0243594 0.0246641 0.0286634 0.028352 0.0283384 0.017759 0.024693 0.0264203 0.0251575 0.0239038 0.0243547 0.0248655 0.0250369 0.0289843 0.0303976 0.017759 0.024693 0.0264203 0.0251575 0.0239038 0.0243547 0.0248655 0.0250369 0.0289843 0.0303976
20200513 0.016487 0.016487 0.0205975 0.02059 0.020537 0.0207772 0.0209723 0.02105 0.0213028 0.0256083 0.0257791 0.0259953 0.0175915 0.0215844 0.0223653 0.0219448 0.0222344 0.0232159 0.0245421 0.0239062 0.0270548 0.0269375 0.0175915 0.0215844 0.0223653 0.0219448 0.0222344 0.0232159 0.0245421 0.0239062 0.0270548 0.0269375
20200520 0.0172867 0.0172867 0.0210184 0.0209412 0.020998 0.0212433 0.021266 0.0215963 0.0216973 0.0268066 0.0268823 0.0269566 0.0179926 0.0219671 0.0241758 0.0232442 0.0232447 0.0239851 0.0244941 0.0249586 0.0269484 0.0265666 0.0179926 0.0219671 0.0241758 0.0232442 0.0232447 0.0239851 0.0244941 0.0249586 0.0269484 0.0265666
20200527 0.0182555 0.0182555 0.0242935 0.0241437 0.024065 0.0241759 0.0243511 0.0244168 0.024764 0.02956 0.0299002 0.029844 0.0197324 0.0254382 0.0259264 0.0249854 0.0258236 0.0278555 0.0263548 0.0260098 0.0301707 0.0312234 0.0197324 0.0254382 0.0259264 0.0249854 0.0258236 0.0278555 0.0263548 0.0260098 0.0301707 0.0312234
20200603 0.0153385 0.0153385 0.020791 0.0206904 0.0205541 0.02061 0.0204148 0.0206816 0.0208403 0.0245156 0.0244747 0.0244972 0.0161315 0.0206096 0.0208676 0.0218663 0.0223993 0.0221691 0.0216537 0.0223963 0.0244359 0.0239457 0.0161315 0.0206096 0.0208676 0.0218663 0.0223993 0.0221691 0.0216537 0.0223963 0.0244359 0.0239457
20200610 0.0167904 0.0167904 0.0206152 0.020612 0.0206368 0.0206872 0.0207626 0.0207626 0.0208292 0.024551 0.0247985 0.0250498 0.0176729 0.0199938 0.0209872 0.0210763 0.0210689 0.0215151 0.0232253 0.0243356 0.0254927 0.025512 0.0176729 0.0199938 0.0209872 0.0210763 0.0210689 0.0215151 0.0232253 0.0243356 0.0254927 0.025512
20200617 0.0175944 0.0175944 0.0219472 0.0218405 0.0221339 0.0222686 0.0222697 0.0224679 0.0224511 0.0260886 0.0265317 0.0265157 0.0185659 0.0232577 0.0242112 0.0240122 0.0235424 0.0247108 0.0248826 0.0253915 0.0288812 0.0290998 0.0185659 0.0232577 0.0242112 0.0240122 0.0235424 0.0247108 0.0248826 0.0253915 0.0288812 0.0290998
20200624 0.0154233 0.0154233 0.0199397 0.0198779 0.0198493 0.0198351 0.0199285 0.0199314 0.0195666 0.0238323 0.0239626 0.0235349 0.0161246 0.0214916 0.0232356 0.0221322 0.022579 0.0229877 0.0229789 0.0251909 0.0303758 0.0313685 0.0161246 0.0214916 0.0232356 0.0221322 0.022579 0.0229877 0.0229789 0.0251909 0.0303758 0.0313685
20200701 0.0184578 0.0184578 0.0228269 0.022782 0.0226363 0.0227266 0.0227558 0.0225315 0.0228567 0.0256328 0.0256591 0.0252688 0.0190453 0.0236424 0.0252084 0.0257963 0.0263533 0.0257121 0.0266522 0.0273923 0.030572 0.0305877 0.0190453 0.0236424 0.0252084 0.0257963 0.0263533 0.0257121 0.0266522 0.0273923 0.030572 0.0305877
20200708 0.0177693 0.0177693 0.0241899 0.0240938 0.0242756 0.0243245 0.0248455 0.0248452 0.0251192 0.0268039 0.0265218 0.0271099 0.018838 0.0245706 0.0262837 0.0249503 0.0251568 0.0264839 0.0256356 0.0253638 0.0307941 0.0312771 0.018838 0.0245706 0.0262837 0.0249503 0.0251568 0.0264839 0.0256356 0.0253638 0.0307941 0.0312771
20200715 0.0174947 0.0174947 0.021649 0.0216715 0.0217626 0.0217335 0.0219312 0.0219896 0.0220576 0.0256865 0.025215 0.0262584 0.0183242 0.0234032 0.0244846 0.024445 0.0238579 0.0246688 0.0262634 0.0264928 0.0280804 0.0283895 0.0183242 0.0234032 0.0244846 0.024445 0.0238579 0.0246688 0.0262634 0.0264928 0.0280804 0.0283895
20200722 0.0193747 0.0193747 0.024561 0.0245745 0.0247034 0.0248496 0.0251398 0.0254179 0.0255552 0.0292977 0.0294611 0.0301435 0.0198981 0.0255783 0.0269721 0.0277466 0.0295812 0.0303648 0.0298516 0.0310573 0.0356785 0.0347274 0.0198981 0.0255783 0.0269721 0.0277466 0.0295812 0.0303648 0.0298516 0.0310573 0.0356785 0.0347274
20200729 0.0155757 0.0155757 0.0198397 0.0199537 0.0199184 0.0205088 0.0206673 0.0206986 0.0202202 0.0244326 0.0241419 0.024 0.0158804 0.0207286 0.0207453 0.0216552 0.0208153 0.0213785 0.0221035 0.0243462 0.027116 0.0267499 0.0158804 0.0207286 0.0207453 0.0216552 0.0208153 0.0213785 0.0221035 0.0243462 0.027116 0.0267499
20230131 0.016003 0.016003 0.0207938 0.0207745 0.0207002 0.0204545 0.0207485 0.0207493 0.0233499 0.0233498 0.0237464 0.0237467 0.0207037 0.0203188 0.0207655 0.0214962 0.021186 0.0204548 0.0198744 0.0212188 0.0218308 0.0217074 0.0207037 0.0203188 0.0207655 0.0214962 0.021186 0.0204548 0.0198744 0.0212188 0.0218308 0.0217074
20230228 0.0156088 0.0156088 0.0194529 0.0196022 0.0195564 0.0198408 0.0195193 0.0194497 0.0235999 0.0239792 0.0241322 0.0239886 0.0192912 0.01958 0.0206043 0.0225629 0.0229983 0.023413 0.0248387 0.0262642 0.026472 0.0259203 0.0192912 0.01958 0.0206043 0.0225629 0.0229983 0.023413 0.0248387 0.0262642 0.026472 0.0259203
20230310 0.0163591 0.0163591 0.0183038 0.0183378 0.0220089 0.0222887 0.022236 0.0222275 0.0223565 0.0221929 0.0223628 0.0265472 0.0182325 0.0187017 0.0191955 0.0221563 0.0218383 0.0219794 0.0227246 0.0245541 0.0249053 0.0263157 0.0182325 0.0187017 0.0191955 0.0221563 0.0218383 0.0219794 0.0227246 0.0245541 0.0249053 0.0263157
20230311 0.0156705 0.0156705 0.0176872 0.017755 0.0180129 0.022044 0.0219018 0.0222427 0.0222441 0.0224266 0.0224119 0.0223621 0.0176194 0.0178107 0.0191979 0.018881 0.0219619 0.0211077 0.0214784 0.0218738 0.0246198 0.0265617 0.0176194 0.0178107 0.0191979 0.018881 0.0219619 0.0211077 0.0214784 0.0218738 0.0246198 0.0265617
20230312 0.0156445 0.0156445 0.0182024 0.0180889 0.0182219 0.0180655 0.020441 0.0200778 0.0203061 0.0204818 0.0205138 0.0206661 0.0180966 0.0181663 0.0191963 0.0202334 0.0198621 0.0227463 0.0224339 0.0228641 0.0232699 0.0258126 0.0180966 0.0181663 0.0191963 0.0202334 0.0198621 0.0227463 0.0224339 0.0228641 0.0232699 0.0258126
20230313 0.0151283 0.0151283 0.018697 0.0187006 0.0184843 0.0184058 0.0185943 0.0221542 0.0221629 0.0225001 0.0224689 0.02252 0.0187047 0.0190563 0.0193952 0.0198292 0.0207696 0.0208372 0.0236683 0.0229612 0.0228916 0.0236267 0.0187047 0.0190563 0.0193952 0.0198292 0.0207696 0.0208372 0.0236683 0.0229612 0.0228916 0.0236267
20230314 0.0151543 0.0151543 0.0192899 0.0194422 0.0195423 0.0196235 0.0195081 0.0195743 0.0238133 0.0231482 0.0237394 0.023522 0.0193041 0.019388 0.0199402 0.0200683 0.0205798 0.0215418 0.0221991 0.0248786 0.0246667 0.0246264 0.0193041 0.019388 0.0199402 0.0200683 0.0205798 0.0215418 0.0221991 0.0248786 0.0246667 0.0246264
20230315 0.0166145 0.0166145 0.0214786 0.0214832 0.021837 0.0219496 0.0219921 0.021919 0.0220242 0.0277085 0.0279092 0.0282764 0.0168311 0.0213652 0.0229779 0.0230405 0.0233172 0.0239985 0.0241372 0.0244483 0.0270907 0.0266682 0.0168311 0.0213652 0.0229779 0.0230405 0.0233172 0.0239985 0.0241372 0.0244483 0.0270907 0.0266682
20230316 0.0187718 0.0187718 0.0195556 0.028258 0.0279149 0.0281501 0.0283128 0.0281362 0.0278968 0.0284441 0.0395585 0.0386771 0.0194428 0.017647 0.0265825 0.0267254 0.027653 0.026754 0.0278897 0.0293367 0.0307371 0.0339086 0.0194428 0.017647 0.0265825 0.0267254 0.027653 0.026754 0.0278897 0.0293367 0.0307371 0.0339086
20230317 0.0103407 0.0103407 0.01212 0.0121386 0.0261408 0.0257621 0.025669 0.0240598 0.0254664 0.025258 0.0257483 0.0349922 0.0121199 0.00876397 0.00941771 0.0186826 0.0179719 0.0215565 0.0228433 0.0243561 0.0252221 0.021447 0.0121199 0.00876397 0.00941771 0.0186826 0.0179719 0.0215565 0.0228433 0.0243561 0.0252221 0.021447
20230318 0.00973312 0.00973312 0.0122273 0.0122272 0.0124212 0.0190387 0.0183863 0.0193743 0.020123 0.0201918 0.0189927 0.0186661 0.0122273 0.0142855 0.0162751 0.0196134 0.017951 0.0152725 0.0141546 0.0131619 0.0136513 0.0128175 0.0122273 0.0142855 0.0162751 0.0196134 0.017951 0.0152725 0.0141546 0.0131619 0.0136513 0.0128175
20230319 0.0330508 0.0330508 0.0375466 0.0375467 0.0375465 0.0382768 0.039174 0.0399088 0.0387909 0.0402751 0.0432678 0.0394614 0.0375465 0.0390964 0.0385268 0.0381145 0.0377124 0.036907 0.0367009 0.0366301 0.0368158 0.0377187 0.0375465 0.0390964 0.0385268 0.0381145 0.0377124 0.036907 0.0367009 0.0366301 0.0368158 0.0377187
20230320 0.0611563 0.0611563 0.064065 0.064065 0.064065 0.0640649 0.0629078 0.0586449 0.0615953 0.0604223 0.0614952 0.0659655 0.0640366 0.0628726 0.0631001 0.057755 0.0572805 0.0586378 0.0621165 0.062528 0.0641213 0.0623094 0.0640366 0.0628726 0.0631001 0.057755 0.0572805 0.0586378 0.0621165 0.062528 0.0641213 0.0623094
20230321 0.0175686 0.0175686 0.0215894 0.0219671 0.021967 0.0219672 0.0219672 0.0223802 0.027707 0.0278006 0.0270966 0.027636 0.0214778 0.0220252 0.0226317 0.0237629 0.0251145 0.0247253 0.026346 0.0295867 0.029436 0.0281801 0.0214778 0.0220252 0.0226317 0.0237629 0.0251145 0.0247253 0.026346 0.0295867 0.029436 0.0281801
20230322 0.0155555 0.0155555 0.0203716 0.0205791 0.0208851 0.020885 0.0208851 0.0208852 0.020852 0.0263896 0.025806 0.0254951 0.0164794 0.0207798 0.021019 0.0214958 0.0229036 0.0236462 0.0233213 0.0246736 0.026686 0.0266356 0.0164794 0.0207798 0.021019 0.0214958 0.0229036 0.0236462 0.0233213 0.0246736 0.026686 0.0266356
20230323 0.0144636 0.0144636 0.0158389 0.0207048 0.0205379 0.0207426 0.0207425 0.0207419 0.0207424 0.0207937 0.0236694 0.0231719 0.0157936 0.0160997 0.0219338 0.0218099 0.0213119 0.0218811 0.0219768 0.0215807 0.0215162 0.024839 0.0157936 0.0160997 0.0219338 0.0218099 0.0213119 0.0218811 0.0219768 0.0215807 0.0215162 0.024839
20230324 0.0164559 0.0164559 0.0182706 0.0182578 0.0222579 0.0220719 0.0230625 0.0230624 0.0230624 0.0230625 0.0230689 0.0254506 0.0182169 0.0194285 0.0202133 0.0236249 0.0236212 0.0229478 0.0237242 0.0243041 0.0249134 0.0239869 0.0182169 0.0194285 0.0202133 0.0236249 0.0236212 0.0229478 0.0237242 0.0243041 0.0249134 0.0239869
20230325 0.0162643 0.0162643 0.0191066 0.0191377 0.0191612 0.0215052 0.0213223 0.0220851 0.0220843 0.0220844 0.0220851 0.0222344 0.0190685 0.0189935 0.0204916 0.0210837 0.0240575 0.0239813 0.0239068 0.0249168 0.0255913 0.0263595 0.0190685 0.0189935 0.0204916 0.0210837 0.0240575 0.0239813 0.0239068 0.0249168 0.0255913 0.0263595
20230326 0.0161099 0.0161099 0.0201114 0.0200842 0.0203625 0.0205661 0.0250116 0.0246688 0.025167 0.025169 0.0251659 0.0251677 0.0200149 0.0200156 0.0211245 0.0223461 0.0225047 0.0258639 0.0254927 0.0250135 0.0259537 0.0273453 0.0200149 0.0200156 0.0211245 0.0223461 0.0225047 0.0258639 0.0254927 0.0250135 0.0259537 0.0273453
20230327 0.0163994 0.0163994 0.0204093 0.0203142 0.0204821 0.0207339 0.0209287 0.0274062 0.0277244 0.0284552 0.028458 0.0284567 0.0202868 0.0212471 0.0230677 0.0238409 0.0242499 0.0241048 0.0276201 0.027326 0.0260304 0.0256815 0.0202868 0.0212471 0.0230677 0.0238409 0.0242499 0.0241048 0.0276201 0.027326 0.0260304 0.0256815
20230328 0.0177858 0.0177858 0.0229305 0.0229786 0.0231913 0.0231894 0.0232923 0.0234958 0.0285617 0.0283859 0.0284864 0.0284869 0.0228728 0.0225534 0.0238784 0.0252745 0.0258127 0.0252928 0.0251996 0.0288081 0.0288545 0.0279619 0.0228728 0.0225534 0.0238784 0.0252745 0.0258127 0.0252928 0.0251996 0.0288081 0.0288545 0.0279619
20230329 0.0180705 0.0180705 0.0231853 0.0230995 0.023167 0.0232514 0.0240279 0.0235718 0.024147 0.0275446 0.0272177 0.0271773 0.0184944 0.0228101 0.0242169 0.0253759 0.025901 0.02508 0.0239224 0.0234244 0.026168 0.027483 0.0184944 0.0228101 0.0242169 0.0253759 0.025901 0.02508 0.0239224 0.0234244 0.026168 0.027483
20230330 0.0163907 0.0163907 0.0174799 0.0222903 0.0224949 0.0225234 0.0223949 0.0229971 0.0228908 0.0233645 0.0279397 0.0272522 0.0174728 0.0183726 0.0248296 0.0254726 0.0251426 0.0248453 0.0245697 0.0235617 0.0238082 0.0276183 0.0174728 0.0183726 0.0248296 0.0254726 0.0251426 0.0248453 0.0245697 0.0235617 0.0238082 0.0276183
20230331 0.0179531 0.0179531 0.0199758 0.0200332 0.0242163 0.0242597 0.0241604 0.024299 0.0245206 0.024518 0.0247273 0.0310734 0.0198901 0.0193062 0.0203585 0.0253475 0.0251911 0.024415 0.0246089 0.0252861 0.0244043 0.0248807 0.0198901 0.0193062 0.0203585 0.0253475 0.0251911 0.024415 0.0246089 0.0252861 0.0244043 0.0248807
20230401 0.0160854 0.0160854 0.0194972 0.0194794 0.0195699 0.0240046 0.0243938 0.0241067 0.0243003 0.0245154 0.0244712 0.0246091 0.0194125 0.0199532 0.0201312 0.0211154 0.025087 0.0246785 0.0252813 0.0257239 0.0261293 0.0264865 0.0194125 0.0199532 0.0201312 0.0211154 0.025087 0.0246785 0.0252813 0.0257239 0.0261293 0.0264865
20230402 0.0159567 0.0159567 0.0206366 0.0206888 0.0206802 0.0208347 0.0237232 0.024057 0.0237029 0.0243821 0.0249114 0.0248034 0.0205664 0.0205469 0.0215546 0.0208326 0.0215937 0.0241694 0.0235342 0.025402 0.0261898 0.0263528 0.0205664 0.0205469 0.0215546 0.0208326 0.0215937 0.0241694 0.0235342 0.025402 0.0261898 0.0263528
20230403 0.0155656 0.0155656 0.0192892 0.0192303 0.0194914 0.0196022 0.0199314 0.0233011 0.0233551 0.022997 0.0233501 0.023575 0.0191816 0.0192577 0.0192512 0.0202733 0.0206196 0.0206775 0.0230279 0.0229565 0.0245343 0.0252097 0.0191816 0.0192577 0.0192512 0.0202733 0.0206196 0.0206775 0.0230279 0.0229565 0.0245343 0.0252097
20230404 0.0162251 0.0162251 0.0202515 0.0202505 0.0204159 0.0205394 0.0204165 0.0207464 0.0238935 0.023453 0.0227343 0.0235109 0.0201682 0.0198128 0.0204883 0.0200065 0.0200804 0.0207062 0.0204767 0.0248505 0.0249947 0.0254301 0.0201682 0.0198128 0.0204883 0.0200065 0.0200804 0.0207062 0.0204767 0.0248505 0.0249947 0.0254301
20230405 0.0174413 0.0174413 0.0220274 0.0220077 0.0219564 0.0222585 0.0224421 0.0219931 0.0221916 0.0245734 0.0244077 0.0239366 0.0183735 0.021281 0.0220155 0.0224353 0.0218846 0.0216109 0.0225891 0.0234699 0.0263455 0.0259235 0.0183735 0.021281 0.0220155 0.0224353 0.0218846 0.0216109 0.0225891 0.0234699 0.0263455 0.0259235
20230406 0.01693 0.01693 0.0182868 0.0235511 0.0237006 0.023776 0.0239462 0.0235313 0.0236591 0.0236714 0.0267367 0.0265854 0.0182008 0.0190063 0.0245435 0.0244798 0.0238582 0.0239182 0.0242538 0.0251317 0.0255357 0.0269755 0.0182008 0.0190063 0.0245435 0.0244798 0.0238582 0.0239182 0.0242538 0.0251317 0.0255357 0.0269755
20230407 0.0180878 0.0180878 0.0201035 0.0200506 0.0249746 0.0249858 0.0249699 0.0250449 0.0246056 0.0255071 0.0248263 0.0288006 0.0200294 0.0202934 0.0215525 0.0252427 0.0246577 0.0238181 0.0242238 0.0253703 0.02623 0.0268603 0.0200294 0.0202934 0.0215525 0.0252427 0.0246577 0.0238181 0.0242238 0.0253703 0.02623 0.0268603
20230408 0.0153812 0.0153812 0.0179005 0.0179511 0.0180348 0.0215965 0.0215664 0.0217534 0.0218836 0.0215893 0.0225673 0.0220212 0.0178242 0.0186143 0.0202368 0.0214876 0.0243707 0.024087 0.0240216 0.0246308 0.0255539 0.0259971 0.0178242 0.0186143 0.0202368 0.0214876 0.0243707 0.024087 0.0240216 0.0246308 0.0255539 0.0259971
20230409 0.0161306 0.0161306 0.0194973 0.0196457 0.0195923 0.0195676 0.0226438 0.0223914 0.0228172 0.0231302 0.0228525 0.0233434 0.0193577 0.0192632 0.0210678 0.0226016 0.0237175 0.0248893 0.0243462 0.0250172 0.025978 0.0262574 0.0193577 0.0192632 0.0210678 0.0226016 0.0237175 0.0248893 0.0243462 0.0250172 0.025978 0.0262574
20230410 0.0163115 0.0163115 0.0201362 0.020099 0.0202209 0.0202941 0.0203907 0.0219429 0.0216508 0.0222378 0.0224854 0.0219349 0.0201133 0.0193284 0.0205139 0.0212555 0.0222108 0.0225079 0.0241151 0.0242968 0.0247613 0.0265374 0.0201133 0.0193284 0.0205139 0.0212555 0.0222108 0.0225079 0.0241151 0.0242968 0.0247613 0.0265374
20230411 0.0156098 0.0156098 0.0196816 0.0197039 0.0196673 0.0197696 0.0197374 0.0201416 0.021891 0.0216147 0.0215994 0.0224095 0.0196389 0.0190431 0.0186257 0.0191653 0.0197087 0.0210551 0.0212616 0.023913 0.0246558 0.0251446 0.0196389 0.0190431 0.0186257 0.0191653 0.0197087 0.0210551 0.0212616 0.023913 0.0246558 0.0251446
20230412 0.015249 0.015249 0.0206612 0.0207175 0.0208071 0.0210506 0.0211243 0.0212855 0.0216138 0.0225477 0.0222746 0.0220297 0.016193 0.0211661 0.0208215 0.0199437 0.0203982 0.0205863 0.0205396 0.0207928 0.0232686 0.0234884 0.016193 0.0211661 0.0208215 0.0199437 0.0203982 0.0205863 0.0205396 0.0207928 0.0232686 0.0234884
20230413 0.0156009 0.0156009 0.0170527 0.0215269 0.0215313 0.021688 0.0214835 0.0215678 0.0219216 0.0227363 0.0235702 0.0236607 0.0168851 0.0171806 0.0232839 0.0230892 0.0221045 0.0220148 0.0214884 0.0211066 0.0216555 0.024281 0.0168851 0.0171806 0.0232839 0.0230892 0.0221045 0.0220148 0.0214884 0.0211066 0.0216555 0.024281
20230414 0.0142972 0.0142972 0.0159149 0.0157961 0.01986 0.0199783 0.0201102 0.0200571 0.0202002 0.0204197 0.0210347 0.0256664 0.0158231 0.0157824 0.0166408 0.0220063 0.0219286 0.0221656 0.0222843 0.0225357 0.0232818 0.0238758 0.0158231 0.0157824 0.0166408 0.0220063 0.0219286 0.0221656 0.0222843 0.0225357 0.0232818 0.0238758
20230415 0.0145016 0.0145016 0.0166184 0.0165426 0.0167508 0.0209174 0.0210015 0.0208612 0.0211779 0.0208916 0.0212591 0.0215319 0.016522 0.0172489 0.0175107 0.0178203 0.0221665 0.0221978 0.0221934 0.0230015 0.0235111 0.0237545 0.016522 0.0172489 0.0175107 0.0178203 0.0221665 0.0221978 0.0221934 0.0230015 0.0235111 0.0237545
20230416 0.0163416 0.0163416 0.0194079 0.0193416 0.0193242 0.0192622 0.0245373 0.0242394 0.0242558 0.0244002 0.0248721 0.0244437 0.0193202 0.0199177 0.0206873 0.0204958 0.0209053 0.0251662 0.0246215 0.0238515 0.0246056 0.0247661 0.0193202 0.0199177 0.0206873 0.0204958 0.0209053 0.0251662 0.0246215 0.0238515 0.0246056 0.0247661
20230417 0.0168671 0.0168671 0.0203324 0.0203262 0.0203139 0.0204066 0.0204746 0.0247184 0.0244761 0.0241418 0.0244246 0.0245685 0.0203259 0.0197097 0.0210962 0.0215767 0.021271 0.0215345 0.0252314 0.0244119 0.0237816 0.0255345 0.0203259 0.0197097 0.0210962 0.0215767 0.021271 0.0215345 0.0252314 0.0244119 0.0237816 0.0255345
20230418 0.0156637 0.0156637 0.0205005 0.0204718 0.0203604 0.0204514 0.0205876 0.0206702 0.024131 0.0240668 0.0240917 0.0243821 0.0203806 0.0211293 0.0213981 0.0220676 0.0222952 0.0221735 0.0219292 0.0251368 0.0252424 0.0252404 0.0203806 0.0211293 0.0213981 0.0220676 0.0222952 0.0221735 0.0219292 0.0251368 0.0252424 0.0252404
20230419 0.0155139 0.0155139 0.0204839 0.0204842 0.0204579 0.020558 0.0211853 0.0209287 0.0211311 0.0239054 0.0237179 0.0238969 0.0158792 0.0218921 0.0239032 0.024716 0.0246715 0.0244615 0.0240639 0.0232693 0.0263943 0.0262811 0.0158792 0.0218921 0.0239032 0.024716 0.0246715 0.0244615 0.0240639 0.0232693 0.0263943 0.0262811
20230420 0.016555 0.016555 0.0177763 0.022121 0.0220528 0.0221587 0.022235 0.0225704 0.0224946 0.0225553 0.0251831 0.0247117 0.0177045 0.0177947 0.0238008 0.0248183 0.0254498 0.025739 0.0256826 0.0252003 0.0246895 0.0284 0.0177045 0.0177947 0.0238008 0.0248183 0.0254498 0.025739 0.0256826 0.0252003 0.0246895 0.0284
20230421 0.0146122 0.0146122 0.0161282 0.0161073 0.0208477 0.0207776 0.0210557 0.0209923 0.0212523 0.0213731 0.0212127 0.025516 0.0160638 0.0160192 0.0162463 0.0222676 0.0237347 0.0248763 0.0262411 0.0262511 0.0261182 0.0259976 0.0160638 0.0160192 0.0162463 0.0222676 0.0237347 0.0248763 0.0262411 0.0262511 0.0261182 0.0259976
20230422 0.0165023 0.0165023 0.0190771 0.0191374 0.0190842 0.02252 0.0224975 0.0227101 0.0226499 0.0232501 0.0233482 0.0229607 0.0189943 0.019111 0.020264 0.0200909 0.024567 0.0248387 0.0252657 0.0269532 0.026639 0.0266995 0.0189943 0.019111 0.020264 0.0200909 0.024567 0.0248387 0.0252657 0.0269532 0.026639 0.0266995
20230423 0.0162924 0.0162924 0.0194913 0.0195715 0.0195929 0.0196589 0.0242108 0.0242543 0.0245013 0.0244077 0.0251563 0.0249231 0.0193664 0.0206778 0.021166 0.0214085 0.0213264 0.0277227 0.0276899 0.0282584 0.0297319 0.0297828 0.0193664 0.0206778 0.021166 0.0214085 0.0213264 0.0277227 0.0276899 0.0282584 0.0297319 0.0297828
20230424 0.0151594 0.0151594 0.0186409 0.0186522 0.0186816 0.0189104 0.018862 0.0260543 0.0265544 0.0255304 0.0255076 0.0266524 0.0186148 0.0197055 0.0216758 0.0215257 0.0211001 0.0224086 0.0281834 0.0294662 0.0305092 0.0311601 0.0186148 0.0197055 0.0216758 0.0215257 0.0211001 0.0224086 0.0281834 0.0294662 0.0305092 0.0311601
20230425 0.0159283 0.0159283 0.0192833 0.0193024 0.0192166 0.0193253 0.0192692 0.0193849 0.0268142 0.0270604 0.0266728 0.0268505 0.0192271 0.0196016 0.0216486 0.0225234 0.0209257 0.0210139 0.022685 0.0263299 0.0277249 0.0291083 0.0192271 0.0196016 0.0216486 0.0225234 0.0209257 0.0210139 0.022685 0.0263299 0.0277249 0.0291083
20230426 0.0171611 0.0171611 0.0191594 0.0192132 0.019281 0.0193015 0.0190643 0.0192124 0.0195077 0.0257274 0.0258376 0.0256633 0.0170843 0.0210725 0.0218882 0.0222358 0.0219973 0.0221241 0.0233187 0.0241079 0.0268862 0.0273418 0.0170843 0.0210725 0.0218882 0.0222358 0.0219973 0.0221241 0.0233187 0.0241079 0.0268862 0.0273418
20230427 0.0167969 0.0167969 0.0173395 0.0219353 0.0219037 0.0220302 0.0220902 0.0222001 0.0221946 0.0222029 0.0268621 0.0266546 0.0172601 0.0174436 0.0238194 0.0235781 0.0242563 0.0240757 0.0249367 0.0246983 0.0248137 0.0290309 0.0172601 0.0174436 0.0238194 0.0235781 0.0242563 0.0240757 0.0249367 0.0246983 0.0248137 0.0290309
20230428 0.0172901 0.0172901 0.0187047 0.0188078 0.0230155 0.0229958 0.0231076 0.0233964 0.0235571 0.0233146 0.0236443 0.0265397 0.0186327 0.0191217 0.0203356 0.0253996 0.0243263 0.0245694 0.0251315 0.0263977 0.0263943 0.0265604 0.0186327 0.0191217 0.0203356 0.0253996 0.0243263 0.0245694 0.0251315 0.0263977 0.0263943 0.0265604
20230429 0.0175125 0.0175125 0.0194136 0.0194848 0.0195024 0.0219172 0.0218148 0.0222718 0.0223737 0.0225104 0.0221463 0.0226308 0.0193228 0.0198609 0.0203291 0.0201463 0.0237049 0.0238649 0.0243424 0.0259667 0.0266371 0.0267276 0.0193228 0.0198609 0.0203291 0.0201463 0.0237049 0.0238649 0.0243424 0.0259667 0.0266371 0.0267276
20230430 0.0167511 0.0167511 0.020733 0.0208525 0.0208607 0.0208214 0.0243269 0.024242 0.0245234 0.0246338 0.0245974 0.024324 0.0207093 0.0199951 0.0210449 0.0205425 0.0202646 0.0233062 0.0243429 0.0246024 0.0250874 0.0252398 0.0207093 0.0199951 0.0210449 0.0205425 0.0202646 0.0233062 0.0243429 0.0246024 0.0250874 0.0252398
20230501 0.0168795 0.0168795 0.0206708 0.0206111 0.0206252 0.0206822 0.0208276 0.0239238 0.0238893 0.0239574 0.0244309 0.0242052 0.0205919 0.0208084 0.0208112 0.0212902 0.0209334 0.0211577 0.0252116 0.0257133 0.0262029 0.026631 0.0205919 0.0208084 0.0208112 0.0212902 0.0209334 0.0211577 0.0252116 0.0257133 0.0262029 0.026631
20230502 0.0180264 0.0180264 0.0223908 0.0224141 0.0223943 0.0224244 0.0222978 0.0224227 0.0229955 0.0227807 0.0228899 0.0233194 0.0223293 0.022731 0.0227338 0.0220937 0.0221495 0.0220393 0.0226862 0.0260262 0.02591 0.0267969 0.0223293 0.022731 0.0227338 0.0220937 0.0221495 0.0220393 0.0226862 0.0260262 0.02591 0.0267969
