20190306 0.0233425 0.0233425 0.0250419 0.0253962 0.0254004 0.025698 0.0256982 0.0256979 0.0256995 0.0272796 0.0278183 0.0281372 0.0239807 0.0258136 0.0259728 0.0258511 0.0256609 0.0271455 0.026805 0.0266115 0.0258692 0.025859 0.0239807 0.0258136 0.0259728 0.0258511 0.0256609 0.0271455 0.026805 0.0266115 0.0258692 0.025859
20190313 0.0233985 0.0233985 0.0292433 0.0292632 0.0293496 0.0293521 0.0292634 0.0294994 0.0292126 0.0280174 0.0284309 0.0289345 0.023556 0.0285922 0.0298367 0.0299788 0.0303239 0.0301364 0.0305365 0.0290908 0.0301068 0.0312857 0.023556 0.0285922 0.0298367 0.0299788 0.0303239 0.0301364 0.0305365 0.0290908 0.0301068 0.0312857
20190320 0.0267414 0.0267414 0.029295 0.0295945 0.0297304 0.0296477 0.029695 0.0296122 0.0293991 0.0305484 0.0306544 0.0306268 0.0272234 0.0279169 0.0288861 0.0295557 0.0287997 0.0292414 0.029698 0.028521 0.0287097 0.0296689 0.0272234 0.0279169 0.0288861 0.0295557 0.0287997 0.0292414 0.029698 0.028521 0.0287097 0.0296689
20190327 0.0215269 0.0215269 0.0235071 0.0236272 0.0238396 0.0241079 0.0241765 0.0242406 0.0243136 0.0276597 0.028016 0.0275515 0.0211337 0.0245231 0.0261632 0.0249888 0.0260465 0.0269601 0.026278 0.0261981 0.0271716 0.0280013 0.0211337 0.0245231 0.0261632 0.0249888 0.0260465 0.0269601 0.026278 0.0261981 0.0271716 0.0280013
20190403 0.0232313 0.0232313 0.0251019 0.0251445 0.0252933 0.0252597 0.0251631 0.0256537 0.0268063 0.0274921 0.0269527 0.0275214 0.0233949 0.026411 0.0251305 0.0247556 0.0248178 0.0265338 0.0273126 0.0282692 0.0305095 0.0301041 0.0233949 0.026411 0.0251305 0.0247556 0.0248178 0.0265338 0.0273126 0.0282692 0.0305095 0.0301041
20190410 0.0252581 0.0252581 0.0249497 0.0249686 0.0251658 0.0249509 0.025178 0.0253297 0.0256632 0.0287597 0.0291889 0.0290039 0.0255443 0.0248602 0.0260097 0.0262959 0.0267363 0.0272771 0.0278049 0.0299516 0.0306396 0.0315391 0.0255443 0.0248602 0.0260097 0.0262959 0.0267363 0.0272771 0.0278049 0.0299516 0.0306396 0.0315391
20190417 0.0218301 0.0218301 0.0263425 0.0263926 0.0264196 0.0264549 0.0266763 0.0270037 0.0267209 0.026746 0.026828 0.026721 0.0235665 0.0275289 0.027224 0.0282383 0.0301761 0.0306213 0.0303501 0.0299026 0.0328831 0.0327969 0.0235665 0.0275289 0.027224 0.0282383 0.0301761 0.0306213 0.0303501 0.0299026 0.0328831 0.0327969
20190424 0.0187706 0.0187706 0.0241077 0.0240227 0.0242775 0.0246547 0.0243582 0.0244854 0.0251088 0.0258947 0.0259029 0.0257618 0.0194103 0.0243544 0.0259126 0.0265701 0.0275028 0.0277293 0.026954 0.0273092 0.028623 0.0303417 0.0194103 0.0243544 0.0259126 0.0265701 0.0275028 0.0277293 0.026954 0.0273092 0.028623 0.0303417
20190501 0.0223902 0.0223902 0.0281018 0.0282177 0.0283047 0.028343 0.0283223 0.0283261 0.0281803 0.027814 0.0272228 0.0271448 0.0235451 0.0268875 0.0269182 0.0282509 0.0286835 0.0281876 0.0288521 0.0280743 0.0296015 0.0293354 0.0235451 0.0268875 0.0269182 0.0282509 0.0286835 0.0281876 0.0288521 0.0280743 0.0296015 0.0293354
20190508 0.0257507 0.0257507 0.0314896 0.0313208 0.0314036 0.0314725 0.0318707 0.0318776 0.0318387 0.0321652 0.0318209 0.0324674 0.0275116 0.0329488 0.0331151 0.0333009 0.0325683 0.0333081 0.0314843 0.0316924 0.0326656 0.0330666 0.0275116 0.0329488 0.0331151 0.0333009 0.0325683 0.0333081 0.0314843 0.0316924 0.0326656 0.0330666
20190515 0.0227779 0.0227779 0.0260588 0.0260588 0.0263222 0.0261674 0.0267115 0.0267117 0.0270342 0.0298931 0.0305301 0.0300786 0.0232256 0.0273254 0.0269402 0.0277192 0.0273167 0.0279342 0.0280812 0.0296766 0.032567 0.0338902 0.0232256 0.0273254 0.0269402 0.0277192 0.0273167 0.0279342 0.0280812 0.0296766 0.032567 0.0338902
20190522 0.0196528 0.0196528 0.0210484 0.0212141 0.0213987 0.0217639 0.0215547 0.0215547 0.0215001 0.0219162 0.0219163 0.0225552 0.0204153 0.0210121 0.0221481 0.0225365 0.0215534 0.0210572 0.0220695 0.0226442 0.024564 0.0244594 0.0204153 0.0210121 0.0221481 0.0225365 0.0215534 0.0210572 0.0220695 0.0226442 0.024564 0.0244594
20190529 0.0199851 0.0199851 0.0224507 0.0224506 0.0224427 0.0226233 0.0230326 0.0230316 0.0228654 0.0233267 0.0235218 0.0240925 0.0196198 0.0225775 0.0217583 0.0233181 0.0255321 0.0257652 0.026682 0.0278959 0.0293563 0.0282212 0.0196198 0.0225775 0.0217583 0.0233181 0.0255321 0.0257652 0.026682 0.0278959 0.0293563 0.0282212
20190605 0.0184861 0.0184861 0.0214212 0.0216 0.0217054 0.0223692 0.0223696 0.0223694 0.0223689 0.0249022 0.0249028 0.0256692 0.0184223 0.0226537 0.0243636 0.0257968 0.0277138 0.0281822 0.0248256 0.0262488 0.027476 0.0273215 0.0184223 0.0226537 0.0243636 0.0257968 0.0277138 0.0281822 0.0248256 0.0262488 0.027476 0.0273215
20190612 0.016188 0.016188 0.0211395 0.0212716 0.0213369 0.0215121 0.0218525 0.022329 0.0231141 0.0241435 0.0241193 0.0238678 0.0161738 0.0207454 0.0197404 0.0194953 0.0190849 0.0187157 0.0192688 0.0203004 0.0220083 0.0216059 0.0161738 0.0207454 0.0197404 0.0194953 0.0190849 0.0187157 0.0192688 0.0203004 0.0220083 0.0216059
20190619 0.0161557 0.0161557 0.0248999 0.0250572 0.0250571 0.0250702 0.0251819 0.0251822 0.0251065 0.0251069 0.0251921 0.0257831 0.0157641 0.0244706 0.0244392 0.0233437 0.022895 0.0215811 0.0218839 0.0225996 0.0267155 0.0267227 0.0157641 0.0244706 0.0244392 0.0233437 0.022895 0.0215811 0.0218839 0.0225996 0.0267155 0.0267227
20190626 0.0196324 0.0196324 0.0233452 0.0233451 0.0232401 0.0227993 0.0228637 0.022864 0.0235 0.0286153 0.0282964 0.0282966 0.0196033 0.023037 0.0236768 0.0229641 0.0243651 0.025315 0.0262865 0.0269772 0.0323504 0.0327395 0.0196033 0.023037 0.0236768 0.0229641 0.0243651 0.025315 0.0262865 0.0269772 0.0323504 0.0327395
20190703 0.0179697 0.0179697 0.0219019 0.0220194 0.0221444 0.022151 0.0223744 0.022302 0.0223041 0.0258159 0.0258156 0.0252472 0.0179232 0.0223397 0.0231678 0.0226297 0.0203202 0.0203819 0.0214968 0.0218949 0.0233288 0.0228403 0.0179232 0.0223397 0.0231678 0.0226297 0.0203202 0.0203819 0.0214968 0.0218949 0.0233288 0.0228403
20190710 0.0196872 0.0196872 0.0224786 0.0226097 0.0225376 0.0226941 0.0225653 0.0226052 0.0224321 0.0242993 0.0240159 0.0245306 0.0201272 0.0234241 0.0257358 0.0235034 0.0234164 0.0250361 0.0259886 0.0238677 0.0249829 0.0255057 0.0201272 0.0234241 0.0257358 0.0235034 0.0234164 0.0250361 0.0259886 0.0238677 0.0249829 0.0255057
20190717 0.0189667 0.0189667 0.0232667 0.0232667 0.0232817 0.0237577 0.0240096 0.0241777 0.0242942 0.0237811 0.0247974 0.0241007 0.0201227 0.0239821 0.0233921 0.0229967 0.0246784 0.0250958 0.0251901 0.0251442 0.0292936 0.0297343 0.0201227 0.0239821 0.0233921 0.0229967 0.0246784 0.0250958 0.0251901 0.0251442 0.0292936 0.0297343
20190724 0.0171707 0.0171707 0.0208822 0.0208823 0.0211368 0.0214066 0.0214876 0.0213346 0.0213759 0.0215601 0.021559 0.0214985 0.0175316 0.0227249 0.0232739 0.0243911 0.0240952 0.0239401 0.023722 0.0241218 0.0275331 0.0262943 0.0175316 0.0227249 0.0232739 0.0243911 0.0240952 0.0239401 0.023722 0.0241218 0.0275331 0.0262943
20190731 0.017165 0.017165 0.0204078 0.0208164 0.0204009 0.0204795 0.0202179 0.0200001 0.0206329 0.0256942 0.025718 0.0259555 0.0175232 0.0226021 0.0216564 0.021341 0.0208791 0.0206873 0.0212863 0.0233256 0.026283 0.0273173 0.0175232 0.0226021 0.0216564 0.021341 0.0208791 0.0206873 0.0212863 0.0233256 0.026283 0.0273173
20190805 0.0176425 0.0176425 0.021997 0.0220424 0.0222517 0.0222317 0.0220072 0.0270596 0.0268702 0.0273788 0.0279153 0.0280766 0.0218115 0.0229121 0.0240763 0.0228996 0.0233757 0.0226935 0.0237893 0.0245731 0.0259276 0.0244828 0.0218115 0.0229121 0.0240763 0.0228996 0.0233757 0.0226935 0.0237893 0.0245731 0.0259276 0.0244828
20190807 0.0197336 0.0197336 0.0240453 0.0243779 0.0242078 0.0249269 0.0252259 0.0252698 0.0250126 0.0292811 0.0299609 0.0300557 0.0196731 0.0249061 0.0268603 0.0271346 0.0261278 0.0231314 0.0232912 0.024218 0.0263782 0.0252196 0.0196731 0.0249061 0.0268603 0.0271346 0.0261278 0.0231314 0.0232912 0.024218 0.0263782 0.0252196
20190812 0.0197221 0.0197221 0.0242514 0.0242656 0.0242654 0.0242669 0.0244884 0.0278124 0.0284528 0.0275936 0.0283873 0.0285945 0.0240971 0.0280256 0.0253482 0.0229048 0.0216716 0.0236185 0.0264597 0.0254361 0.0259584 0.0251095 0.0240971 0.0280256 0.0253482 0.0229048 0.0216716 0.0236185 0.0264597 0.0254361 0.0259584 0.0251095
20190814 0.017536 0.017536 0.0210627 0.0212327 0.0211686 0.0217092 0.0217092 0.0217089 0.0218043 0.0249907 0.0248533 0.0256157 0.0180563 0.0211785 0.022828 0.0258142 0.0242449 0.0233523 0.0233675 0.0256495 0.02956 0.0282738 0.0180563 0.0211785 0.022828 0.0258142 0.0242449 0.0233523 0.0233675 0.0256495 0.02956 0.0282738
20190821 0.0191828 0.0191828 0.0219287 0.0219011 0.022975 0.0236323 0.0230158 0.0230161 0.0230193 0.0245442 0.0250174 0.025316 0.019135 0.0236865 0.0226654 0.0205983 0.0204965 0.0221271 0.0242949 0.0254091 0.0255585 0.027532 0.019135 0.0236865 0.0226654 0.0205983 0.0204965 0.0221271 0.0242949 0.0254091 0.0255585 0.027532
20190828 0.0181829 0.0181829 0.0204314 0.0204314 0.0204068 0.0205106 0.0206824 0.0208259 0.0207687 0.0232699 0.0236055 0.0233995 0.0180258 0.0210052 0.0210691 0.0212946 0.0218516 0.0217568 0.0224655 0.0226668 0.0236574 0.0235638 0.0180258 0.0210052 0.0210691 0.0212946 0.0218516 0.0217568 0.0224655 0.0226668 0.0236574 0.0235638
20190904 0.0176069 0.0176069 0.0209245 0.0209253 0.0209254 0.0210388 0.0210389 0.0210395 0.0210386 0.0230567 0.0230518 0.0227319 0.01779 0.0214409 0.022981 0.0234645 0.0240521 0.0231479 0.0225428 0.022726 0.0241117 0.0249468 0.01779 0.0214409 0.022981 0.0234645 0.0240521 0.0231479 0.0225428 0.022726 0.0241117 0.0249468
20190911 0.0195725 0.0195725 0.024372 0.0243717 0.0243717 0.0244777 0.0244763 0.0254122 0.0254107 0.0288393 0.0288421 0.0288396 0.0197908 0.0264484 0.0276889 0.0263053 0.0257719 0.0262245 0.0256785 0.0262534 0.0304715 0.0304833 0.0197908 0.0264484 0.0276889 0.0263053 0.0257719 0.0262245 0.0256785 0.0262534 0.0304715 0.0304833
20190918 0.0174825 0.0174825 0.0203157 0.0204006 0.0203166 0.0206148 0.0213835 0.0213836 0.0213844 0.0243501 0.0243492 0.0243473 0.0174061 0.0217341 0.0236163 0.0260202 0.0260472 0.0238366 0.0251697 0.023634 0.0261462 0.0270402 0.0174061 0.0217341 0.0236163 0.0260202 0.0260472 0.0238366 0.0251697 0.023634 0.0261462 0.0270402
20190925 0.0195093 0.0195093 0.0229672 0.0230304 0.0236389 0.0232897 0.023338 0.0238086 0.023989 0.0283615 0.028113 0.028397 0.0201185 0.0236783 0.0247199 0.0269288 0.0294963 0.0302562 0.0302942 0.030779 0.033033 0.0343516 0.0201185 0.0236783 0.0247199 0.0269288 0.0294963 0.0302562 0.0302942 0.030779 0.033033 0.0343516
20191002 0.0197752 0.0197752 0.0264968 0.0266798 0.0266382 0.0265326 0.0266163 0.0282245 0.0273281 0.029907 0.029714 0.0311758 0.0198218 0.0260861 0.0262412 0.0251289 0.0255357 0.0256711 0.0268291 0.0274496 0.0288827 0.0298668 0.0198218 0.0260861 0.0262412 0.0251289 0.0255357 0.0256711 0.0268291 0.0274496 0.0288827 0.0298668
20191009 0.0232193 0.0232193 0.0279824 0.0279804 0.0287044 0.0288205 0.0290252 0.0293472 0.029524 0.0330444 0.0335797 0.03359 0.024155 0.0291768 0.0267653 0.0259449 0.0273769 0.0300907 0.0300232 0.0320919 0.0378781 0.036899 0.024155 0.0291768 0.0267653 0.0259449 0.0273769 0.0300907 0.0300232 0.0320919 0.0378781 0.036899
20191016 0.0199696 0.0199696 0.0242241 0.0242957 0.0246611 0.0250826 0.0254766 0.0252471 0.0256239 0.0288824 0.0283059 0.0292479 0.0209006 0.0243072 0.026863 0.0278879 0.0270933 0.0276372 0.0273274 0.0276161 0.0305874 0.0297894 0.0209006 0.0243072 0.026863 0.0278879 0.0270933 0.0276372 0.0273274 0.0276161 0.0305874 0.0297894
20191023 0.0209648 0.0209648 0.0262178 0.0262853 0.0266557 0.0267099 0.0271767 0.0274498 0.0281181 0.0312626 0.0311427 0.0314947 0.0212001 0.0270449 0.0278272 0.0274258 0.0274194 0.0272261 0.0273047 0.0283654 0.0291265 0.0297963 0.0212001 0.0270449 0.0278272 0.0274258 0.0274194 0.0272261 0.0273047 0.0283654 0.0291265 0.0297963
20191030 0.0209364 0.0209364 0.0256146 0.0257316 0.0258016 0.0259545 0.0261281 0.0265781 0.0267023 0.0296448 0.030032 0.0304613 0.0216348 0.0261588 0.0268163 0.0260013 0.0271405 0.0264894 0.0265204 0.0281569 0.0310813 0.031006 0.0216348 0.0261588 0.0268163 0.0260013 0.0271405 0.0264894 0.0265204 0.0281569 0.0310813 0.031006
20191106 0.0206474 0.0206474 0.0264136 0.0264778 0.0263539 0.0265522 0.026612 0.0272005 0.0272663 0.0288211 0.030118 0.0291135 0.0211047 0.0271927 0.0286192 0.0278802 0.0275057 0.0281518 0.0289127 0.0309082 0.0332602 0.0323848 0.0211047 0.0271927 0.0286192 0.0278802 0.0275057 0.0281518 0.0289127 0.0309082 0.0332602 0.0323848
20191113 0.0186616 0.0186616 0.0215121 0.0215892 0.02163 0.0216271 0.0219371 0.0219012 0.0216872 0.0260102 0.0261442 0.0271862 0.0188556 0.0222865 0.0232483 0.0240243 0.0255057 0.0261139 0.0255462 0.0267025 0.0280178 0.0267624 0.0188556 0.0222865 0.0232483 0.0240243 0.0255057 0.0261139 0.0255462 0.0267025 0.0280178 0.0267624
20191120 0.0177912 0.0177912 0.0206848 0.0206685 0.0208589 0.0210596 0.0213811 0.0213817 0.021423 0.0234885 0.0237683 0.0232142 0.0184737 0.0207138 0.0212393 0.0222917 0.0231921 0.0235143 0.0245475 0.0248008 0.027446 0.0283484 0.0184737 0.0207138 0.0212393 0.0222917 0.0231921 0.0235143 0.0245475 0.0248008 0.027446 0.0283484
20191127 0.0189979 0.0189979 0.0231303 0.0231226 0.0237089 0.0238211 0.0238516 0.0239051 0.0244653 0.0297651 0.0299758 0.0297238 0.0193653 0.022173 0.0224747 0.0227215 0.0216568 0.0232436 0.0235384 0.0252297 0.027835 0.0280534 0.0193653 0.022173 0.0224747 0.0227215 0.0216568 0.0232436 0.0235384 0.0252297 0.027835 0.0280534
20191204 0.0209904 0.0209904 0.0249741 0.0248206 0.0249512 0.0253176 0.0249135 0.0253227 0.025577 0.0274602 0.0278529 0.0277938 0.021211 0.0245559 0.0256461 0.0251991 0.0236839 0.0239847 0.0238924 0.0246339 0.025505 0.0256031 0.021211 0.0245559 0.0256461 0.0251991 0.0236839 0.0239847 0.0238924 0.0246339 0.025505 0.0256031
20191211 0.0185961 0.0185961 0.0209745 0.0210202 0.0212031 0.0214262 0.021575 0.0216124 0.0220697 0.0252446 0.0252562 0.0252783 0.0188964 0.0235525 0.0254517 0.0260004 0.0251019 0.0252519 0.0250584 0.0261315 0.0286771 0.0293541 0.0188964 0.0235525 0.0254517 0.0260004 0.0251019 0.0252519 0.0250584 0.0261315 0.0286771 0.0293541
20191218 0.0193643 0.0193643 0.0224023 0.0225759 0.0227966 0.0230496 0.0229122 0.0228757 0.0228033 0.0257777 0.0259471 0.0260491 0.0195703 0.0227315 0.0235841 0.0238224 0.0244333 0.0250273 0.0253957 0.0258155 0.0281728 0.0284073 0.0195703 0.0227315 0.0235841 0.0238224 0.0244333 0.0250273 0.0253957 0.0258155 0.0281728 0.0284073
20191225 0.0184202 0.0184202 0.0204981 0.0205276 0.0205094 0.0208997 0.0212744 0.0215962 0.0216619 0.0236852 0.0237124 0.0238984 0.018659 0.0215903 0.0228836 0.0233306 0.022828 0.022682 0.022588 0.0236715 0.0255118 0.0263226 0.018659 0.0215903 0.0228836 0.0233306 0.022828 0.022682 0.022588 0.0236715 0.0255118 0.0263226
20200101 0.0177575 0.0177575 0.0198952 0.0199838 0.0203126 0.0201893 0.0198414 0.020231 0.0202587 0.0233617 0.0230605 0.0234922 0.0188796 0.0198974 0.0200954 0.0214135 0.0219255 0.0227278 0.0225976 0.0224835 0.0264012 0.0253456 0.0188796 0.0198974 0.0200954 0.0214135 0.0219255 0.0227278 0.0225976 0.0224835 0.0264012 0.0253456
20200108 0.0188469 0.0188469 0.0213277 0.0213281 0.0213523 0.0213411 0.0214023 0.0218252 0.0217715 0.0245346 0.0253184 0.0253374 0.0187954 0.022426 0.0227488 0.0231725 0.0236784 0.024842 0.0246674 0.025114 0.0256213 0.0272397 0.0187954 0.022426 0.0227488 0.0231725 0.0236784 0.024842 0.0246674 0.025114 0.0256213 0.0272397
20200115 0.0200386 0.0200386 0.0217934 0.0216766 0.0220586 0.0224328 0.0224175 0.023007 0.0229602 0.0248881 0.024907 0.0252299 0.0200367 0.0218755 0.0236865 0.0240657 0.0246918 0.0249862 0.0251909 0.0256518 0.0247044 0.0258433 0.0200367 0.0218755 0.0236865 0.0240657 0.0246918 0.0249862 0.0251909 0.0256518 0.0247044 0.0258433
20200122 0.0179703 0.0179703 0.0201529 0.0202039 0.019989 0.020148 0.0206376 0.0208954 0.0209048 0.0223324 0.0226802 0.0228652 0.018044 0.021165 0.0226197 0.0228087 0.0224028 0.022068 0.0214925 0.0218584 0.0234472 0.0240044 0.018044 0.021165 0.0226197 0.0228087 0.0224028 0.022068 0.0214925 0.0218584 0.0234472 0.0240044
20200129 0.0153994 0.0153994 0.0187946 0.0189989 0.0188707 0.0188116 0.0189489 0.019235 0.0190713 0.0209452 0.0210592 0.0208644 0.0154752 0.0188938 0.0193062 0.0200999 0.0208509 0.0207729 0.0208237 0.0208871 0.0228287 0.0228874 0.0154752 0.0188938 0.0193062 0.0200999 0.0208509 0.0207729 0.0208237 0.0208871 0.0228287 0.0228874
20200205 0.0189419 0.0189419 0.0202127 0.0203127 0.0205088 0.0204722 0.0204195 0.0211081 0.0208717 0.0222504 0.0224195 0.0228489 0.0192281 0.0211477 0.0219851 0.0223312 0.0229293 0.0220767 0.021962 0.0223107 0.0254048 0.0259816 0.0192281 0.0211477 0.0219851 0.0223312 0.0229293 0.0220767 0.021962 0.0223107 0.0254048 0.0259816
20200212 0.0235469 0.0235469 0.0242624 0.0242623 0.0242474 0.024249 0.0246534 0.0246542 0.024885 0.0265787 0.026544 0.0266508 0.0236969 0.0239726 0.0234324 0.0231336 0.0229366 0.0235861 0.0239607 0.0241602 0.0247338 0.0259173 0.0236969 0.0239726 0.0234324 0.0231336 0.0229366 0.0235861 0.0239607 0.0241602 0.0247338 0.0259173
20200219 0.0182952 0.0182952 0.0223267 0.0222928 0.0224358 0.0223938 0.0223268 0.023512 0.023512 0.0251038 0.0251045 0.025051 0.0215434 0.0231361 0.0230043 0.0229383 0.0230968 0.0222914 0.0223558 0.0239972 0.025763 0.0259284 0.0215434 0.0231361 0.0230043 0.0229383 0.0230968 0.0222914 0.0223558 0.0239972 0.025763 0.0259284
20200226 0.0177112 0.0177112 0.0223552 0.0224326 0.0224753 0.0225514 0.0227237 0.0227261 0.0230062 0.0229899 0.022803 0.0229156 0.018068 0.0224946 0.0218836 0.0219777 0.0219683 0.021453 0.0213075 0.0217982 0.0218818 0.0217909 0.018068 0.0224946 0.0218836 0.0219777 0.0219683 0.021453 0.0213075 0.0217982 0.0218818 0.0217909
20200304 0.0180803 0.0180803 0.020258 0.0205384 0.0205383 0.0206873 0.0205112 0.0203189 0.0205971 0.0250335 0.0241083 0.0241332 0.0188047 0.0207213 0.021239 0.022143 0.0223427 0.0221101 0.0223769 0.022016 0.0245088 0.0240758 0.0188047 0.0207213 0.021239 0.022143 0.0223427 0.0221101 0.0223769 0.022016 0.0245088 0.0240758
20200311 0.0207839 0.0207839 0.0238489 0.0239748 0.0240899 0.0240291 0.0242049 0.0247173 0.0243567 0.0269506 0.0257199 0.0257202 0.0210089 0.0239744 0.0251453 0.0247659 0.0250541 0.0256833 0.0250657 0.0243238 0.0257046 0.0250444 0.0210089 0.0239744 0.0251453 0.0247659 0.0250541 0.0256833 0.0250657 0.0243238 0.0257046 0.0250444
20200318 0.0180831 0.0180831 0.0205423 0.0205407 0.0205407 0.0204922 0.0210042 0.0209887 0.0210516 0.0216564 0.0219413 0.0223644 0.0183143 0.0209525 0.0212337 0.0215387 0.0210896 0.0208352 0.0203029 0.0203519 0.0228937 0.0234665 0.0183143 0.0209525 0.0212337 0.0215387 0.0210896 0.0208352 0.0203029 0.0203519 0.0228937 0.0234665
20200325 0.0200684 0.0200684 0.023339 0.0234037 0.0235062 0.0234922 0.0235434 0.0235434 0.02415 0.0252463 0.0252442 0.0252455 0.0205526 0.0239871 0.0250709 0.0249678 0.0247672 0.0243826 0.0245769 0.0251989 0.0242919 0.0251226 0.0205526 0.0239871 0.0250709 0.0249678 0.0247672 0.0243826 0.0245769 0.0251989 0.0242919 0.0251226
20200401 0.0176011 0.0176011 0.0192476 0.0194412 0.0197444 0.0197444 0.0199911 0.019991 0.0199157 0.021289 0.0214685 0.0217489 0.0177327 0.0198115 0.020516 0.02046 0.0211083 0.0217162 0.0215049 0.0223042 0.0244606 0.025337 0.0177327 0.0198115 0.020516 0.02046 0.0211083 0.0217162 0.0215049 0.0223042 0.0244606 0.025337
20200408 0.0179221 0.0179221 0.0205247 0.0205321 0.0206041 0.0205069 0.0208354 0.0207987 0.0208374 0.0211856 0.0211328 0.0216339 0.0192267 0.0209471 0.0215533 0.0219167 0.0215144 0.0211356 0.0215008 0.0212683 0.0223919 0.0230003 0.0192267 0.0209471 0.0215533 0.0219167 0.0215144 0.0211356 0.0215008 0.0212683 0.0223919 0.0230003
20200415 0.0167981 0.0167981 0.0181687 0.0181054 0.0180009 0.018237 0.0183686 0.0184852 0.0184655 0.0203462 0.0205711 0.0206607 0.0168948 0.0182027 0.0188112 0.0194713 0.0196443 0.0194047 0.0206326 0.0209071 0.0221495 0.0228924 0.0168948 0.0182027 0.0188112 0.0194713 0.0196443 0.0194047 0.0206326 0.0209071 0.0221495 0.0228924
20200422 0.0164456 0.0164456 0.0195057 0.0195617 0.0196201 0.0195753 0.0196791 0.0197455 0.0198667 0.0209282 0.021057 0.0206898 0.0168991 0.0188011 0.0187616 0.0187129 0.0187837 0.0190277 0.019664 0.0200166 0.0216886 0.0209288 0.0168991 0.0188011 0.0187616 0.0187129 0.0187837 0.0190277 0.019664 0.0200166 0.0216886 0.0209288
20200506 0.0191551 0.0191551 0.0225832 0.0228182 0.0229537 0.022964 0.0232596 0.0234799 0.0234976 0.0240269 0.0245046 0.0246279 0.0204284 0.0228169 0.0224559 0.0219732 0.0217766 0.0225338 0.0221364 0.0225408 0.0246729 0.0259895 0.0204284 0.0228169 0.0224559 0.0219732 0.0217766 0.0225338 0.0221364 0.0225408 0.0246729 0.0259895
20200513 0.0166338 0.0166338 0.0186814 0.0186952 0.0187164 0.0187617 0.0188409 0.0188925 0.0188344 0.0209089 0.0210964 0.0210361 0.0172421 0.0187873 0.0191289 0.0189466 0.0188174 0.0197763 0.0193974 0.0189616 0.0217132 0.021742 0.0172421 0.0187873 0.0191289 0.0189466 0.0188174 0.0197763 0.0193974 0.0189616 0.0217132 0.021742
20200527 0.0180293 0.0180293 0.0205644 0.0205768 0.020694 0.020887 0.0209636 0.0209651 0.0212789 0.0229823 0.023193 0.0228853 0.0184689 0.0207609 0.0225876 0.0221716 0.0223505 0.0240208 0.0243695 0.0234084 0.0245249 0.0244006 0.0184689 0.0207609 0.0225876 0.0221716 0.0223505 0.0240208 0.0243695 0.0234084 0.0245249 0.0244006
20200603 0.0202203 0.0202203 0.0227204 0.0228076 0.0227216 0.0228043 0.0229177 0.0228776 0.022841 0.0233516 0.0233945 0.0235733 0.0208831 0.0230892 0.022512 0.0222415 0.0213192 0.0208706 0.0219245 0.0232067 0.025002 0.0258101 0.0208831 0.0230892 0.022512 0.0222415 0.0213192 0.0208706 0.0219245 0.0232067 0.025002 0.0258101
20200610 0.0170557 0.0170557 0.0200532 0.0202435 0.0203486 0.0206501 0.0208848 0.0208851 0.0210727 0.0227284 0.023114 0.0229265 0.017161 0.0201931 0.0195406 0.0193867 0.0197444 0.020248 0.0210901 0.0220787 0.0220021 0.0221395 0.017161 0.0201931 0.0195406 0.0193867 0.0197444 0.020248 0.0210901 0.0220787 0.0220021 0.0221395
20200617 0.0202323 0.0202323 0.0238614 0.0238211 0.0240489 0.0240569 0.0246681 0.0246648 0.0246981 0.0281614 0.0280724 0.0283 0.0207942 0.0255235 0.0256908 0.0262018 0.0257707 0.0255203 0.0263103 0.0268184 0.0281087 0.0281 0.0207942 0.0255235 0.0256908 0.0262018 0.0257707 0.0255203 0.0263103 0.0268184 0.0281087 0.0281
20200624 0.0165215 0.0165215 0.0195449 0.0195712 0.0196078 0.0194446 0.0194784 0.0196339 0.0196334 0.0230333 0.0227943 0.0228813 0.016747 0.020383 0.0210991 0.0212679 0.02142 0.0209092 0.0198819 0.0205139 0.0238538 0.0242106 0.016747 0.020383 0.0210991 0.0212679 0.02142 0.0209092 0.0198819 0.0205139 0.0238538 0.0242106
20200701 0.0173156 0.0173156 0.019595 0.0195307 0.0193732 0.0191092 0.0192931 0.0191428 0.0191349 0.0212389 0.0208744 0.0214522 0.0172371 0.0184339 0.0186047 0.0188123 0.0195779 0.0207246 0.0208885 0.0209709 0.023904 0.0231046 0.0172371 0.0184339 0.0186047 0.0188123 0.0195779 0.0207246 0.0208885 0.0209709 0.023904 0.0231046
20200708 0.0189474 0.0189474 0.0232725 0.0231945 0.0231316 0.0232189 0.0234744 0.0234743 0.0236706 0.0237194 0.0236081 0.0239621 0.0195175 0.0232187 0.0245226 0.0250883 0.0247212 0.0248138 0.0230054 0.022532 0.0260013 0.0265449 0.0195175 0.0232187 0.0245226 0.0250883 0.0247212 0.0248138 0.0230054 0.022532 0.0260013 0.0265449
20200715 0.0169044 0.0169044 0.0190187 0.0190063 0.0191052 0.0190797 0.0193135 0.0194347 0.0189423 0.0218924 0.0219712 0.0224091 0.017321 0.0187274 0.0193912 0.019025 0.0192852 0.0189585 0.019685 0.019913 0.0219971 0.0209645 0.017321 0.0187274 0.0193912 0.019025 0.0192852 0.0189585 0.019685 0.019913 0.0219971 0.0209645
20200722 0.0190934 0.0190934 0.0215165 0.0214835 0.0214549 0.0216281 0.0218056 0.0221096 0.0220659 0.0247424 0.0250078 0.0253266 0.0190422 0.0220261 0.0229747 0.023464 0.0246476 0.0242673 0.0234234 0.0236734 0.0244676 0.0247781 0.0190422 0.0220261 0.0229747 0.023464 0.0246476 0.0242673 0.0234234 0.0236734 0.0244676 0.0247781
20200729 0.0178729 0.0178729 0.0216482 0.0215628 0.0216742 0.0219614 0.022221 0.0220885 0.0218556 0.0237477 0.0239242 0.0244197 0.0183338 0.0224876 0.0211281 0.0207542 0.0219599 0.0216556 0.021848 0.0224201 0.0242465 0.024116 0.0183338 0.0224876 0.0211281 0.0207542 0.0219599 0.0216556 0.021848 0.0224201 0.0242465 0.024116
20230131 0.0161258 0.0161258 0.0180512 0.0181786 0.0182163 0.0180162 0.018007 0.0181587 0.0222265 0.0222265 0.0223045 0.0223052 0.0179922 0.0183529 0.0182842 0.0179622 0.0179237 0.0178159 0.0178936 0.022768 0.0227515 0.0217372 0.0179922 0.0183529 0.0182842 0.0179622 0.0179237 0.0178159 0.0178936 0.022768 0.0227515 0.0217372
20230228 0.0176245 0.0176245 0.0206594 0.0208212 0.0210427 0.0214646 0.0212991 0.0210084 0.0219995 0.0225795 0.0222495 0.0226437 0.0205506 0.0214111 0.0217976 0.0226561 0.0227896 0.0227395 0.0236188 0.0235852 0.0237505 0.0238808 0.0205506 0.0214111 0.0217976 0.0226561 0.0227896 0.0227395 0.0236188 0.0235852 0.0237505 0.0238808
20230310 0.0170783 0.0170783 0.0179949 0.0179394 0.0203147 0.0203898 0.0202755 0.0206542 0.0205257 0.0209262 0.0206745 0.0216113 0.0179904 0.018036 0.019073 0.0209366 0.0207424 0.0201759 0.020669 0.0210925 0.0222749 0.0239951 0.0179904 0.018036 0.019073 0.0209366 0.0207424 0.0201759 0.020669 0.0210925 0.0222749 0.0239951
20230311 0.0167688 0.0167688 0.0182229 0.0181965 0.0183228 0.0201933 0.0200997 0.0205475 0.0206537 0.0208549 0.0210292 0.0208658 0.0181525 0.0178244 0.0183567 0.0185821 0.020469 0.0207417 0.0205044 0.0207247 0.0206789 0.0215141 0.0181525 0.0178244 0.0183567 0.0185821 0.020469 0.0207417 0.0205044 0.0207247 0.0206789 0.0215141
20230312 0.0154675 0.0154675 0.0179241 0.018034 0.0180597 0.0181586 0.0199459 0.0197124 0.0196233 0.020347 0.020487 0.0207847 0.0178995 0.018203 0.0185041 0.0183705 0.0179218 0.0194942 0.0192584 0.0187456 0.0181002 0.0183554 0.0178995 0.018203 0.0185041 0.0183705 0.0179218 0.0194942 0.0192584 0.0187456 0.0181002 0.0183554
20230313 0.0151595 0.0151595 0.0174237 0.0173767 0.017479 0.0175824 0.0176895 0.0188125 0.0182888 0.0183261 0.0186846 0.0189678 0.0174165 0.0181822 0.0183269 0.0184263 0.0181826 0.0173401 0.0181527 0.0182127 0.0180998 0.0186374 0.0174165 0.0181822 0.0183269 0.0184263 0.0181826 0.0173401 0.0181527 0.0182127 0.0180998 0.0186374
20230314 0.0153544 0.0153544 0.0169955 0.0170536 0.0170986 0.0172177 0.017094 0.0175373 0.0198937 0.0194804 0.0199802 0.0201492 0.0169704 0.0175595 0.0181302 0.0187712 0.0187315 0.018995 0.0174136 0.0174526 0.0178193 0.0177506 0.0169704 0.0175595 0.0181302 0.0187712 0.0187315 0.018995 0.0174136 0.0174526 0.0178193 0.0177506
20230315 0.0199779 0.0199779 0.021341 0.0213834 0.0214127 0.0213345 0.0216392 0.0217146 0.0217789 0.024524 0.0238531 0.0247643 0.0195625 0.0210728 0.0216658 0.0216306 0.022663 0.022889 0.0233043 0.0219181 0.0223016 0.0218523 0.0195625 0.0210728 0.0216658 0.0216306 0.022663 0.022889 0.0233043 0.0219181 0.0223016 0.0218523
20230316 0.0862648 0.0862648 0.0809692 0.0841824 0.0842284 0.0838709 0.0817696 0.0828155 0.0832902 0.0863359 0.0883224 0.0861398 0.080964 0.0776877 0.0810791 0.0624753 0.0580348 0.0600958 0.0571853 0.0545031 0.0531283 0.0634308 0.080964 0.0776877 0.0810791 0.0624753 0.0580348 0.0600958 0.0571853 0.0545031 0.0531283 0.0634308
20230317 0.198696 0.198696 0.193707 0.193793 0.200738 0.201362 0.200327 0.198588 0.19991 0.198892 0.20166 0.200131 0.193707 0.190531 0.192391 0.19759 0.178461 0.167458 0.170623 0.170299 0.164806 0.170027 0.193707 0.190531 0.192391 0.19759 0.178461 0.167458 0.170623 0.170299 0.164806 0.170027
20230318 0.244185 0.244185 0.236896 0.236896 0.237678 0.242487 0.243751 0.24625 0.244438 0.244456 0.242389 0.240613 0.236896 0.239172 0.235695 0.24364 0.24498 0.246143 0.247322 0.24577 0.247905 0.25333 0.236896 0.239172 0.235695 0.24364 0.24498 0.246143 0.247322 0.24577 0.247905 0.25333
20230319 0.116669 0.116669 0.121481 0.121481 0.121481 0.121217 0.117096 0.116651 0.117757 0.11585 0.118987 0.119578 0.121481 0.119384 0.1204 0.118535 0.120808 0.126564 0.122142 0.117359 0.116822 0.117749 0.121481 0.119384 0.1204 0.118535 0.120808 0.126564 0.122142 0.117359 0.116822 0.117749
20230320 0.0465152 0.0465152 0.0573782 0.0573782 0.0573782 0.0573785 0.0577633 0.0476661 0.046754 0.0460048 0.0483249 0.0494988 0.0565845 0.0581775 0.0533531 0.0516562 0.0516345 0.0528606 0.0581803 0.0497546 0.0423964 0.0411667 0.0565845 0.0581775 0.0533531 0.0516562 0.0516345 0.0528606 0.0581803 0.0497546 0.0423964 0.0411667
20230321 0.0205691 0.0205691 0.0223496 0.0227743 0.0227743 0.0227742 0.0227742 0.0237608 0.0261986 0.0263704 0.0262647 0.0267275 0.0222885 0.0244405 0.0250223 0.0247927 0.024519 0.024468 0.0244447 0.0272607 0.0265963 0.0265801 0.0222885 0.0244405 0.0250223 0.0247927 0.024519 0.024468 0.0244447 0.0272607 0.0265963 0.0265801
20230322 0.0177388 0.0177388 0.0194549 0.0194757 0.0198849 0.0198849 0.0198849 0.0198849 0.0203822 0.0238952 0.0238702 0.0233385 0.0177417 0.0202806 0.0216006 0.0220822 0.0220939 0.022718 0.0228725 0.0227825 0.0247734 0.0242331 0.0177417 0.0202806 0.0216006 0.0220822 0.0220939 0.022718 0.0228725 0.0227825 0.0247734 0.0242331
20230323 0.0157945 0.0157945 0.0157662 0.0180891 0.0180903 0.0184032 0.0184032 0.0184028 0.0184031 0.0182221 0.0208767 0.0213443 0.0157527 0.0161198 0.0196722 0.0202269 0.020628 0.0206356 0.0217089 0.0217646 0.0207843 0.0234311 0.0157527 0.0161198 0.0196722 0.0202269 0.020628 0.0206356 0.0217089 0.0217646 0.0207843 0.0234311
20230324 0.016654 0.016654 0.0177239 0.0176997 0.0197307 0.0197856 0.020193 0.0201932 0.0201932 0.020193 0.0202912 0.0213755 0.0176999 0.0181775 0.0181115 0.0208396 0.0216391 0.0211266 0.0208718 0.0218486 0.0219854 0.021407 0.0176999 0.0181775 0.0181115 0.0208396 0.0216391 0.0211266 0.0208718 0.0218486 0.0219854 0.021407
20230325 0.0169509 0.0169509 0.019524 0.0195058 0.0194842 0.0199302 0.0198559 0.0200449 0.0200437 0.0200454 0.0200453 0.0203722 0.0194633 0.0193283 0.0194787 0.0197179 0.0209112 0.0211182 0.0208915 0.0212314 0.021746 0.0219786 0.0194633 0.0193283 0.0194787 0.0197179 0.0209112 0.0211182 0.0208915 0.0212314 0.021746 0.0219786
20230326 0.0176062 0.0176062 0.0204015 0.0205469 0.0206477 0.0205726 0.0226474 0.0227327 0.0228133 0.0228148 0.0228124 0.0228131 0.0203744 0.0206358 0.020884 0.021316 0.0215523 0.0225942 0.0225061 0.0217898 0.0214021 0.0215366 0.0203744 0.0206358 0.020884 0.021316 0.0215523 0.0225942 0.0225061 0.0217898 0.0214021 0.0215366
20230327 0.0173227 0.0173227 0.0186425 0.0185776 0.0185381 0.0187432 0.0188809 0.0237014 0.0238926 0.0248752 0.0248753 0.0248757 0.0185687 0.0201935 0.0214312 0.0222412 0.0228829 0.0218293 0.0229909 0.0234537 0.0234081 0.02282 0.0185687 0.0201935 0.0214312 0.0222412 0.0228829 0.0218293 0.0229909 0.0234537 0.0234081 0.02282
20230328 0.0174588 0.0174588 0.0197668 0.0198573 0.0198277 0.0197648 0.019867 0.0202438 0.0223717 0.0225727 0.0234024 0.0234024 0.0198179 0.0203194 0.0215032 0.0222015 0.0231354 0.0211493 0.0200148 0.0218327 0.0218487 0.0225184 0.0198179 0.0203194 0.0215032 0.0222015 0.0231354 0.0211493 0.0200148 0.0218327 0.0218487 0.0225184
20230329 0.0169422 0.0169422 0.0201061 0.0202088 0.0202564 0.0203393 0.0206749 0.0205668 0.0212141 0.022708 0.022825 0.0230733 0.0173508 0.0204426 0.0210753 0.0219602 0.021557 0.0208279 0.0196038 0.0191236 0.0203751 0.0205204 0.0173508 0.0204426 0.0210753 0.0219602 0.021557 0.0208279 0.0196038 0.0191236 0.0203751 0.0205204
20230330 0.0162395 0.0162395 0.0169019 0.0192578 0.019142 0.0191354 0.0191435 0.0192727 0.0196256 0.0195172 0.0209726 0.0207803 0.016915 0.0173706 0.020204 0.0208412 0.0200432 0.0184504 0.0181693 0.0176647 0.0182024 0.0205655 0.016915 0.0173706 0.020204 0.0208412 0.0200432 0.0184504 0.0181693 0.0176647 0.0182024 0.0205655
20230331 0.0167901 0.0167901 0.0178422 0.0179054 0.0192303 0.0194421 0.0196286 0.0194752 0.0195824 0.0197401 0.0200636 0.0210859 0.0178084 0.0176145 0.0177179 0.0201805 0.0205113 0.0194003 0.0187073 0.0185648 0.0182115 0.018965 0.0178084 0.0176145 0.0177179 0.0201805 0.0205113 0.0194003 0.0187073 0.0185648 0.0182115 0.018965
20230401 0.0158598 0.0158598 0.0174249 0.0175293 0.0174471 0.0179345 0.0182707 0.0182663 0.0183291 0.019005 0.0184271 0.0189429 0.017348 0.0182192 0.018749 0.0182517 0.0193464 0.0187467 0.0187328 0.0191407 0.0199595 0.0196743 0.017348 0.0182192 0.018749 0.0182517 0.0193464 0.0187467 0.0187328 0.0191407 0.0199595 0.0196743
20230402 0.01588 0.01588 0.0178991 0.0179808 0.0179782 0.0181418 0.0188901 0.0189784 0.01906 0.0191384 0.0191741 0.019261 0.0178981 0.0180742 0.0182186 0.0185463 0.0178979 0.0190778 0.019094 0.0197374 0.0201147 0.0198837 0.0178981 0.0180742 0.0182186 0.0185463 0.0178979 0.0190778 0.019094 0.0197374 0.0201147 0.0198837
20230403 0.0165757 0.0165757 0.0187321 0.0186793 0.0186856 0.0188632 0.0187874 0.0196901 0.0198078 0.0198356 0.0199834 0.020122 0.018727 0.0185156 0.0185102 0.0184533 0.0188328 0.0178095 0.0198517 0.0209632 0.0216289 0.022015 0.018727 0.0185156 0.0185102 0.0184533 0.0188328 0.0178095 0.0198517 0.0209632 0.0216289 0.022015
20230404 0.0164888 0.0164888 0.0186393 0.0185571 0.0186663 0.0187479 0.0188153 0.0191532 0.019668 0.0198002 0.0197426 0.0202809 0.0186281 0.0189409 0.0190035 0.0193935 0.0192508 0.0191991 0.0187217 0.0210782 0.0218191 0.021791 0.0186281 0.0189409 0.0190035 0.0193935 0.0192508 0.0191991 0.0187217 0.0210782 0.0218191 0.021791
20230405 0.0163647 0.0163647 0.0187206 0.0187761 0.0186014 0.0184786 0.0183975 0.0186552 0.0184892 0.0195559 0.0195634 0.0196439 0.0168376 0.0186305 0.0191515 0.0194832 0.0198742 0.0189017 0.0190984 0.0195576 0.0208051 0.0210842 0.0168376 0.0186305 0.0191515 0.0194832 0.0198742 0.0189017 0.0190984 0.0195576 0.0208051 0.0210842
20230406 0.0161035 0.0161035 0.0174918 0.0197984 0.0199531 0.0199573 0.0201648 0.0200193 0.0199578 0.01997 0.021275 0.0217211 0.0174438 0.0172238 0.0198022 0.0198369 0.0191326 0.0192453 0.0197354 0.0205465 0.0203871 0.021513 0.0174438 0.0172238 0.0198022 0.0198369 0.0191326 0.0192453 0.0197354 0.0205465 0.0203871 0.021513
20230407 0.0182587 0.0182587 0.019697 0.0196231 0.0206315 0.0207362 0.0206712 0.0207983 0.0206829 0.0206082 0.0203084 0.023285 0.0196819 0.0194082 0.019879 0.0213075 0.0213367 0.0212047 0.021259 0.0216145 0.0220921 0.0217982 0.0196819 0.0194082 0.019879 0.0213075 0.0213367 0.0212047 0.021259 0.0216145 0.0220921 0.0217982
20230408 0.01755 0.01755 0.0190129 0.0191846 0.0190781 0.0206017 0.0207587 0.0207326 0.0207358 0.0203918 0.0207639 0.0207753 0.0190581 0.0195068 0.0191894 0.0192748 0.0209786 0.0200894 0.0199266 0.019944 0.0195848 0.0195411 0.0190581 0.0195068 0.0191894 0.0192748 0.0209786 0.0200894 0.0199266 0.019944 0.0195848 0.0195411
20230409 0.0164955 0.0164955 0.0182251 0.0181254 0.0179824 0.0181222 0.0205611 0.0204624 0.0204634 0.0206162 0.0201614 0.0206967 0.0181575 0.0175586 0.0181772 0.018352 0.0185003 0.0194184 0.01867 0.0191884 0.0194734 0.0196105 0.0181575 0.0175586 0.0181772 0.018352 0.0185003 0.0194184 0.01867 0.0191884 0.0194734 0.0196105
20230410 0.016496 0.016496 0.0184352 0.0185202 0.0186654 0.0186969 0.0188809 0.0215277 0.0213705 0.021497 0.0215025 0.0212975 0.0184276 0.0189846 0.0190129 0.0193827 0.0196337 0.0201983 0.0195936 0.0199279 0.0203805 0.02044 0.0184276 0.0189846 0.0190129 0.0193827 0.0196337 0.0201983 0.0195936 0.0199279 0.0203805 0.02044
20230411 0.0175591 0.0175591 0.020845 0.020886 0.0208194 0.020749 0.0207307 0.020862 0.021665 0.0216514 0.0219833 0.0219987 0.020794 0.0194349 0.0188497 0.0187987 0.0195403 0.0196698 0.020024 0.0201265 0.0205194 0.0209984 0.020794 0.0194349 0.0188497 0.0187987 0.0195403 0.0196698 0.020024 0.0201265 0.0205194 0.0209984
20230412 0.0182574 0.0182574 0.0230028 0.0231686 0.0232023 0.0231811 0.0234254 0.0233052 0.0231237 0.0209988 0.0210647 0.0215574 0.018496 0.0226259 0.0211176 0.0203736 0.0204495 0.0209034 0.0199471 0.0200358 0.0212628 0.020951 0.018496 0.0226259 0.0211176 0.0203736 0.0204495 0.0209034 0.0199471 0.0200358 0.0212628 0.020951
20230413 0.0194761 0.0194761 0.020153 0.0230018 0.0231833 0.0231438 0.0232097 0.0231979 0.0235157 0.0238943 0.0223177 0.0228671 0.0200763 0.0200392 0.0232763 0.0229607 0.0228167 0.0228849 0.0233562 0.0222365 0.0222926 0.0246167 0.0200763 0.0200392 0.0232763 0.0229607 0.0228167 0.0228849 0.0233562 0.0222365 0.0222926 0.0246167
20230414 0.0172696 0.0172696 0.0192976 0.0192857 0.0199153 0.0198882 0.0200766 0.019958 0.0203662 0.0203962 0.0204356 0.0219635 0.0192402 0.0189025 0.0193073 0.0215882 0.0216855 0.0228383 0.0226013 0.0234668 0.0233016 0.0230628 0.0192402 0.0189025 0.0193073 0.0215882 0.0216855 0.0228383 0.0226013 0.0234668 0.0233016 0.0230628
20230415 0.0168022 0.0168022 0.0192361 0.0191835 0.0191622 0.02169 0.0220215 0.02204 0.0223093 0.0225 0.022384 0.0230976 0.0190897 0.0192972 0.0193063 0.0202673 0.0222389 0.0223582 0.0222494 0.022523 0.0235606 0.0224855 0.0190897 0.0192972 0.0193063 0.0202673 0.0222389 0.0223582 0.0222494 0.022523 0.0235606 0.0224855
20230416 0.0180662 0.0180662 0.0199867 0.0199676 0.0198464 0.0199731 0.0222049 0.0223752 0.0225216 0.0222976 0.022762 0.0229174 0.0199184 0.0200812 0.0209369 0.0207211 0.021117 0.0239309 0.0240084 0.0238841 0.0243302 0.0236636 0.0199184 0.0200812 0.0209369 0.0207211 0.021117 0.0239309 0.0240084 0.0238841 0.0243302 0.0236636
20230417 0.0175278 0.0175278 0.0210157 0.0211211 0.0212606 0.0214558 0.0214745 0.0227076 0.0227591 0.0228755 0.0229109 0.0231431 0.0210079 0.0208945 0.021529 0.021925 0.0209655 0.0207108 0.022914 0.0217691 0.0212547 0.0211431 0.0210079 0.0208945 0.021529 0.021925 0.0209655 0.0207108 0.022914 0.0217691 0.0212547 0.0211431
20230418 0.0168976 0.0168976 0.0226392 0.022787 0.0226129 0.0227961 0.0231135 0.0229523 0.0232401 0.0230933 0.0234744 0.0233473 0.0226265 0.0228991 0.0233839 0.0232161 0.0241532 0.0234629 0.0227091 0.0230076 0.0224327 0.0223017 0.0226265 0.0228991 0.0233839 0.0232161 0.0241532 0.0234629 0.0227091 0.0230076 0.0224327 0.0223017
20230419 0.0180431 0.0180431 0.0250294 0.0250842 0.0252474 0.0255491 0.0254132 0.0256879 0.0260667 0.0240921 0.024004 0.0243668 0.0183965 0.0248179 0.0247657 0.0254077 0.024607 0.0255263 0.0252437 0.0244341 0.0246417 0.0239916 0.0183965 0.0248179 0.0247657 0.0254077 0.024607 0.0255263 0.0252437 0.0244341 0.0246417 0.0239916
20230420 0.017918 0.017918 0.0191324 0.0256431 0.0257759 0.0260929 0.0261945 0.0262223 0.0262034 0.0263195 0.0251185 0.0251966 0.0190801 0.0196621 0.023495 0.0229455 0.0235803 0.0237605 0.0244261 0.0244143 0.0238928 0.0240045 0.0190801 0.0196621 0.023495 0.0229455 0.0235803 0.0237605 0.0244261 0.0244143 0.0238928 0.0240045
20230421 0.0170317 0.0170317 0.0187039 0.0187902 0.0224878 0.0226815 0.0226412 0.022996 0.0227068 0.0230946 0.0231106 0.0222499 0.0186146 0.0190091 0.0184119 0.0199218 0.020033 0.0205943 0.0210786 0.0218656 0.0211201 0.0210077 0.0186146 0.0190091 0.0184119 0.0199218 0.020033 0.0205943 0.0210786 0.0218656 0.0211201 0.0210077
20230422 0.0180775 0.0180775 0.0206111 0.020675 0.0206419 0.0208761 0.0210157 0.0209834 0.021212 0.0217323 0.0218825 0.0215738 0.0205556 0.020044 0.0209617 0.0196877 0.0202466 0.01992 0.0210023 0.0216412 0.0222832 0.0214071 0.0205556 0.020044 0.0209617 0.0196877 0.0202466 0.01992 0.0210023 0.0216412 0.0222832 0.0214071
20230423 0.0173204 0.0173204 0.0204672 0.0205379 0.020718 0.0208237 0.0224004 0.0223945 0.0221294 0.0223798 0.0225039 0.0225169 0.020441 0.022369 0.0212232 0.0214151 0.0206262 0.0219182 0.0212188 0.0220825 0.0225784 0.0229533 0.020441 0.022369 0.0212232 0.0214151 0.0206262 0.0219182 0.0212188 0.0220825 0.0225784 0.0229533
20230424 0.016126 0.016126 0.0191978 0.0192563 0.0193608 0.0193536 0.0195278 0.0224527 0.022824 0.0224067 0.0218789 0.0221856 0.019175 0.0207651 0.0225424 0.0211212 0.0202262 0.0201378 0.0207521 0.0207374 0.021503 0.0222016 0.019175 0.0207651 0.0225424 0.0211212 0.0202262 0.0201378 0.0207521 0.0207374 0.021503 0.0222016
20230425 0.0157302 0.0157302 0.017375 0.0174344 0.0174667 0.0172702 0.0173611 0.0176818 0.0204013 0.0208604 0.0204565 0.0207543 0.0173441 0.0181333 0.0194037 0.0200572 0.0188065 0.0190924 0.0201986 0.0214207 0.0209217 0.0210173 0.0173441 0.0181333 0.0194037 0.0200572 0.0188065 0.0190924 0.0201986 0.0214207 0.0209217 0.0210173
20230426 0.0174545 0.0174545 0.0185951 0.0186338 0.0186826 0.0187118 0.0187906 0.0186431 0.018937 0.0219642 0.0219553 0.0219393 0.0168074 0.0192494 0.0197935 0.0190712 0.0194129 0.0207954 0.0221705 0.0231195 0.0219253 0.0217948 0.0168074 0.0192494 0.0197935 0.0190712 0.0194129 0.0207954 0.0221705 0.0231195 0.0219253 0.0217948
20230427 0.0192363 0.0192363 0.0189059 0.0211598 0.0210543 0.0211324 0.021132 0.0213844 0.0212829 0.0214614 0.0217503 0.0216299 0.0188885 0.0179736 0.0202706 0.0205596 0.0204574 0.0208418 0.0216633 0.0219635 0.0224716 0.0232588 0.0188885 0.0179736 0.0202706 0.0205596 0.0204574 0.0208418 0.0216633 0.0219635 0.0224716 0.0232588
20230428 0.0186715 0.0186715 0.0189268 0.0190169 0.0210534 0.0212219 0.021101 0.0214274 0.0211227 0.0211619 0.0214179 0.0228616 0.0189156 0.019916 0.0194866 0.0208039 0.0209153 0.0207866 0.0209576 0.0208897 0.020706 0.0212567 0.0189156 0.019916 0.0194866 0.0208039 0.0209153 0.0207866 0.0209576 0.0208897 0.020706 0.0212567
20230429 0.0172057 0.0172057 0.0180118 0.0179418 0.0181143 0.0195657 0.0197246 0.0199788 0.0201962 0.0204567 0.0203489 0.020467 0.0179783 0.0188229 0.0190598 0.0192183 0.0197539 0.0196268 0.0197055 0.0216666 0.0227338 0.023128 0.0179783 0.0188229 0.0190598 0.0192183 0.0197539 0.0196268 0.0197055 0.0216666 0.0227338 0.023128
20230430 0.0181744 0.0181744 0.0189924 0.0188371 0.0190284 0.0191204 0.019992 0.0199817 0.0198964 0.020191 0.0203638 0.0204254 0.0189451 0.0191167 0.0199773 0.0195357 0.0196277 0.0203513 0.0219309 0.0229038 0.0234628 0.0234937 0.0189451 0.0191167 0.0199773 0.0195357 0.0196277 0.0203513 0.0219309 0.0229038 0.0234628 0.0234937
20230501 0.0186477 0.0186477 0.0199149 0.0198996 0.0199811 0.0200156 0.0199908 0.0218356 0.0224321 0.0225937 0.0225916 0.0225115 0.0198411 0.0205005 0.0208186 0.0215966 0.0214572 0.0215586 0.0243421 0.0250518 0.0256932 0.0257711 0.0198411 0.0205005 0.0208186 0.0215966 0.0214572 0.0215586 0.0243421 0.0250518 0.0256932 0.0257711
20230502 0.0179995 0.0179995 0.0208967 0.0207659 0.0208405 0.0206027 0.0209218 0.0208287 0.0228647 0.0225287 0.0230727 0.0233803 0.0208528 0.0213217 0.0213696 0.0210771 0.0222477 0.0219801 0.0220996 0.0246382 0.0248127 0.0256128 0.0208528 0.0213217 0.0213696 0.0210771 0.0222477 0.0219801 0.0220996 0.0246382 0.0248127 0.0256128
