20190306 -0.0675911 -0.0675911 0.0480424 0.0484045 0.0560435 0.0601299 0.0601251 0.0601351 0.0604285 0.0863655 0.0755604 0.0754842 0.0732528 0.0337525 0.0754807 0.0538737 0.0847318 0.0529858 0.0425552 0.0329666 0.0237735 0.125749 0.0732528 0.0337525 0.0754807 0.0538737 0.0847318 0.0529858 0.0425552 0.0329666 0.0237735 0.125749
20190313 -0.0738583 -0.0738583 0.104361 0.0883481 0.0984332 0.0984361 0.0746718 0.070987 0.0707992 0.0294111 -0.0275547 0.0171216 0.0563411 0.0443648 0.0190013 0.0232987 0.0278756 -0.0239708 0.0405632 0.0278975 -0.0144975 0.0416811 0.0563411 0.0443648 0.0190013 0.0232987 0.0278756 -0.0239708 0.0405632 0.0278975 -0.0144975 0.0416811
20190320 -0.0498842 -0.0498842 -0.0120509 -0.0148224 -0.0298477 -0.016148 -0.0136224 -0.00078561 0.0105055 0.00377928 0.0170191 -0.00580187 0.0489201 0.0074316 0.0241344 -0.00941457 -0.00868086 -0.0235628 0.0272558 0.0322352 -0.0010849 -0.0212377 0.0489201 0.0074316 0.0241344 -0.00941457 -0.00868086 -0.0235628 0.0272558 0.0322352 -0.0010849 -0.0212377
20190327 0.0319974 0.0319974 0.0156124 0.0145756 0.0153444 -0.0210357 -0.00243808 0.0180919 0.00727474 -0.0467114 -0.0147754 -0.0150951 -0.0186141 -0.0013413 0.0565507 -0.00752978 -0.00767447 -0.011649 -0.00851382 -0.0168725 -0.049585 -0.0479582 -0.0186141 -0.0013413 0.0565507 -0.00752978 -0.00767447 -0.011649 -0.00851382 -0.0168725 -0.049585 -0.0479582
20190403 -0.083666 -0.083666 0.0994982 0.100992 0.0825822 0.0589965 0.0670679 0.0799653 0.0785782 0.0576039 0.0855745 0.103621 0.058967 0.053378 0.0805245 -0.0255951 0.0418711 0.103962 0.0634273 0.0791712 0.0742306 0.0616786 0.058967 0.053378 0.0805245 -0.0255951 0.0418711 0.103962 0.0634273 0.0791712 0.0742306 0.0616786
20190410 -0.0396885 -0.0396885 0.0261121 0.0267751 0.0471083 0.0210908 0.0443853 0.0114795 0.0116343 0.0204947 0.0216393 0.0184568 0.0223649 0.0396759 0.0424539 0.00972709 0.0130693 -0.000890899 0.012764 0.0439203 -0.00615717 0.00812422 0.0223649 0.0396759 0.0424539 0.00972709 0.0130693 -0.000890899 0.012764 0.0439203 -0.00615717 0.00812422
20190417 -0.0900664 -0.0900664 0.0949997 0.104278 0.125072 0.121936 0.0960931 0.0987756 0.102466 0.127989 0.107166 0.111274 0.0870322 0.0966654 0.0633776 0.0768641 0.0922659 0.0764534 0.0379528 0.0436965 0.00342677 0.0258573 0.0870322 0.0966654 0.0633776 0.0768641 0.0922659 0.0764534 0.0379528 0.0436965 0.00342677 0.0258573
20190424 0.00675124 0.00675124 0.00844097 -0.00943864 -0.0012209 0.000617516 0.0137539 0.0163121 -0.000242546 0.0177784 0.000161833 0.00818581 -0.0203804 0.0347993 0.0197313 0.00266986 -0.021608 -0.0347308 -0.0502914 -0.0444644 -0.00689975 -0.0381622 -0.0203804 0.0347993 0.0197313 0.00266986 -0.021608 -0.0347308 -0.0502914 -0.0444644 -0.00689975 -0.0381622
20190501 -0.0547711 -0.0547711 0.118506 0.124308 0.118572 0.12748 0.126977 0.110164 0.122546 0.110083 0.12298 0.108934 0.0645734 0.085036 0.0140585 0.0312039 0.0636201 0.0520957 0.0181036 0.0677201 0.0427158 0.0689239 0.0645734 0.085036 0.0140585 0.0312039 0.0636201 0.0520957 0.0181036 0.0677201 0.0427158 0.0689239
20190508 0.0125535 0.0125535 -0.0169083 -0.0139004 -0.00522281 -0.0061296 -0.0111434 0.0178759 -0.0104965 -0.000442124 0.0156209 0.0477575 -0.0163421 0.00604372 0.0111281 0.0268052 0.0558381 -0.000552131 -0.0170425 -0.0398431 0.0155424 -0.0611654 -0.0163421 0.00604372 0.0111281 0.0268052 0.0558381 -0.000552131 -0.0170425 -0.0398431 0.0155424 -0.0611654
20190515 -0.127728 -0.127728 0.156664 0.156661 0.161837 0.146599 0.178021 0.178015 0.156975 0.0908347 0.0857182 0.103472 0.133432 0.13187 0.177692 0.136587 0.113139 0.101605 0.0676115 0.061368 0.0779102 0.0496395 0.133432 0.13187 0.177692 0.136587 0.113139 0.101605 0.0676115 0.061368 0.0779102 0.0496395
20190522 -0.0439587 -0.0439587 0.0541226 0.0481674 0.0422531 0.0377623 0.0207945 0.0207928 0.0130399 0.063265 0.0632571 0.0660529 0.0510761 -0.000119406 -0.0293599 -0.0272286 -0.0149751 -0.0575086 -0.0158921 -0.0395476 -0.0125288 0.0183152 0.0510761 -0.000119406 -0.0293599 -0.0272286 -0.0149751 -0.0575086 -0.0158921 -0.0395476 -0.0125288 0.0183152
20190529 -0.0292149 -0.0292149 0.0568621 0.0568632 0.0457975 0.0672035 0.0530628 0.0530626 0.0749924 0.0491187 0.0385771 0.0584668 0.0195613 0.0591127 0.0230795 -0.00144704 0.000619889 -0.0889612 -0.0418697 -0.000554798 -0.0397409 0.004108 0.0195613 0.0591127 0.0230795 -0.00144704 0.000619889 -0.0889612 -0.0418697 -0.000554798 -0.0397409 0.004108
20190605 -0.0471431 -0.0471431 0.0213157 0.0189152 0.00978724 0.0236987 0.0236991 0.0237015 0.023668 0.0060985 0.0061024 -0.00137231 0.047256 -0.00593784 -0.0312464 -0.0510707 -0.0206195 -0.0375893 -0.0479063 -0.109137 -0.11048 -0.0839541 0.047256 -0.00593784 -0.0312464 -0.0510707 -0.0206195 -0.0375893 -0.0479063 -0.109137 -0.11048 -0.0839541
20190612 -0.0162032 -0.0162032 -0.0178788 -0.0179588 -0.0125531 -0.0307303 -0.0394646 -0.0029937 0.000140719 -0.0693545 -0.0194038 -0.0385703 0.0390735 -0.0111142 -0.0144003 0.0106607 0.0221888 0.0550927 0.0285707 0.0312599 -0.0413179 -0.0213314 0.0390735 -0.0111142 -0.0144003 0.0106607 0.0221888 0.0550927 0.0285707 0.0312599 -0.0413179 -0.0213314
20190619 -0.0631289 -0.0631289 0.0218594 0.0151237 0.0151244 0.0256154 0.0383267 0.0383214 0.00119276 0.0381555 0.0173566 0.0261948 0.0479733 -0.0478229 -0.0270607 -0.0267534 -0.0397192 -0.0319041 -0.0409603 -0.0212581 0.00169554 0.0210612 0.0479733 -0.0478229 -0.0270607 -0.0267534 -0.0397192 -0.0319041 -0.0409603 -0.0212581 0.00169554 0.0210612
20190626 -0.0126231 -0.0126231 -0.0194705 -0.0194692 -0.0150959 -0.0258357 -0.0288297 -0.0288369 -0.0431294 -0.00182312 -0.0238758 -0.0238733 0.00666854 -0.027759 -0.00327695 0.0087328 0.0083616 -0.00304333 0.0548088 0.0374895 0.030792 -0.0189076 0.00666854 -0.027759 -0.00327695 0.0087328 0.0083616 -0.00304333 0.0548088 0.0374895 0.030792 -0.0189076
20190703 0.0203071 0.0203071 -0.0744818 -0.0731927 -0.0732037 -0.0834027 -0.0822935 -0.0799177 -0.0799054 -0.0739001 -0.0738987 -0.0842906 -0.00457019 -0.0555157 -0.0212915 0.0132897 -0.0182644 -0.0285409 -0.0259997 0.00760993 0.00073001 -0.0184869 -0.00457019 -0.0555157 -0.0212915 0.0132897 -0.0182644 -0.0285409 -0.0259997 0.00760993 0.00073001 -0.0184869
20190710 -0.0262424 -0.0262424 0.0260076 0.0378189 0.037304 0.041539 0.0349545 0.0338025 0.0409224 0.0761473 0.0505064 0.0555195 0.0289371 0.016845 -0.0180677 -0.0124504 0.0257791 0.0385033 0.0583143 0.0713904 0.0372249 0.0778071 0.0289371 0.016845 -0.0180677 -0.0124504 0.0257791 0.0385033 0.0583143 0.0713904 0.0372249 0.0778071
20190717 -0.022778 -0.022778 0.0164597 0.016458 0.0217862 0.0379071 0.0329218 0.0390781 0.0228975 0.0107676 0.0545693 0.0469313 0.0160015 0.0108884 0.0523828 0.0186511 0.0362927 0.0288645 0.0283101 0.0510753 0.0703934 0.0544229 0.0160015 0.0108884 0.0523828 0.0186511 0.0362927 0.0288645 0.0283101 0.0510753 0.0703934 0.0544229
20190724 -0.0563133 -0.0563133 0.0790767 0.0936064 0.0659822 0.061688 0.0765564 0.0578658 0.0575445 0.0593616 0.0593562 0.00609654 0.0412574 0.0258334 0.0720641 0.0736342 0.0529973 0.0605378 0.0599019 0.0768431 0.0492585 0.00797988 0.0412574 0.0258334 0.0720641 0.0736342 0.0529973 0.0605378 0.0599019 0.0768431 0.0492585 0.00797988
20190731 0.0191946 0.0191946 -0.0552671 -0.0607852 -0.0519812 -0.0562891 -0.0430191 -0.0668751 -0.0449965 -0.021314 -0.0274426 -0.045319 -0.0323762 -0.058859 -0.0780318 -0.0492869 -0.0297002 0.0100081 0.00209882 -0.0422013 -0.00982381 0.0206257 -0.0323762 -0.058859 -0.0780318 -0.0492869 -0.0297002 0.0100081 0.00209882 -0.0422013 -0.00982381 0.0206257
20190805 -0.0513804 -0.0513804 0.0659545 0.0744276 0.0528002 0.0554263 0.0340426 -0.0664082 -0.0716192 -0.0180492 -0.0199432 -0.0152931 0.0711 0.0184047 0.0192104 -0.0154938 0.0229508 -0.0177655 -0.0401444 -0.0652023 -0.00269908 -0.0412764 0.0711 0.0184047 0.0192104 -0.0154938 0.0229508 -0.0177655 -0.0401444 -0.0652023 -0.00269908 -0.0412764
20190807 -0.0430438 -0.0430438 0.0322206 0.0368769 0.0401658 0.0412225 0.00881482 0.00646353 0.0504364 -0.0739268 -0.0638581 -0.0568346 0.0432888 0.0249567 0.00618662 -0.0308499 -0.0250099 -0.0292994 -0.041808 0.00351593 -0.0102213 -0.0165541 0.0432888 0.0249567 0.00618662 -0.0308499 -0.0250099 -0.0292994 -0.041808 0.00351593 -0.0102213 -0.0165541
20190812 0.0179468 0.0179468 -0.02052 -0.0232427 -0.0232441 -0.0232444 -0.0634697 -0.0342889 -0.0118577 -0.00722786 -0.0431006 0.0399765 -0.0222278 0.0227219 -0.0624119 -0.0288877 0.0290633 0.00643843 -0.00871078 0.00811328 0.00984654 -0.0128417 -0.0222278 0.0227219 -0.0624119 -0.0288877 0.0290633 0.00643843 -0.00871078 0.00811328 0.00984654 -0.0128417
20190814 0.0166282 0.0166282 -0.0180052 -0.0235564 -0.0161783 -0.0120753 -0.0120699 -0.0120687 -0.0061047 0.0214792 0.0386517 0.000664066 -0.00550042 -0.0204554 -0.0208593 0.030354 -0.00376601 -0.0150235 0.0050442 -0.0363246 -0.019865 0.000273287 -0.00550042 -0.0204554 -0.0208593 0.030354 -0.00376601 -0.0150235 0.0050442 -0.0363246 -0.019865 0.000273287
20190821 0.0649172 0.0649172 -0.0776532 -0.0596565 -0.0593218 -0.0479143 -0.0543804 -0.0543228 -0.054079 -0.0104076 0.0365647 0.0277168 -0.0634738 0.012398 -0.00160322 0.00182276 0.0141899 0.0331732 0.00343503 -0.00807818 0.0355559 0.0708205 -0.0634738 0.012398 -0.00160322 0.00182276 0.0141899 0.0331732 0.00343503 -0.00807818 0.0355559 0.0708205
20190828 -0.0578805 -0.0578805 0.0307455 0.0307466 0.0405105 0.0188478 0.0451199 0.0314316 0.00598192 0.0826865 0.0702796 0.060851 0.0625938 0.0388509 0.0463185 0.0479078 0.0317241 0.0430392 -0.00114225 0.0421445 0.0484502 -0.00441715 0.0625938 0.0388509 0.0463185 0.0479078 0.0317241 0.0430392 -0.00114225 0.0421445 0.0484502 -0.00441715
20190904 -0.0441086 -0.0441086 0.0267254 0.0271636 0.027164 0.0527849 0.0527887 0.0527832 0.0524778 0.0522118 0.052204 0.0579989 0.0249818 0.0269603 0.0391288 0.00545318 0.0438664 0.0286395 0.0218347 0.0282195 0.035097 0.0320457 0.0249818 0.0269603 0.0391288 0.00545318 0.0438664 0.0286395 0.0218347 0.0282195 0.035097 0.0320457
20190911 0.00470774 0.00470774 -0.0466243 -0.0467402 -0.0467405 -0.0463259 -0.0463239 -0.00533541 -0.00503696 0.0321937 0.0315451 0.0315235 -0.0218497 -0.0139875 -0.0594645 -0.00984532 0.0294934 0.0261088 0.0152012 0.00979673 0.0134947 -0.00574914 -0.0218497 -0.0139875 -0.0594645 -0.00984532 0.0294934 0.0261088 0.0152012 0.00979673 0.0134947 -0.00574914
20190918 0.0215506 0.0215506 -0.00236726 0.00782064 0.019874 0.0259089 0.038248 0.0382067 0.038178 -0.00505122 -0.00441031 -0.00441533 -0.0403694 -0.0181404 0.027958 -0.0656042 -0.0642519 -0.0571292 0.00277099 -0.0421601 0.00785132 -0.0237225 -0.0403694 -0.0181404 0.027958 -0.0656042 -0.0642519 -0.0571292 0.00277099 -0.0421601 0.00785132 -0.0237225
20190925 0.0299141 0.0299141 -0.0311747 -0.0333762 -0.021991 -0.00891028 -0.0050019 0.0145877 -0.00942742 0.0224146 0.00404185 -0.000965794 -0.0284465 -0.0231512 -0.015332 0.00313612 -0.00644852 0.0269685 -0.0328192 -0.0161288 0.0115031 0.0360074 -0.0284465 -0.0231512 -0.015332 0.00313612 -0.00644852 0.0269685 -0.0328192 -0.0161288 0.0115031 0.0360074
20191002 0.0609788 0.0609788 -0.0471133 -0.035003 -0.0382036 -0.0199128 -0.0116916 -0.0295376 -0.0502629 0.0193959 0.0365698 -0.0442322 -0.0481382 0.017941 -0.0178222 0.0299115 -0.000635724 0.0244291 0.0097704 0.0317127 0.0227694 -0.0110739 -0.0481382 0.017941 -0.0178222 0.0299115 -0.000635724 0.0244291 0.0097704 0.0317127 0.0227694 -0.0110739
20191009 0.0853929 0.0853929 -0.0736503 -0.0622252 -0.082444 -0.0579961 -0.0571552 -0.0534176 -0.0508659 -0.0506546 -0.0841029 -0.0807638 -0.0829663 -0.0459779 -0.0672015 -0.0883098 -0.0869259 -0.0785426 -0.0215248 -0.0177105 -0.0659403 -0.0276462 -0.0829663 -0.0459779 -0.0672015 -0.0883098 -0.0869259 -0.0785426 -0.0215248 -0.0177105 -0.0659403 -0.0276462
20191016 -0.0225307 -0.0225307 -0.0247825 -0.0341148 -0.0217232 -0.0277275 -0.0102731 -0.0135837 -0.015377 -0.00522086 0.00866515 0.0408645 0.0259933 -0.0355449 -0.0221089 0.0178733 0.0406437 0.0455365 0.0371185 0.0644885 0.057827 0.0125724 0.0259933 -0.0355449 -0.0221089 0.0178733 0.0406437 0.0455365 0.0371185 0.0644885 0.057827 0.0125724
20191023 -0.0165674 -0.0165674 -0.0155918 -0.0219761 -0.0149494 -0.0152959 -0.0272779 -0.038538 0.00435619 -0.0280738 -0.0610542 -0.0134825 0.0160273 -0.0256458 0.00191779 0.00786423 -0.0112455 -0.0346503 -0.0258442 -0.0320517 -0.0662044 -0.0788837 0.0160273 -0.0256458 0.00191779 0.00786423 -0.0112455 -0.0346503 -0.0258442 -0.0320517 -0.0662044 -0.0788837
20191030 -0.0150998 -0.0150998 -0.00944234 -0.0291758 -0.00957081 -0.0171822 -0.0284578 -0.0170673 -0.024232 -0.00103717 -0.0263231 0.00729471 0.0217206 -0.00585316 -0.0214527 -0.077037 -0.067387 -0.0124578 -0.0524864 -0.0246083 -0.00319915 -0.0244471 0.0217206 -0.00585316 -0.0214527 -0.077037 -0.067387 -0.0124578 -0.0524864 -0.0246083 -0.00319915 -0.0244471
20191106 0.0137868 0.0137868 0.000821323 0.00188411 -0.00369622 -0.000779093 0.00055061 0.00303412 0.00471264 -0.0378775 -0.0360289 -0.0330741 -0.0121544 0.00277334 -0.0127743 -0.0324357 -0.030521 -0.0341954 -0.0246818 0.0159068 -0.0231049 -0.0051755 -0.0121544 0.00277334 -0.0127743 -0.0324357 -0.030521 -0.0341954 -0.0246818 0.0159068 -0.0231049 -0.0051755
20191113 0.0137511 0.0137511 -0.023227 -0.0238195 -0.0259312 -0.020667 -0.0344547 -0.0338538 -0.0347036 -0.010006 -0.0302303 -0.0343573 -0.0121817 -0.0727351 -0.0483234 -0.0419508 -0.0967251 -0.0576073 -0.0719441 -0.104056 -0.0721325 -0.0688776 -0.0121817 -0.0727351 -0.0483234 -0.0419508 -0.0967251 -0.0576073 -0.0719441 -0.104056 -0.0721325 -0.0688776
20191120 -0.0506027 -0.0506027 0.0450984 0.0543299 0.0417715 0.0543898 0.0583718 0.0566456 0.0666713 0.000392982 -0.00915219 0.0401325 0.0434664 0.0541017 0.0249607 0.0435478 0.0127357 0.0235231 0.0120726 0.022306 0.000407098 0.0531794 0.0434664 0.0541017 0.0249607 0.0435478 0.0127357 0.0235231 0.0120726 0.022306 0.000407098 0.0531794
20191127 -0.0228589 -0.0228589 0.00413213 0.0112609 0.0346824 0.0280536 0.0220289 0.0237826 0.0271425 0.0266509 0.0507946 0.0461935 0.0185995 0.040186 -0.0295025 -0.0326363 0.0094097 -0.0597093 -0.0302126 -0.0623813 -0.0467697 -0.0611018 0.0185995 0.040186 -0.0295025 -0.0326363 0.0094097 -0.0597093 -0.0302126 -0.0623813 -0.0467697 -0.0611018
20191204 -0.0115684 -0.0115684 0.0284773 0.0329723 0.0400628 0.0549483 0.055473 0.0367664 0.052595 0.0479488 0.0341159 0.0639872 0.0124966 0.0290037 0.00316437 -0.0546745 -0.0670664 -0.0877716 -0.0652151 0.00699289 0.0285954 0.0308579 0.0124966 0.0290037 0.00316437 -0.0546745 -0.0670664 -0.0877716 -0.0652151 0.00699289 0.0285954 0.0308579
20191211 0.0150415 0.0150415 0.0250775 0.0316603 0.0294299 0.0161648 0.0116123 0.0181229 0.00547953 -0.00754504 -0.00629964 0.00308636 -0.0106201 0.0256212 0.0156581 0.0525397 0.0271346 -0.0197289 -0.0206894 0.019199 -0.0211277 -0.0363799 -0.0106201 0.0256212 0.0156581 0.0525397 0.0271346 -0.0197289 -0.0206894 0.019199 -0.0211277 -0.0363799
20191218 0.0405955 0.0405955 -0.0575845 -0.0604669 -0.0659897 -0.0831744 -0.0626704 -0.0649195 -0.055553 -0.0305952 -0.082079 -0.0827859 -0.0296547 -0.0244136 -0.0125047 -0.0445511 -0.0291333 -0.0266002 -0.0491791 -0.0727246 -0.083145 -0.0610162 -0.0296547 -0.0244136 -0.0125047 -0.0445511 -0.0291333 -0.0266002 -0.0491791 -0.0727246 -0.083145 -0.0610162
20191225 -0.0597505 -0.0597505 0.0310451 0.0311766 0.0273072 0.0328275 0.0661947 0.0521245 0.0234334 -0.00307763 -0.00703581 -0.00485587 0.0409225 0.0532995 0.0674155 0.0325355 0.0365837 0.0588362 0.0626284 0.0243879 0.0395378 0.0844928 0.0409225 0.0532995 0.0674155 0.0325355 0.0365837 0.0588362 0.0626284 0.0243879 0.0395378 0.0844928
20200101 -0.0324342 -0.0324342 0.0305179 0.0347481 0.0209408 0.0320551 0.0299305 0.0436057 0.0461766 0.0534385 0.0309683 0.0143339 0.0298782 0.0219521 0.0147479 0.0162698 0.0141843 0.00749863 0.0108707 -0.0319071 0.0210672 0.0403554 0.0298782 0.0219521 0.0147479 0.0162698 0.0141843 0.00749863 0.0108707 -0.0319071 0.0210672 0.0403554
20200108 -0.0229659 -0.0229659 0.00383785 -0.00690085 -0.0028672 -0.0168816 -0.01647 -0.0489996 -0.0194863 0.00501033 -0.00633533 -0.0275436 0.00985403 0.0282959 0.0191718 0.0289894 -0.00106863 -0.0213724 -0.0221011 -0.00438868 -0.0374902 -0.0275574 0.00985403 0.0282959 0.0191718 0.0289894 -0.00106863 -0.0213724 -0.0221011 -0.00438868 -0.0374902 -0.0275574
20200115 0.0121523 0.0121523 -0.023591 -0.013386 -0.0215049 -0.0295194 -0.029132 -0.0386826 -0.0581538 -0.0276364 -0.0293898 -0.0916918 -0.016306 0.0152066 -0.0223269 -0.056748 -0.03947 -0.0242362 -0.0303603 -0.0669178 -0.0257562 -0.00764717 -0.016306 0.0152066 -0.0223269 -0.056748 -0.03947 -0.0242362 -0.0303603 -0.0669178 -0.0257562 -0.00764717
20200122 0.037717 0.037717 -0.0408131 -0.0429626 -0.0500176 -0.0535198 -0.0412271 -0.0625916 -0.0322429 -0.0399453 -0.030934 -0.045393 -0.0289666 -0.0320936 -0.0339483 -0.0267069 -0.0381751 -0.0493456 -0.0257328 -0.0157859 0.00274148 -0.0352323 -0.0289666 -0.0320936 -0.0339483 -0.0267069 -0.0381751 -0.0493456 -0.0257328 -0.0157859 0.00274148 -0.0352323
20200129 0.0369119 0.0369119 -0.0458708 -0.0448048 -0.0531744 -0.0437032 -0.0389161 -0.0425957 -0.056853 -0.0129974 -0.0240947 -0.0153741 -0.0291465 -0.0728815 -0.0395653 -0.033571 -0.0230532 -0.00667296 -0.0264379 0.0145547 -0.00849854 -0.0128564 -0.0291465 -0.0728815 -0.0395653 -0.033571 -0.0230532 -0.00667296 -0.0264379 0.0145547 -0.00849854 -0.0128564
20200205 -0.0590479 -0.0590479 0.0391471 0.041055 0.0425216 0.0509221 0.0442242 0.05804 0.0791792 0.0915457 0.0285546 0.0285033 0.0687402 0.027652 0.0403855 0.0598826 0.0768759 0.0508805 0.0762098 0.0401786 0.0239748 0.0248813 0.0687402 0.027652 0.0403855 0.0598826 0.0768759 0.0508805 0.0762098 0.0401786 0.0239748 0.0248813
20200212 -0.0369596 -0.0369596 0.0171578 0.0171522 0.00804017 0.0087915 0.0118583 0.0252481 0.050455 -0.0564361 -0.0209414 -0.0211928 0.0272183 -0.0107643 0.00135127 0.000397165 0.0172703 0.00817915 0.0276407 0.0280994 0.0412985 0.00731896 0.0272183 -0.0107643 0.00135127 0.000397165 0.0172703 0.00817915 0.0276407 0.0280994 0.0412985 0.00731896
20200219 -0.0399553 -0.0399553 0.00791748 0.0111449 0.0116658 0.00434372 0.0164331 -0.0139758 -0.0137331 -0.02381 -0.0240098 -0.015521 0.0117712 0.0261197 0.033111 0.0156371 0.0504817 0.0175015 -0.0408711 -0.0225767 -0.00772918 0.0210643 0.0117712 0.0261197 0.033111 0.0156371 0.0504817 0.0175015 -0.0408711 -0.0225767 -0.00772918 0.0210643
20200226 -0.0378497 -0.0378497 0.0945213 0.0945384 0.0967213 0.0966507 0.0815599 0.0817967 0.0815248 0.0415409 0.0517797 0.0448767 0.0440248 0.079616 0.0671804 0.0742109 0.0197901 -0.00366295 -0.0113789 0.0238065 -0.00161296 0.00611405 0.0440248 0.079616 0.0671804 0.0742109 0.0197901 -0.00366295 -0.0113789 0.0238065 -0.00161296 0.00611405
20200304 -0.109991 -0.109991 0.098556 0.102232 0.102235 0.0940374 0.101089 0.0727401 0.0790206 0.0245065 0.0432496 0.0321273 0.0973868 0.0658079 0.0693015 0.0586063 0.0465374 0.0588382 0.010946 0.0214628 0.0260416 0.042387 0.0973868 0.0658079 0.0693015 0.0586063 0.0465374 0.0588382 0.010946 0.0214628 0.0260416 0.042387
20200311 -0.0209197 -0.0209197 0.014644 0.00785649 0.00930283 0.00359467 -0.00687428 0.0256643 0.00630102 0.028372 0.0646257 0.0646004 0.0184617 -0.0162361 0.0145977 0.0250293 0.0269563 -0.0238409 0.00589253 0.0341749 0.0121381 -0.00361834 0.0184617 -0.0162361 0.0145977 0.0250293 0.0269563 -0.0238409 0.00589253 0.0341749 0.0121381 -0.00361834
20200318 -0.0144271 -0.0144271 0.000684518 0.000585879 0.000592861 0.0188573 -0.0282415 -0.000562189 -0.0103392 0.0219219 0.0229777 0.0203301 0.0126892 -0.0170884 -0.0189873 0.0160981 -0.00972752 -0.007451 -0.00575365 -0.0292709 -0.0274724 0.000214634 0.0126892 -0.0170884 -0.0189873 0.0160981 -0.00972752 -0.007451 -0.00575365 -0.0292709 -0.0274724 0.000214634
20200325 0.00197697 0.00197697 0.00554191 -0.00383504 -0.015857 -0.00352901 -0.0274412 -0.0274287 -0.0235436 0.0134411 0.0139851 0.0139879 0.00240973 -0.0240464 -0.0451198 -0.0583781 -0.0484764 -0.0598275 -0.0731767 -0.0485934 -0.0140768 0.0105072 0.00240973 -0.0240464 -0.0451198 -0.0583781 -0.0484764 -0.0598275 -0.0731767 -0.0485934 -0.0140768 0.0105072
20200401 0.0304412 0.0304412 -0.0762592 -0.0748524 -0.0672951 -0.0673003 -0.0622582 -0.0622554 -0.0662753 -0.00859186 0.00240303 0.0137783 -0.0379528 -0.00341976 0.0111354 0.00665131 0.0126283 -0.00207579 -0.00075265 0.0318717 0.0089627 -0.0142055 -0.0379528 -0.00341976 0.0111354 0.00665131 0.0126283 -0.00207579 -0.00075265 0.0318717 0.0089627 -0.0142055
20200408 -0.0100961 -0.0100961 -0.000696546 -0.00285689 0.00770514 0.0143375 -0.00333596 -0.00458037 -0.000897814 0.00468455 -0.00429385 0.0317128 -0.00740952 0.0122793 0.00184223 0.0234709 0.00736735 0.0103866 0.025677 0.01363 0.0120275 0.0340822 -0.00740952 0.0122793 0.00184223 0.0234709 0.00736735 0.0103866 0.025677 0.01363 0.0120275 0.0340822
20200415 -0.0178732 -0.0178732 -0.00840673 0.000360078 -0.00090253 -0.00549878 -0.000454131 0.0207972 -0.0042485 -0.00280596 -0.0147825 -0.0174423 0.0153123 0.0021578 0.00941936 0.0159347 0.0244019 0.0302063 0.0324311 0.0213605 0.0165447 0.00381197 0.0153123 0.0021578 0.00941936 0.0159347 0.0244019 0.0302063 0.0324311 0.0213605 0.0165447 0.00381197
20200422 -0.0054131 -0.0054131 0.00725208 0.0147304 -0.00129313 0.000870996 -0.0170382 -0.0211412 -0.00810102 0.0152769 0.0430546 0.0523257 0.00631805 0.00870012 -0.0195707 0.0509581 0.0217244 -0.0236783 0.0293858 -0.00732668 -0.0156715 0.00461822 0.00631805 0.00870012 -0.0195707 0.0509581 0.0217244 -0.0236783 0.0293858 -0.00732668 -0.0156715 0.00461822
20200506 -0.029599 -0.029599 0.0331757 0.0433558 0.0400627 0.031301 0.0401391 0.044907 0.059131 -0.00634748 0.0279489 -0.0233444 0.0393544 0.0372881 0.0210377 -0.00396454 -0.0191701 -0.0296378 -0.0385794 -0.00815977 -0.0435448 0.0300568 0.0393544 0.0372881 0.0210377 -0.00396454 -0.0191701 -0.0296378 -0.0385794 -0.00815977 -0.0435448 0.0300568
20200513 -0.010952 -0.010952 -0.00482604 -0.00795956 -0.00156197 -0.00874235 0.0101423 0.00860737 0.0221847 0.0119124 0.0125326 0.00072338 -0.00128253 0.00838604 -0.0135257 0.0137046 0.00761924 -0.0127171 0.0316275 0.019077 0.0390142 0.0104975 -0.00128253 0.00838604 -0.0135257 0.0137046 0.00761924 -0.0127171 0.0316275 0.019077 0.0390142 0.0104975
20200527 0.00747355 0.00747355 -0.00206526 -0.00344676 -0.00599533 0.00320746 0.0132891 0.00982666 0.00672974 -0.00800013 -0.00138497 -0.0148763 -0.00934955 0.0133858 0.00961635 0.00349696 -0.015929 0.0221482 0.0295537 0.0501658 0.0107433 -0.00354578 -0.00934955 0.0133858 0.00961635 0.00349696 -0.015929 0.0221482 0.0295537 0.0501658 0.0107433 -0.00354578
20200603 0.0031812 0.0031812 0.0124332 0.0182572 0.0200158 0.0269154 0.018775 0.0211244 0.0289178 0.00583207 0.00717442 -0.011677 0.00679378 -0.0105325 0.00640973 0.0457644 0.00594671 0.00916938 0.0268585 0.0272385 0.037065 0.0464655 0.00679378 -0.0105325 0.00640973 0.0457644 0.00594671 0.00916938 0.0268585 0.0272385 0.037065 0.0464655
20200610 -0.013581 -0.013581 0.0309182 0.0325509 0.0345567 0.0394679 0.0354353 0.0352888 0.0359761 -0.00162337 0.00285469 0.0205832 0.0131081 0.0392898 0.0568337 0.0102925 -0.0087502 -0.022875 0.0148019 0.045532 0.0397189 0.0495977 0.0131081 0.0392898 0.0568337 0.0102925 -0.0087502 -0.022875 0.0148019 0.045532 0.0397189 0.0495977
20200617 -0.0154427 -0.0154427 0.01916 0.00685047 0.031716 0.0325064 0.0458755 0.0432415 0.0211005 0.0233452 0.0517066 0.0424988 0.0103506 0.0177831 0.0188716 0.0435855 0.0746364 0.0389043 0.0479699 0.00575462 0.0555514 0.0349482 0.0103506 0.0177831 0.0188716 0.0435855 0.0746364 0.0389043 0.0479699 0.00575462 0.0555514 0.0349482
20200624 -0.0385719 -0.0385719 0.0337294 0.0343481 0.0386633 0.0176518 0.0516277 0.0372539 0.0428438 -0.0100359 -0.00444158 -0.00536449 0.0424925 0.0434844 -0.0145793 -0.00577382 0.0100276 -0.01507 0.00413652 0.0260844 0.0339488 0.0310079 0.0424925 0.0434844 -0.0145793 -0.00577382 0.0100276 -0.01507 0.00413652 0.0260844 0.0339488 0.0310079
20200701 -0.0293863 -0.0293863 0.0322757 0.0214086 0.0127268 0.0196735 0.0167123 0.0352176 0.0620565 0.0142261 0.0110657 -0.00420772 0.0304578 0.0435615 0.00587859 0.041511 0.0318434 0.0419844 0.038373 0.0374532 0.0486523 0.00543244 0.0304578 0.0435615 0.00587859 0.041511 0.0318434 0.0419844 0.038373 0.0374532 0.0486523 0.00543244
20200708 -0.0514101 -0.0514101 0.038713 0.0489841 0.0378145 0.0274719 0.0321628 0.0321711 0.0282652 0.0553824 0.0314295 0.0608462 0.0463785 -0.00221151 -0.0112368 0.0210294 0.0408418 -0.00541065 -0.0173846 -0.00832811 -0.000932445 0.0126628 0.0463785 -0.00221151 -0.0112368 0.0210294 0.0408418 -0.00541065 -0.0173846 -0.00832811 -0.000932445 0.0126628
20200715 -0.0443389 -0.0443389 0.0384691 0.034701 0.0325263 0.0237212 0.0265397 0.0621363 0.0131099 0.0234088 -0.00208065 -0.0368152 0.0439248 0.0122028 0.00916249 0.00450543 0.0345683 -0.0206433 -0.056506 -0.013199 -0.0107236 -0.0126051 0.0439248 0.0122028 0.00916249 0.00450543 0.0345683 -0.0206433 -0.056506 -0.013199 -0.0107236 -0.0126051
20200722 0.0209797 0.0209797 0.0120628 0.022486 0.0253414 0.0332665 0.0158019 0.0334477 0.0187526 -0.00373885 -0.0259346 -0.0207023 -0.0247623 0.044653 0.0291166 -0.0120987 -0.0298185 -0.0243504 -0.0640175 -0.0735485 -0.0517569 -0.0839506 -0.0247623 0.044653 0.0291166 -0.0120987 -0.0298185 -0.0243504 -0.0640175 -0.0735485 -0.0517569 -0.0839506
20200729 -0.0586565 -0.0586565 0.0555687 0.0750065 0.0634727 0.0714621 0.0573316 0.0766323 0.0474854 0.0204588 0.0287371 0.061106 0.0602729 0.098131 0.0883364 0.0494474 0.0539399 0.0428027 0.041714 0.000991595 0.0249057 -0.00976291 0.0602729 0.098131 0.0883364 0.0494474 0.0539399 0.0428027 0.041714 0.000991595 0.0249057 -0.00976291
20230131 -0.0660019 -0.0660019 -0.0763112 -0.0859537 -0.0714026 -0.0569655 -0.0733428 -0.0764155 -0.0525654 -0.0522637 -0.0765907 -0.0765842 -0.0803645 -0.0639352 -0.063564 -0.0440876 -0.070761 -0.0406734 -0.0539363 -0.068532 -0.0580193 -0.0303824 -0.0803645 -0.0639352 -0.063564 -0.0440876 -0.070761 -0.0406734 -0.0539363 -0.068532 -0.0580193 -0.0303824
20230228 0.0878645 0.0878645 0.085134 0.0863781 0.0862016 0.0682283 0.0937911 0.105346 0.163129 0.164938 0.131908 0.129742 0.0857315 0.0855592 0.107255 0.102748 0.0624219 0.0936308 0.0622507 0.0293561 -0.0028863 0.0101192 0.0857315 0.0855592 0.107255 0.102748 0.0624219 0.0936308 0.0622507 0.0293561 -0.0028863 0.0101192
20230310 -0.0192876 -0.0192876 -0.0507244 -0.0470293 -0.0390143 -0.0364135 -0.0118176 -0.0414625 -0.0700812 -0.0784714 -0.0416326 -0.0193901 -0.041872 -0.0455061 -0.022297 -0.0406296 -0.0248899 -0.0356711 -0.0216691 -0.00881879 -0.0250904 -0.0117473 -0.041872 -0.0455061 -0.022297 -0.0406296 -0.0248899 -0.0356711 -0.0216691 -0.00881879 -0.0250904 -0.0117473
20230311 -0.0443141 -0.0443141 -0.0571963 -0.0528802 -0.0480862 -0.0221989 0.00099666 0.0113891 -0.0235845 0.0289068 0.0222321 0.0122964 -0.0476169 0.0241059 0.0219031 0.0246658 -0.00955718 -0.0123946 0.038424 0.0261806 -0.000608794 0.00469748 -0.0476169 0.0241059 0.0219031 0.0246658 -0.00955718 -0.0123946 0.038424 0.0261806 -0.000608794 0.00469748
20230312 0.00657717 0.00657717 0.0293899 0.0465286 0.0327401 0.0252922 0.0142214 0.0325716 0.00608562 -0.00615157 -0.0390624 0.0206083 0.0223259 -0.00378843 0.00582082 -0.00718769 0.0148752 -0.0104157 -0.0186432 -0.00481849 0.0137791 -0.0471955 0.0223259 -0.00378843 0.00582082 -0.00718769 0.0148752 -0.0104157 -0.0186432 -0.00481849 0.0137791 -0.0471955
20230313 0.00321327 0.00321327 -0.00683544 0.0124394 0.0200856 0.00229566 -0.0206235 0.00815929 0.0188454 -0.0688087 -0.0132279 -0.0682214 -0.010876 -0.0230737 -0.0438918 -0.0435101 -0.0675353 -0.0561891 -0.11599 -0.0780395 -0.064965 -0.0611107 -0.010876 -0.0230737 -0.0438918 -0.0435101 -0.0675353 -0.0561891 -0.11599 -0.0780395 -0.064965 -0.0611107
20230314 -0.00776739 -0.00776739 -0.0277886 -0.037162 -0.0426212 -0.053783 -0.0308267 -0.0255633 -0.0548539 -0.0543994 -0.062013 -0.106756 -0.0288983 -0.00844084 -0.0143898 -0.0583731 -0.0190578 -0.0909833 -0.0930131 -0.101994 -0.0751204 -0.0235767 -0.0288983 -0.00844084 -0.0143898 -0.0583731 -0.0190578 -0.0909833 -0.0930131 -0.101994 -0.0751204 -0.0235767
20230315 -0.0711288 -0.0711288 -0.0774623 -0.0744752 -0.0717642 -0.0740579 -0.0542591 -0.0407198 -0.0132226 -0.0783221 -0.0736548 -0.0454803 -0.0758488 -0.0623026 -0.0412372 -0.0039253 -0.0410441 -0.0716665 -0.0583891 -0.0887073 -0.0335086 -0.0327712 -0.0758488 -0.0623026 -0.0412372 -0.0039253 -0.0410441 -0.0716665 -0.0583891 -0.0887073 -0.0335086 -0.0327712
20230316 -0.0172306 -0.0172306 -0.0540799 -0.0626137 -0.0400354 -0.0563838 -0.0662677 -0.0336666 -0.10499 -0.0158597 0.00184586 -0.0609119 -0.056682 -0.236387 -0.215581 -0.0985743 -0.0509809 -0.129808 -0.105838 -0.106573 -0.033505 -0.122882 -0.056682 -0.236387 -0.215581 -0.0985743 -0.0509809 -0.129808 -0.105838 -0.106573 -0.033505 -0.122882
20230317 0.052487 0.052487 0.0188357 -0.0129455 -0.122267 -0.0513217 -0.0146407 -0.15263 -0.173465 0.0219421 -0.038284 -0.0437077 0.0188318 0.0188592 -0.132599 -0.203978 -0.0828203 -0.0525696 -0.256012 -0.130981 -0.241102 0.0298374 0.0188318 0.0188592 -0.132599 -0.203978 -0.0828203 -0.0525696 -0.256012 -0.130981 -0.241102 0.0298374
20230318 0.201797 0.201797 0.146638 0.146636 0.181382 0.199427 0.134814 0.0255265 0.230189 0.0016286 0.192637 0.046212 0.146638 0.181349 -0.0709527 0.0576849 -0.228837 -0.198012 -0.191652 -0.329563 -0.0470484 0.0370074 0.146638 0.181349 -0.0709527 0.0576849 -0.228837 -0.198012 -0.191652 -0.329563 -0.0470484 0.0370074
20230319 0.572951 0.572951 0.597639 0.597637 0.597642 0.529687 0.368089 0.241643 0.294738 0.213191 0.378744 0.299936 0.597645 0.605232 0.516201 0.265592 0.248604 0.250403 0.340864 0.391102 0.179272 0.259637 0.597645 0.605232 0.516201 0.265592 0.248604 0.250403 0.340864 0.391102 0.179272 0.259637
20230320 0.0223908 0.0223908 0.0594416 0.0594408 0.0594402 0.0594457 0.0634797 -0.170456 -0.288772 -0.193494 0.0739805 -0.0139176 0.0398777 0.167672 0.11109 0.564925 0.0590524 0.0878187 -0.037049 0.210799 0.227906 0.0624386 0.0398777 0.167672 0.11109 0.564925 0.0590524 0.0878187 -0.037049 0.210799 0.227906 0.0624386
20230321 -0.0518617 -0.0518617 -0.0517362 -0.0473637 -0.0473633 -0.0473624 -0.0473604 -0.0613137 -0.0907274 -0.0660117 -0.0746802 -0.00475649 -0.0554196 -0.0271721 -0.00724201 0.00488462 -0.02944 -0.0151379 -0.00746991 -0.0395453 0.0312268 0.0248239 -0.0554196 -0.0271721 -0.00724201 0.00488462 -0.02944 -0.0151379 -0.00746991 -0.0395453 0.0312268 0.0248239
20230322 -0.0140607 -0.0140607 -0.0208496 -0.0136734 -0.0194419 -0.0194431 -0.0194426 -0.0194406 -0.0495377 0.011944 0.0139091 -0.00598549 -0.0285711 -0.0579607 -0.00869605 -0.0252601 -0.013244 -0.0559746 -0.0595672 -0.0200076 -0.0227389 0.00204972 -0.0285711 -0.0579607 -0.00869605 -0.0252601 -0.013244 -0.0559746 -0.0595672 -0.0200076 -0.0227389 0.00204972
20230323 -0.0485876 -0.0485876 -0.0407606 -0.0500948 -0.062527 -0.0282788 -0.0282786 -0.0282756 -0.0282795 -0.0715545 0.00431895 0.0024657 -0.0451635 -0.0494109 -0.0872955 -0.0470931 -0.0628563 -0.0795537 -0.120554 -0.0993055 -0.0393012 -0.0285874 -0.0451635 -0.0494109 -0.0872955 -0.0470931 -0.0628563 -0.0795537 -0.120554 -0.0993055 -0.0393012 -0.0285874
20230324 -0.0367928 -0.0367928 -0.0257 -0.0182265 -0.0562372 -0.0572096 -0.055399 -0.0553963 -0.0556951 -0.0556955 -0.0756753 0.00999816 -0.0247466 -0.0103359 -0.0255426 -0.0766473 -0.0363656 -0.0487424 -0.0880804 -0.12977 -0.0919557 -0.0478774 -0.0247466 -0.0103359 -0.0255426 -0.0766473 -0.0363656 -0.0487424 -0.0880804 -0.12977 -0.0919557 -0.0478774
20230325 -0.0394684 -0.0394684 -0.0738118 -0.0738573 -0.0753249 -0.0579081 -0.061322 -0.0439085 -0.04391 -0.0439022 -0.0439076 -0.0583966 -0.0772362 -0.0362579 -0.0143233 -0.0520432 -0.0800723 -0.00483231 -0.0379625 -0.0428215 -0.0648571 -0.00599097 -0.0772362 -0.0362579 -0.0143233 -0.0520432 -0.0800723 -0.00483231 -0.0379625 -0.0428215 -0.0648571 -0.00599097
20230326 0.0195609 0.0195609 -0.00570948 -0.0161031 -0.0223208 -0.0212249 -0.0134325 0.00878296 -0.0225053 -0.0225085 -0.0225004 -0.0225156 -0.007403 -0.0371245 -0.0148173 -0.0546085 -0.0600576 -0.0972713 -0.0345589 -0.023519 -0.0364164 -0.0450342 -0.007403 -0.0371245 -0.0148173 -0.0546085 -0.0600576 -0.0972713 -0.0345589 -0.023519 -0.0364164 -0.0450342
20230327 -0.0426438 -0.0426438 -0.0521457 -0.058397 -0.0523819 -0.0521587 -0.0327548 -0.00425941 -0.00905447 -0.0180011 -0.0180095 -0.018005 -0.0553673 -0.0210094 -0.0379677 -0.00360292 -0.0396195 -0.0449186 -0.061309 -0.0617626 -0.0050193 -0.0189226 -0.0553673 -0.0210094 -0.0379677 -0.00360292 -0.0396195 -0.0449186 -0.061309 -0.0617626 -0.0050193 -0.0189226
20230328 0.0217025 0.0217025 0.019115 0.0131102 0.0279034 0.010354 -0.00760351 0.0162042 -0.01627 -0.0624011 -0.0211246 -0.0211225 0.0239011 -0.023406 0.0234188 -0.00812611 0.0136678 -0.00445646 -0.0287592 -0.00948559 -0.030355 0.00376321 0.0239011 -0.023406 0.0234188 -0.00812611 0.0136678 -0.00445646 -0.0287592 -0.00948559 -0.030355 0.00376321
20230329 -0.0527081 -0.0527081 -0.0496355 -0.0362566 -0.0371773 -0.0185681 -0.0411162 -0.0194644 0.00619453 -0.00088966 0.0208357 -0.00463067 -0.0615469 -0.0182525 -0.0407966 -0.00372575 -0.0422025 -0.0520135 -0.031352 -0.0347487 -0.0514667 -0.0747332 -0.0615469 -0.0182525 -0.0407966 -0.00372575 -0.0422025 -0.0520135 -0.031352 -0.0347487 -0.0514667 -0.0747332
20230330 -0.0844459 -0.0844459 -0.0805008 -0.0871597 -0.0931951 -0.0730573 -0.0914588 -0.103841 -0.0842866 -0.0663723 -0.0542947 -0.0362412 -0.0781923 -0.0397969 -0.0629786 -0.0574193 -0.0308402 -0.0347728 -0.0297831 -0.0196358 -0.0429471 -0.0244433 -0.0781923 -0.0397969 -0.0629786 -0.0574193 -0.0308402 -0.0347728 -0.0297831 -0.0196358 -0.0429471 -0.0244433
20230331 -0.0249966 -0.0249966 -0.0493134 -0.0448348 -0.0762961 -0.0744895 -0.0749163 -0.078193 -0.0514479 -0.0684708 -0.0878701 -0.0664446 -0.0488455 0.00270067 0.0295905 0.00542288 0.0148167 0.043172 0.0220598 0.0486115 0.0589934 0.021369 -0.0488455 0.00270067 0.0295905 0.00542288 0.0148167 0.043172 0.0220598 0.0486115 0.0589934 0.021369
20230401 0.0106858 0.0106858 -0.0390607 -0.0397408 -0.0358226 -0.0623432 -0.0454755 -0.0544038 -0.058369 -0.0763921 -0.0645949 -0.0721787 -0.0398837 0.0268731 0.033459 0.0618928 -0.006178 -0.00253856 0.0373813 -1.24548e-05 -0.023737 0.0392659 -0.0398837 0.0268731 0.033459 0.0618928 -0.006178 -0.00253856 0.0373813 -1.24548e-05 -0.023737 0.0392659
20230402 -0.0393682 -0.0393682 -0.0334052 -0.0237157 -0.0184662 -0.0352983 -0.0494613 -0.0494133 -0.0335278 -0.0597367 -0.0375021 -0.0404451 -0.0313075 -0.0305628 0.0146117 -0.0226785 0.00514996 -0.0300627 -0.0206149 -0.0104845 -0.0200401 -0.0409587 -0.0313075 -0.0305628 0.0146117 -0.0226785 0.00514996 -0.0300627 -0.0206149 -0.0104845 -0.0200401 -0.0409587
20230403 -0.0494933 -0.0494933 -0.0743637 -0.0852061 -0.0859682 -0.0847825 -0.0853736 -0.0307921 -0.0617416 -0.0576061 -0.0405239 -0.0276129 -0.0743512 -0.0496258 -0.0287914 0.00528618 -0.0274996 -0.00589666 -0.0192174 -0.0461434 -0.0688591 -0.0192683 -0.0743512 -0.0496258 -0.0287914 0.00528618 -0.0274996 -0.00589666 -0.0192174 -0.0461434 -0.0688591 -0.0192683
20230404 -0.0457472 -0.0457472 -0.00972187 -0.00874265 -0.0186773 -0.0133681 -0.00242307 -0.0263762 -0.0184867 -0.0237584 -0.0122592 -0.0504469 -0.00987961 -0.0281703 -0.0354557 -0.0232324 0.0336313 -0.0119422 0.00978049 0.00764924 -0.0434746 -0.0687425 -0.00987961 -0.0281703 -0.0354557 -0.0232324 0.0336313 -0.0119422 0.00978049 0.00764924 -0.0434746 -0.0687425
20230405 -0.057032 -0.057032 -0.0614694 -0.0513081 -0.0511581 -0.0501873 -0.0598158 -0.0347832 -0.054848 -0.0178261 0.0269366 0.0375301 -0.0641121 -0.00109875 0.0031939 -0.0183201 0.00924953 0.0821332 0.0367394 0.0268134 2.21585e-07 -0.00678557 -0.0641121 -0.00109875 0.0031939 -0.0183201 0.00924953 0.0821332 0.0367394 0.0268134 2.21585e-07 -0.00678557
20230406 -0.0371097 -0.0371097 -0.00141188 -0.0373173 -0.0407911 -0.0401632 -0.0380878 -0.0334373 -0.028717 -0.00645892 0.00837505 0.00582618 -0.00361922 0.00280015 0.0324659 0.00881955 -0.0411285 -0.0524843 0.0228047 0.0343351 0.0188534 0.0447405 -0.00361922 0.00280015 0.0324659 0.00881955 -0.0411285 -0.0524843 0.0228047 0.0343351 0.0188534 0.0447405
20230407 -0.00672955 -0.00672955 -0.0193646 -0.0146798 -0.0560206 -0.0581972 -0.0312482 -0.0349849 -0.0436134 -0.0175432 0.0170919 0.00620917 -0.014548 0.0498267 0.0499059 0.0136171 0.0260074 0.0433189 0.0253584 0.0739898 0.0708298 0.0802866 -0.014548 0.0498267 0.0499059 0.0136171 0.0260074 0.0433189 0.0253584 0.0739898 0.0708298 0.0802866
20230408 0.00901893 0.00901893 0.008163 -0.00326306 0.0125671 0.0169717 -0.00458301 0.00976228 0.0296698 0.0464887 0.0625422 0.0961687 0.0130326 0.0385675 0.079996 0.0824512 0.0481854 0.0689224 0.0769233 0.0991341 0.0929376 0.109298 0.0130326 0.0385675 0.079996 0.0824512 0.0481854 0.0689224 0.0769233 0.0991341 0.0929376 0.109298
20230409 0.0534723 0.0534723 0.0486766 0.0427252 0.0358856 0.0434942 0.0343141 0.0213273 0.0252706 0.00332183 0.015529 0.0598079 0.0485409 0.0288908 0.0957926 0.138883 0.10617 0.0486221 0.0962833 0.0751509 0.0532479 0.0816329 0.0485409 0.0288908 0.0957926 0.138883 0.10617 0.0486221 0.0962833 0.0751509 0.0532479 0.0816329
20230410 0.0393389 0.0393389 0.0456132 0.0528554 0.0625745 0.0704247 0.0599268 0.0786451 0.0579403 0.0456636 0.058994 0.0682537 0.0497109 0.0401665 0.0618192 0.0731097 0.124705 0.113752 0.0616694 0.0946421 0.0645499 0.0366429 0.0497109 0.0401665 0.0618192 0.0731097 0.124705 0.113752 0.0616694 0.0946421 0.0645499 0.0366429
20230411 0.0646054 0.0646054 0.0332399 0.0417005 0.0356718 0.0354056 0.0222976 0.0396598 0.0970589 0.0637273 0.0749383 0.0392299 0.0313077 0.0364135 -0.0083013 -0.0175121 -0.00635572 0.0128048 0.0300216 0.0459112 0.0598606 0.00400236 0.0313077 0.0364135 -0.0083013 -0.0175121 -0.00635572 0.0128048 0.0300216 0.0459112 0.0598606 0.00400236
20230412 -0.00712376 -0.00712376 -0.031824 -0.0363323 -0.043019 -0.0248136 -0.0208334 -0.00566151 0.00392747 0.02826 0.0173583 0.0349812 -0.00884612 0.0520052 0.0265551 -0.0122617 -0.00732872 0.00371426 0.0429158 0.0169206 0.0509759 0.0321459 -0.00884612 0.0520052 0.0265551 -0.0122617 -0.00732872 0.00371426 0.0429158 0.0169206 0.0509759 0.0321459
20230413 0.0487471 0.0487471 0.0539339 0.0706599 0.0546537 0.0629863 0.0582805 0.0872558 0.0946076 0.0892117 0.0809659 0.0670416 0.0517811 0.0632445 0.106841 0.055562 -0.0165425 0.0252695 0.0437006 0.0627069 0.0773247 0.0471485 0.0517811 0.0632445 0.106841 0.055562 -0.0165425 0.0252695 0.0437006 0.0627069 0.0773247 0.0471485
20230414 0.0291939 0.0291939 0.0400029 0.0313854 0.0534926 0.047409 0.0360932 0.0563507 0.0642027 0.0935143 0.0815844 0.111865 0.0526761 0.0680408 0.0842677 0.109987 0.0628012 0.0816035 0.0452868 0.0325634 0.076703 0.0722325 0.0526761 0.0680408 0.0842677 0.109987 0.0628012 0.0816035 0.0452868 0.0325634 0.076703 0.0722325
20230415 0.0197612 0.0197612 0.0150963 0.00940028 0.00248927 0.0271026 0.0287328 0.0212154 0.0547388 0.0117006 0.0406784 0.108157 0.0126533 0.0273363 0.0629545 0.048749 0.0906851 0.0480393 0.0697688 0.0222436 0.0190018 0.0323736 0.0126533 0.0273363 0.0629545 0.048749 0.0906851 0.0480393 0.0697688 0.0222436 0.0190018 0.0323736
20230416 -0.00916942 -0.00916942 -0.0239958 -0.0312642 -0.0198966 -0.0235724 -0.0307452 -0.0143253 -0.00655275 0.00187684 -0.055179 -0.0275543 -0.0204167 -0.0128811 -0.0370759 -0.00491728 0.0482936 0.0802327 0.0506048 0.0160271 0.0143258 0.0151336 -0.0204167 -0.0128811 -0.0370759 -0.00491728 0.0482936 0.0802327 0.0506048 0.0160271 0.0143258 0.0151336
20230417 -0.0197937 -0.0197937 -0.0538626 -0.063207 -0.0604463 -0.0677692 -0.0678975 -0.0608664 -0.0742909 -0.0622585 -0.0736584 -0.0992534 -0.0612653 0.0161565 -0.0376301 -0.0555292 -0.0253804 0.0131053 0.0791227 0.0429262 0.0312854 0.00667519 -0.0612653 0.0161565 -0.0376301 -0.0555292 -0.0253804 0.0131053 0.0791227 0.0429262 0.0312854 0.00667519
20230418 -0.0198784 -0.0198784 -0.0604143 -0.0602403 -0.0571153 -0.0536763 -0.0590157 -0.0474368 0.0031517 -0.0292282 0.00873059 0.0159468 -0.0700919 -0.0280421 -0.00578028 0.00219216 -0.0332918 -0.0291216 0.0126677 0.0570681 0.0459115 0.00545403 -0.0700919 -0.0280421 -0.00578028 0.00219216 -0.0332918 -0.0291216 0.0126677 0.0570681 0.0459115 0.00545403
20230419 -0.0219112 -0.0219112 -0.0296208 -0.025725 -0.0306587 -0.0376486 -0.0249282 -0.0222503 -0.0423948 -0.0327619 -0.0424366 0.0180654 -0.0123901 -0.052448 -0.0388753 -0.042188 0.0222618 -0.0337968 -0.0157659 -0.00503193 -0.0106464 -0.0268198 -0.0123901 -0.052448 -0.0388753 -0.042188 0.0222618 -0.0337968 -0.0157659 -0.00503193 -0.0106464 -0.0268198
20230420 -0.00501716 -0.00501716 0.00457729 -0.0141157 -0.020256 -0.0212978 -0.0130302 -0.0322647 -0.000401632 -0.0558671 -0.00656945 -0.0505526 -0.00500678 -0.0118419 -0.0811851 -0.054281 -0.0436399 -0.00942961 -0.049375 0.00013637 -0.0319669 -0.00808547 -0.00500678 -0.0118419 -0.0811851 -0.054281 -0.0436399 -0.00942961 -0.049375 0.00013637 -0.0319669 -0.00808547
20230421 -0.0637384 -0.0637384 -0.0605222 -0.0558018 -0.0797302 -0.070124 -0.0753558 -0.0663846 -0.0102237 -0.0557354 -0.0641373 0.00345576 -0.0579229 0.00768406 -0.0182667 -0.012858 -0.0246254 -0.0228497 -0.0051261 -0.0280673 0.0119945 -0.0428834 -0.0579229 0.00768406 -0.0182667 -0.012858 -0.0246254 -0.0228497 -0.0051261 -0.0280673 0.0119945 -0.0428834
20230422 0.030771 0.030771 0.027751 0.0235266 0.0125956 -0.0104447 -0.0178886 -0.000260722 -0.0179244 -0.00100025 -0.0372318 -0.0255801 0.0388059 0.00873539 0.00928135 0.00309486 -0.016283 -0.0597388 0.00564279 -0.0105178 -0.0278906 0.00384147 0.0388059 0.00873539 0.00928135 0.00309486 -0.016283 -0.0597388 0.00564279 -0.0105178 -0.0278906 0.00384147
20230423 0.0214217 0.0214217 0.0399007 0.046617 0.0565705 0.0565157 0.0289105 0.0200751 0.023883 0.00909744 0.0417457 0.01666 0.0432301 0.0520789 0.0408881 0.055697 0.0275497 0.0239693 0.019581 0.0355645 0.0353948 -0.0187976 0.0432301 0.0520789 0.0408881 0.055697 0.0275497 0.0239693 0.019581 0.0355645 0.0353948 -0.0187976
20230424 0.0370164 0.0370164 0.0200597 0.0289057 0.015534 0.00411216 -0.0108083 -0.0148367 -0.000991223 -0.00589624 -0.00267051 0.0630153 0.0226747 0.0743761 0.0760918 0.0825231 0.0939769 0.028672 0.0258448 0.0148593 0.0431991 0.0623201 0.0226747 0.0743761 0.0760918 0.0825231 0.0939769 0.028672 0.0258448 0.0148593 0.0431991 0.0623201
20230425 0.00135541 0.00135541 0.015092 0.0160484 0.023642 0.0214274 0.0252337 0.0389829 0.0647357 0.0596738 0.071806 0.0568463 0.022431 0.04598 0.0551097 0.0716913 0.0394203 0.0668765 -0.00843955 0.00622772 -0.00954884 0.00260756 0.022431 0.04598 0.0551097 0.0716913 0.0394203 0.0668765 -0.00843955 0.00622772 -0.00954884 0.00260756
20230426 -0.0151707 -0.0151707 0.0056168 0.00237268 0.00413103 0.00720092 0.0278836 0.0325417 0.0153538 0.0785582 0.0470451 0.068885 -0.0121127 0.0029048 0.00708369 0.0173704 0.0383929 0.0156865 0.0341412 -0.00446994 0.00795608 -0.00416551 -0.0121127 0.0029048 0.00708369 0.0173704 0.0383929 0.0156865 0.0341412 -0.00446994 0.00795608 -0.00416551
20230427 0.00114055 0.00114055 0.015945 -0.00211036 -0.0231854 -0.00519016 -0.00830235 -0.0125005 -0.00498503 -0.00152809 0.00357706 0.0190384 0.0205783 0.0388471 0.00652191 0.00656913 0.0157455 0.0588978 0.00505534 0.0471185 0.0448158 0.0469665 0.0205783 0.0388471 0.00652191 0.00656913 0.0157455 0.0588978 0.00505534 0.0471185 0.0448158 0.0469665
20230428 -0.0356323 -0.0356323 -0.0546028 -0.0449148 -0.0277436 -0.0332048 -0.0467302 -0.0522949 -0.0305398 -0.0330711 -0.0515212 -0.00175467 -0.0521649 0.00253836 -0.0171122 -0.000682391 -0.00860357 -0.00434921 0.0442906 -0.00208649 0.0147167 0.00565384 -0.0521649 0.00253836 -0.0171122 -0.000682391 -0.00860357 -0.00434921 0.0442906 -0.00208649 0.0147167 0.00565384
20230429 -0.0884514 -0.0884514 -0.0912205 -0.0888681 -0.0925455 -0.0823591 -0.0768548 -0.0783733 -0.0722915 -0.0706219 -0.0495503 -0.0288788 -0.0861275 -0.0487496 -0.0164417 -0.0100441 -0.0109235 0.0369946 0.041027 0.0664243 0.0062649 0.0339308 -0.0861275 -0.0487496 -0.0164417 -0.0100441 -0.0109235 0.0369946 0.041027 0.0664243 0.0062649 0.0339308
20230430 -0.0682382 -0.0682382 -0.042009 -0.0476344 -0.0593611 -0.054326 -0.0326394 -0.0137366 -0.0629923 -0.0474728 -0.0580987 -0.0528989 -0.0441196 -0.0772982 -0.0613862 0.00953361 0.000776098 -0.0282853 0.00698779 0.0186279 -0.0127558 -0.0234953 -0.0441196 -0.0772982 -0.0613862 0.00953361 0.000776098 -0.0282853 0.00698779 0.0186279 -0.0127558 -0.0234953
20230501 -0.0491509 -0.0491509 -0.0700398 -0.0668543 -0.0611688 -0.0642624 -0.0514854 -0.0764193 -0.0803934 -0.0829364 -0.0862851 -0.100696 -0.0682064 -0.0577129 -0.101817 -0.0791571 0.00827995 -0.0567934 -0.0126986 -0.0196137 -0.0127343 -0.0452959 -0.0682064 -0.0577129 -0.101817 -0.0791571 0.00827995 -0.0567934 -0.0126986 -0.0196137 -0.0127343 -0.0452959
20230502 -0.0398886 -0.0398886 -0.0761224 -0.0801635 -0.0777245 -0.0694029 -0.0779215 -0.0963512 -0.0818638 -0.0976116 -0.106685 -0.0865567 -0.0772092 -0.125615 -0.0799744 -0.126014 -0.0394689 0.0120803 -0.080851 -0.0209546 -0.00120185 -0.0453174 -0.0772092 -0.125615 -0.0799744 -0.126014 -0.0394689 0.0120803 -0.080851 -0.0209546 -0.00120185 -0.0453174
