20190306 0.0270864 0.0270864 0.0330179 0.0333295 0.0332829 0.0336164 0.0336164 0.0336156 0.0336166 0.0368818 0.0373011 0.0381879 0.0274774 0.0330997 0.0342018 0.0341272 0.0334271 0.0343085 0.0342414 0.0344338 0.0393791 0.0396919 0.0274774 0.0330997 0.0342018 0.0341272 0.0334271 0.0343085 0.0342414 0.0344338 0.0393791 0.0396919
20190313 0.0294701 0.0294701 0.0442724 0.0444398 0.0448083 0.0448093 0.0452879 0.0456196 0.0456567 0.0421597 0.0431771 0.0438618 0.0299303 0.0455694 0.046964 0.0476327 0.0470226 0.0468347 0.0457587 0.0421119 0.044452 0.0465611 0.0299303 0.0455694 0.046964 0.0476327 0.0470226 0.0468347 0.0457587 0.0421119 0.044452 0.0465611
20190320 0.0299034 0.0299034 0.0352607 0.0355336 0.035738 0.0353819 0.0352667 0.0358094 0.0357519 0.0412828 0.0403456 0.041772 0.0305343 0.0345201 0.0351182 0.0356552 0.0351068 0.036492 0.0381255 0.0375043 0.04338 0.0433093 0.0305343 0.0345201 0.0351182 0.0356552 0.0351068 0.036492 0.0381255 0.0375043 0.04338 0.0433093
20190327 0.0273546 0.0273546 0.031618 0.0317773 0.0318742 0.0321372 0.0323675 0.0330566 0.0329888 0.0380487 0.0382705 0.0390205 0.0273737 0.0331104 0.0347421 0.0324101 0.0326879 0.0334506 0.0347661 0.0350068 0.0388834 0.0399737 0.0273737 0.0331104 0.0347421 0.0324101 0.0326879 0.0334506 0.0347661 0.0350068 0.0388834 0.0399737
20190403 0.0236782 0.0236782 0.0291289 0.0292938 0.0295776 0.029591 0.0295501 0.0302532 0.0307343 0.0346469 0.0352912 0.0352993 0.0243903 0.0301011 0.0292578 0.028938 0.0305304 0.0314673 0.0319561 0.032904 0.0369443 0.037177 0.0243903 0.0301011 0.0292578 0.028938 0.0305304 0.0314673 0.0319561 0.032904 0.0369443 0.037177
20190410 0.0263829 0.0263829 0.0298384 0.0299157 0.030259 0.0298126 0.0301708 0.0307932 0.0305254 0.0352807 0.0349267 0.0350272 0.0276668 0.0309334 0.0313965 0.0321426 0.0324937 0.0315796 0.0318189 0.03372 0.0362903 0.0373366 0.0276668 0.0309334 0.0313965 0.0321426 0.0324937 0.0315796 0.0318189 0.03372 0.0362903 0.0373366
20190417 0.0264021 0.0264021 0.0345495 0.0344646 0.034521 0.0346181 0.034895 0.0348391 0.0352181 0.0401112 0.0406048 0.0403661 0.0290514 0.0349157 0.0357643 0.0359681 0.0359925 0.0355254 0.0351539 0.0327034 0.037028 0.0381796 0.0290514 0.0349157 0.0357643 0.0359681 0.0359925 0.0355254 0.0351539 0.0327034 0.037028 0.0381796
20190424 0.0241338 0.0241338 0.0325722 0.0327226 0.0329862 0.033135 0.0331042 0.0331246 0.0335285 0.0327647 0.032729 0.0332008 0.0252188 0.0334591 0.0346314 0.0345976 0.0361225 0.0363828 0.0363871 0.0362715 0.0382338 0.0381963 0.0252188 0.0334591 0.0346314 0.0345976 0.0361225 0.0363828 0.0363871 0.0362715 0.0382338 0.0381963
20190501 0.0247605 0.0247605 0.0376636 0.0378259 0.0379758 0.0380005 0.0380394 0.0382577 0.038413 0.0375517 0.037652 0.0368668 0.0256453 0.0347951 0.0343639 0.0358806 0.0344938 0.0327436 0.0335604 0.0341135 0.0372014 0.0371959 0.0256453 0.0347951 0.0343639 0.0358806 0.0344938 0.0327436 0.0335604 0.0341135 0.0372014 0.0371959
20190508 0.0313326 0.0313326 0.0388946 0.0388436 0.0388265 0.0388152 0.0396833 0.039346 0.0391714 0.0404652 0.0398376 0.0401761 0.0343996 0.0381979 0.038973 0.0391823 0.0382009 0.0386914 0.0372259 0.0380434 0.0423324 0.0443753 0.0343996 0.0381979 0.038973 0.0391823 0.0382009 0.0386914 0.0372259 0.0380434 0.0423324 0.0443753
20190515 0.0249811 0.0249811 0.0343004 0.0343004 0.0347126 0.0347455 0.0352605 0.0352613 0.0351861 0.0414061 0.0418153 0.0420291 0.0266418 0.0342626 0.0331217 0.0332012 0.0324197 0.0331952 0.0338637 0.0377316 0.0467479 0.0480508 0.0266418 0.0342626 0.0331217 0.0332012 0.0324197 0.0331952 0.0338637 0.0377316 0.0467479 0.0480508
20190522 0.0252754 0.0252754 0.030062 0.030474 0.0308684 0.0312971 0.0310126 0.0310128 0.0316039 0.032909 0.032909 0.0335597 0.0265761 0.0297847 0.0319087 0.0327342 0.0325073 0.0325597 0.0341893 0.0339484 0.0413599 0.0402493 0.0265761 0.0297847 0.0319087 0.0327342 0.0325073 0.0325597 0.0341893 0.0339484 0.0413599 0.0402493
20190529 0.0211211 0.0211211 0.0294437 0.0294437 0.0296692 0.0300969 0.0302135 0.0302132 0.0304156 0.0340697 0.034481 0.0347712 0.0214038 0.0300904 0.028318 0.0292895 0.0297664 0.0288622 0.0291084 0.0286465 0.0322184 0.0330031 0.0214038 0.0300904 0.028318 0.0292895 0.0297664 0.0288622 0.0291084 0.0286465 0.0322184 0.0330031
20190605 0.0217097 0.0217097 0.0274242 0.0274338 0.0278713 0.0284143 0.0284146 0.0284147 0.0284136 0.0325712 0.0325719 0.0334859 0.0217968 0.0303133 0.0313162 0.03078 0.028808 0.0280868 0.0278653 0.0298912 0.0327056 0.0331835 0.0217968 0.0303133 0.0313162 0.03078 0.028808 0.0280868 0.0278653 0.0298912 0.0327056 0.0331835
20190612 0.0195079 0.0195079 0.0252325 0.0254256 0.0253606 0.0253765 0.0253826 0.0262093 0.0258498 0.0303325 0.0312965 0.0310758 0.0195991 0.0254397 0.0261093 0.0253985 0.0254185 0.024678 0.0242012 0.0247471 0.0319338 0.0316377 0.0195991 0.0254397 0.0261093 0.0253985 0.0254185 0.024678 0.0242012 0.0247471 0.0319338 0.0316377
20190619 0.0192008 0.0192008 0.031072 0.0310907 0.0310904 0.030957 0.0311214 0.0311222 0.0311032 0.0335703 0.0344663 0.034604 0.0199899 0.0297107 0.0300099 0.0293032 0.0289232 0.0288161 0.0281591 0.0287431 0.03625 0.0365827 0.0199899 0.0297107 0.0300099 0.0293032 0.0289232 0.0288161 0.0281591 0.0287431 0.03625 0.0365827
20190626 0.0213907 0.0213907 0.0287674 0.0287673 0.0289609 0.0287177 0.0293787 0.0293787 0.0296469 0.0350615 0.0357677 0.0357677 0.021632 0.0289465 0.0292053 0.0276514 0.0294663 0.0301813 0.0291014 0.0288822 0.0373146 0.037829 0.021632 0.0289465 0.0292053 0.0276514 0.0294663 0.0301813 0.0291014 0.0288822 0.0373146 0.037829
20190703 0.0209706 0.0209706 0.0278171 0.0277426 0.0280726 0.0281888 0.0286104 0.0289878 0.0289876 0.0346002 0.0345988 0.0337747 0.0210387 0.0299418 0.0316731 0.0283085 0.0253794 0.0266845 0.0271097 0.0281709 0.0347424 0.0341641 0.0210387 0.0299418 0.0316731 0.0283085 0.0253794 0.0266845 0.0271097 0.0281709 0.0347424 0.0341641
20190710 0.0233104 0.0233104 0.0291895 0.0293046 0.0291827 0.0293823 0.0293741 0.0297852 0.0300562 0.0330613 0.0327982 0.0329158 0.0243071 0.029249 0.0298924 0.0294082 0.0303083 0.031226 0.0325962 0.0317706 0.0337785 0.0336822 0.0243071 0.029249 0.0298924 0.0294082 0.0303083 0.031226 0.0325962 0.0317706 0.0337785 0.0336822
20190717 0.0204737 0.0204737 0.0269421 0.0269421 0.0269104 0.0270586 0.0277331 0.0278457 0.0277407 0.0315505 0.0319847 0.0315125 0.0213122 0.0275617 0.0276619 0.0271034 0.0282258 0.0286119 0.0291388 0.0307031 0.0346872 0.0352989 0.0213122 0.0275617 0.0276619 0.0271034 0.0282258 0.0286119 0.0291388 0.0307031 0.0346872 0.0352989
20190724 0.021771 0.021771 0.0273388 0.0273762 0.0278683 0.0281278 0.0279759 0.0277721 0.0277745 0.0328804 0.0328785 0.033312 0.022163 0.0290584 0.0310243 0.0339746 0.0319729 0.0308439 0.0320716 0.0318088 0.0357318 0.0350365 0.022163 0.0290584 0.0310243 0.0339746 0.0319729 0.0308439 0.0320716 0.0318088 0.0357318 0.0350365
20190731 0.0200533 0.0200533 0.0265512 0.0271085 0.0268814 0.0272436 0.0273462 0.0265063 0.02745 0.0338118 0.0343387 0.0350796 0.0205971 0.0290784 0.0280608 0.0278588 0.027592 0.0266729 0.0265547 0.0278912 0.0335221 0.035003 0.0205971 0.0290784 0.0280608 0.0278588 0.027592 0.0266729 0.0265547 0.0278912 0.0335221 0.035003
20190805 0.0208732 0.0208732 0.0285126 0.0292374 0.0293418 0.0294373 0.0295422 0.0367059 0.0372725 0.0377671 0.038408 0.0389023 0.0282607 0.0290887 0.0299713 0.029486 0.0317007 0.0310347 0.0360879 0.0353684 0.0371782 0.0351376 0.0282607 0.0290887 0.0299713 0.029486 0.0317007 0.0310347 0.0360879 0.0353684 0.0371782 0.0351376
20190807 0.0225234 0.0225234 0.0315984 0.0321063 0.0318708 0.0326161 0.0330732 0.0331599 0.0339182 0.0377976 0.0393248 0.0389836 0.0228461 0.0328318 0.034661 0.0319946 0.0327403 0.0315702 0.0326113 0.0326798 0.0396025 0.0385203 0.0228461 0.0328318 0.034661 0.0319946 0.0327403 0.0315702 0.0326113 0.0326798 0.0396025 0.0385203
20190812 0.021832 0.021832 0.0291371 0.0290547 0.0290544 0.0290559 0.0293793 0.0327606 0.0329679 0.0324178 0.0336697 0.0340403 0.0290062 0.0315866 0.0297925 0.026256 0.0245213 0.0277007 0.0330231 0.033171 0.0316146 0.0303418 0.0290062 0.0315866 0.0297925 0.026256 0.0245213 0.0277007 0.0330231 0.033171 0.0316146 0.0303418
20190814 0.0216394 0.0216394 0.0270855 0.0273905 0.0273516 0.0273612 0.0273611 0.0273608 0.0277842 0.033579 0.0335418 0.0346269 0.0228296 0.0283731 0.0306476 0.0329944 0.0313131 0.0304293 0.030903 0.0342367 0.0375737 0.0372741 0.0228296 0.0283731 0.0306476 0.0329944 0.0313131 0.0304293 0.030903 0.0342367 0.0375737 0.0372741
20190821 0.0203441 0.0203441 0.0244667 0.0247996 0.0257944 0.0259049 0.0260735 0.0260729 0.0260755 0.0296281 0.0300673 0.0306573 0.0209806 0.0267166 0.027891 0.0260028 0.0255776 0.0267761 0.0305854 0.0286629 0.0302869 0.0307889 0.0209806 0.0267166 0.027891 0.0260028 0.0255776 0.0267761 0.0305854 0.0286629 0.0302869 0.0307889
20190828 0.0219683 0.0219683 0.0267768 0.0267768 0.0266005 0.0266519 0.0269516 0.0270059 0.0275523 0.0303889 0.031506 0.0322485 0.0221799 0.0278392 0.0278677 0.0287587 0.0285155 0.0281191 0.028621 0.0285559 0.0318679 0.0326783 0.0221799 0.0278392 0.0278677 0.0287587 0.0285155 0.0281191 0.028621 0.0285559 0.0318679 0.0326783
20190904 0.0199598 0.0199598 0.0242805 0.0242843 0.0242842 0.0250122 0.0250122 0.0250126 0.0250118 0.0291778 0.0291684 0.0289393 0.0200419 0.0241248 0.0263486 0.0294023 0.0301453 0.0316481 0.0313063 0.0299554 0.0324373 0.032183 0.0200419 0.0241248 0.0263486 0.0294023 0.0301453 0.0316481 0.0313063 0.0299554 0.0324373 0.032183
20190911 0.0186827 0.0186827 0.0246127 0.0246139 0.0246139 0.0248051 0.0248027 0.0258504 0.0258507 0.0338192 0.0338258 0.0338212 0.0192204 0.0278311 0.0293393 0.0278834 0.0280966 0.0297265 0.0306856 0.0315079 0.03586 0.03542 0.0192204 0.0278311 0.0293393 0.0278834 0.0280966 0.0297265 0.0306856 0.0315079 0.03586 0.03542
20190918 0.018708 0.018708 0.0249254 0.0251088 0.0254901 0.025431 0.0269719 0.0269722 0.0269737 0.0320121 0.0320114 0.0320133 0.0191017 0.02625 0.0287036 0.0306119 0.0301187 0.0274522 0.0273815 0.0277454 0.0338369 0.0362661 0.0191017 0.02625 0.0287036 0.0306119 0.0301187 0.0274522 0.0273815 0.0277454 0.0338369 0.0362661
20190925 0.0180816 0.0180816 0.0229997 0.0231373 0.0231981 0.0230222 0.0231894 0.0240343 0.0250176 0.0292516 0.0300517 0.0299409 0.0186273 0.0244527 0.0267501 0.0288973 0.0295519 0.0288666 0.0284117 0.0300353 0.0336962 0.0330963 0.0186273 0.0244527 0.0267501 0.0288973 0.0295519 0.0288666 0.0284117 0.0300353 0.0336962 0.0330963
20191002 0.0221234 0.0221234 0.0319174 0.0324144 0.0323174 0.0321997 0.0325752 0.0332116 0.0320991 0.0358284 0.0360008 0.037338 0.0223015 0.0303122 0.0301185 0.0284212 0.0291476 0.0314065 0.0334015 0.0353227 0.0432518 0.0437335 0.0223015 0.0303122 0.0301185 0.0284212 0.0291476 0.0314065 0.0334015 0.0353227 0.0432518 0.0437335
20191009 0.0227905 0.0227905 0.0295636 0.0297841 0.0307136 0.0311186 0.0311469 0.0311139 0.0315278 0.036466 0.0375715 0.037559 0.0237448 0.0298542 0.030285 0.0298093 0.0301411 0.0299194 0.0291106 0.0312822 0.0403379 0.0425315 0.0237448 0.0298542 0.030285 0.0298093 0.0301411 0.0299194 0.0291106 0.0312822 0.0403379 0.0425315
20191016 0.022834 0.022834 0.0302719 0.0306736 0.0306338 0.0309885 0.0315523 0.0313399 0.0320485 0.0366951 0.0362979 0.0367652 0.0230263 0.0301496 0.0330953 0.0318901 0.0305242 0.0306485 0.0309964 0.0325539 0.040672 0.0403187 0.0230263 0.0301496 0.0330953 0.0318901 0.0305242 0.0306485 0.0309964 0.0325539 0.040672 0.0403187
20191023 0.0226995 0.0226995 0.029759 0.0301241 0.0306705 0.0307366 0.0312172 0.0317734 0.0329341 0.0367901 0.0376758 0.0385409 0.0226032 0.0309661 0.032009 0.0320438 0.032104 0.0314426 0.0316405 0.034047 0.0395763 0.0416867 0.0226032 0.0309661 0.032009 0.0320438 0.032104 0.0314426 0.0316405 0.034047 0.0395763 0.0416867
20191030 0.0227675 0.0227675 0.0307172 0.0308802 0.0308691 0.0307845 0.0312274 0.0311226 0.0315425 0.035264 0.0353995 0.0358608 0.0234376 0.0303942 0.0310752 0.0300977 0.0303456 0.0298562 0.0298556 0.0314613 0.037868 0.0377945 0.0234376 0.0303942 0.0310752 0.0300977 0.0303456 0.0298562 0.0298556 0.0314613 0.037868 0.0377945
20191106 0.0238179 0.0238179 0.0306957 0.0307118 0.0307476 0.0306913 0.0306683 0.0310376 0.0310977 0.0333455 0.0343795 0.0337771 0.0245416 0.0309936 0.0324217 0.0323251 0.0316516 0.0323675 0.0341753 0.0378431 0.0392646 0.0393368 0.0245416 0.0309936 0.0324217 0.0323251 0.0316516 0.0323675 0.0341753 0.0378431 0.0392646 0.0393368
20191113 0.0228532 0.0228532 0.0296206 0.0297487 0.0298177 0.029935 0.0302221 0.0302653 0.0303829 0.0355361 0.0356648 0.0360024 0.0232211 0.0302628 0.0320224 0.0316414 0.0333354 0.0333771 0.0334709 0.0343258 0.0383103 0.0390523 0.0232211 0.0302628 0.0320224 0.0316414 0.0333354 0.0333771 0.0334709 0.0343258 0.0383103 0.0390523
20191120 0.0224212 0.0224212 0.0289792 0.0289978 0.029395 0.0300006 0.030046 0.0301322 0.0301286 0.0360844 0.0359745 0.0354346 0.0233032 0.0290541 0.0314753 0.0313329 0.0332626 0.034835 0.0369819 0.0390618 0.0413234 0.0420913 0.0233032 0.0290541 0.0314753 0.0313329 0.0332626 0.034835 0.0369819 0.0390618 0.0413234 0.0420913
20191127 0.0209113 0.0209113 0.0266626 0.0266783 0.0271048 0.0273897 0.027331 0.0279663 0.0290145 0.0348046 0.0342116 0.0341235 0.0210517 0.0255345 0.0265087 0.0278981 0.0285531 0.030689 0.031116 0.0326983 0.0375148 0.0373204 0.0210517 0.0255345 0.0265087 0.0278981 0.0285531 0.030689 0.031116 0.0326983 0.0375148 0.0373204
20191204 0.021754 0.021754 0.0270195 0.0270748 0.0270316 0.0274294 0.0279035 0.0281384 0.028376 0.0332809 0.0336119 0.0335136 0.0216516 0.0277148 0.0291285 0.0300662 0.0293337 0.0289958 0.0303414 0.0301949 0.0328643 0.0330214 0.0216516 0.0277148 0.0291285 0.0300662 0.0293337 0.0289958 0.0303414 0.0301949 0.0328643 0.0330214
20191211 0.0228034 0.0228034 0.0275841 0.0277491 0.0281974 0.0285464 0.0287252 0.0288799 0.0291892 0.0351625 0.0351842 0.0354324 0.0231421 0.0296498 0.0326237 0.0329887 0.0327116 0.0354449 0.0360458 0.0371035 0.0395446 0.0398029 0.0231421 0.0296498 0.0326237 0.0329887 0.0327116 0.0354449 0.0360458 0.0371035 0.0395446 0.0398029
20191218 0.0235302 0.0235302 0.0279999 0.0284554 0.0287976 0.0288876 0.02938 0.0293563 0.028571 0.0369377 0.0378058 0.0381896 0.0236428 0.0296038 0.0314775 0.0308847 0.0317755 0.0331226 0.0350085 0.0358741 0.0416134 0.0427669 0.0236428 0.0296038 0.0314775 0.0308847 0.0317755 0.0331226 0.0350085 0.0358741 0.0416134 0.0427669
20191225 0.0216823 0.0216823 0.028117 0.0281514 0.0279044 0.0281849 0.0289704 0.0289143 0.0293421 0.0339997 0.0346175 0.0341202 0.0221178 0.0283107 0.0297499 0.0305408 0.0305168 0.0310079 0.0311814 0.0322802 0.0371582 0.038465 0.0221178 0.0283107 0.0297499 0.0305408 0.0305168 0.0310079 0.0311814 0.0322802 0.0371582 0.038465
20200101 0.0205426 0.0205426 0.0256198 0.0255228 0.0259391 0.0263065 0.0267009 0.0269132 0.0264212 0.0328848 0.0331287 0.0334961 0.0212364 0.0269182 0.0281576 0.0283683 0.0286813 0.0292865 0.0290703 0.0279686 0.0307979 0.0301283 0.0212364 0.0269182 0.0281576 0.0283683 0.0286813 0.0292865 0.0290703 0.0279686 0.0307979 0.0301283
20200108 0.0217612 0.0217612 0.0271797 0.0272212 0.0274082 0.0273736 0.0273258 0.0279688 0.0277839 0.0310781 0.0323691 0.0338321 0.0220863 0.0286735 0.0294899 0.029544 0.0306116 0.0311855 0.0314046 0.0320447 0.0355573 0.0374919 0.0220863 0.0286735 0.0294899 0.029544 0.0306116 0.0311855 0.0314046 0.0320447 0.0355573 0.0374919
20200115 0.0226464 0.0226464 0.0278001 0.0276981 0.0284536 0.0289609 0.0289607 0.0293814 0.029637 0.0342584 0.0343695 0.0337176 0.0230248 0.0288059 0.0300454 0.030379 0.0314064 0.0312209 0.0324894 0.0327458 0.0345111 0.0345018 0.0230248 0.0288059 0.0300454 0.030379 0.0314064 0.0312209 0.0324894 0.0327458 0.0345111 0.0345018
20200122 0.020751 0.020751 0.0250078 0.025114 0.0250425 0.0251805 0.0256711 0.0259485 0.0258481 0.0304012 0.0304581 0.0306007 0.0207079 0.0253069 0.0274734 0.0282035 0.0286167 0.0285019 0.028996 0.029789 0.035302 0.0353359 0.0207079 0.0253069 0.0274734 0.0282035 0.0286167 0.0285019 0.028996 0.029789 0.035302 0.0353359
20200129 0.019772 0.019772 0.0250487 0.0252326 0.0252014 0.0249311 0.0252388 0.0256136 0.0255919 0.0281536 0.0283188 0.0284738 0.0199041 0.0258004 0.0266799 0.0279121 0.0286256 0.0273996 0.0269778 0.0276367 0.0325847 0.0334807 0.0199041 0.0258004 0.0266799 0.0279121 0.0286256 0.0273996 0.0269778 0.0276367 0.0325847 0.0334807
20200205 0.0225346 0.0225346 0.0274707 0.0276125 0.0279131 0.0278088 0.027942 0.0290726 0.0297742 0.0334543 0.032785 0.0334755 0.0228443 0.0284704 0.0298665 0.0306248 0.0297457 0.0294557 0.0295288 0.0297471 0.0327368 0.032814 0.0228443 0.0284704 0.0298665 0.0306248 0.0297457 0.0294557 0.0295288 0.0297471 0.0327368 0.032814
20200212 0.0273208 0.0273208 0.0301349 0.0301348 0.0301171 0.0300408 0.0304005 0.0305393 0.030769 0.0361069 0.0365866 0.0366886 0.0272953 0.0299005 0.0304209 0.0314079 0.0316022 0.0312086 0.030733 0.0308301 0.0359089 0.0360575 0.0272953 0.0299005 0.0304209 0.0314079 0.0316022 0.0312086 0.030733 0.0308301 0.0359089 0.0360575
20200219 0.0231153 0.0231153 0.0297191 0.0295386 0.0297444 0.0298928 0.0298658 0.0318318 0.0318315 0.0339082 0.033908 0.0341198 0.0294333 0.0305323 0.0313033 0.0308494 0.0308698 0.0294928 0.0290238 0.0309029 0.0337584 0.033066 0.0294333 0.0305323 0.0313033 0.0308494 0.0308698 0.0294928 0.0290238 0.0309029 0.0337584 0.033066
20200226 0.0216428 0.0216428 0.0305842 0.0305847 0.0306335 0.0310232 0.0311193 0.0311425 0.0310252 0.0331618 0.0330094 0.0333952 0.0217853 0.0317514 0.0321512 0.0325908 0.0338553 0.0347364 0.0343825 0.0333745 0.0328896 0.0328297 0.0217853 0.0317514 0.0321512 0.0325908 0.0338553 0.0347364 0.0343825 0.0333745 0.0328896 0.0328297
20200304 0.0227282 0.0227282 0.0260733 0.0264092 0.0264093 0.0265791 0.0266018 0.0264209 0.0268111 0.0362669 0.0360789 0.0357932 0.0234617 0.0268753 0.0277874 0.0288647 0.02883 0.0288048 0.028575 0.0282433 0.0384441 0.0385344 0.0234617 0.0268753 0.0277874 0.0288647 0.02883 0.0288048 0.028575 0.0282433 0.0384441 0.0385344
20200311 0.022082 0.022082 0.0262334 0.0264521 0.0263573 0.0265287 0.0268818 0.0270491 0.0275456 0.0318564 0.0321079 0.0321076 0.0218662 0.0260408 0.0271561 0.0262875 0.0267897 0.028141 0.0276314 0.026232 0.0292117 0.0295594 0.0218662 0.0260408 0.0271561 0.0262875 0.0267897 0.028141 0.0276314 0.026232 0.0292117 0.0295594
20200318 0.0204074 0.0204074 0.0250658 0.0250671 0.0250673 0.0250923 0.025601 0.0258784 0.0262619 0.0283327 0.0281657 0.0286696 0.0206774 0.0269331 0.0282946 0.0281518 0.0274674 0.0278985 0.0273307 0.0284638 0.0310765 0.0309864 0.0206774 0.0269331 0.0282946 0.0281518 0.0274674 0.0278985 0.0273307 0.0284638 0.0310765 0.0309864
20200325 0.0228577 0.0228577 0.028106 0.0281341 0.0283383 0.0284289 0.02876 0.0287601 0.0298529 0.0322766 0.032279 0.0322795 0.0233368 0.028702 0.0309144 0.0316151 0.031659 0.0323466 0.0347235 0.036529 0.0370291 0.0370238 0.0233368 0.028702 0.0309144 0.0316151 0.031659 0.0323466 0.0347235 0.036529 0.0370291 0.0370238
20200401 0.0199365 0.0199365 0.0231088 0.0232549 0.0236152 0.0236148 0.0245345 0.0245345 0.0247062 0.0276506 0.0278813 0.0281517 0.0201116 0.0242495 0.0263413 0.0263628 0.0262473 0.0268827 0.0266037 0.0270909 0.0311446 0.0316311 0.0201116 0.0242495 0.0263413 0.0263628 0.0262473 0.0268827 0.0266037 0.0270909 0.0311446 0.0316311
20200408 0.0204346 0.0204346 0.0257843 0.0256965 0.0256489 0.0255342 0.0262915 0.0262888 0.0261516 0.0282775 0.0283872 0.0288707 0.0222537 0.0256434 0.0268853 0.0279188 0.0271739 0.0270767 0.0276396 0.0271725 0.0281712 0.0285433 0.0222537 0.0256434 0.0268853 0.0279188 0.0271739 0.0270767 0.0276396 0.0271725 0.0281712 0.0285433
20200415 0.0190355 0.0190355 0.0238013 0.02382 0.023472 0.0234852 0.0235364 0.0239253 0.0241838 0.0273274 0.0277946 0.0273438 0.0196388 0.0236843 0.024245 0.0259079 0.0260363 0.0269549 0.02805 0.0282878 0.0285857 0.02774 0.0196388 0.0236843 0.024245 0.0259079 0.0260363 0.0269549 0.02805 0.0282878 0.0285857 0.02774
20200422 0.0205777 0.0205777 0.0267329 0.0269528 0.0272326 0.0271674 0.0272101 0.0273929 0.0276129 0.0304649 0.0307436 0.0304048 0.0216612 0.0259179 0.0263522 0.0268409 0.0265782 0.0264688 0.0266628 0.0259971 0.0291755 0.0300916 0.0216612 0.0259179 0.0263522 0.0268409 0.0265782 0.0264688 0.0266628 0.0259971 0.0291755 0.0300916
20200429 0.0218756 0.0218756 0.0295306 0.029422 0.0295616 0.0297994 0.0295616 0.0299101 0.0303002 0.0358226 0.0359529 0.0352386 0.0228036 0.0292299 0.0297809 0.0300885 0.0293831 0.0288957 0.0278587 0.02841 0.0307753 0.0312234 0.0228036 0.0292299 0.0297809 0.0300885 0.0293831 0.0288957 0.0278587 0.02841 0.0307753 0.0312234
20200513 0.0188583 0.0188583 0.0236669 0.0238016 0.0239353 0.0239522 0.0239193 0.0239604 0.0241596 0.0294384 0.0290822 0.0297854 0.0196042 0.0241362 0.025623 0.0261056 0.0267695 0.0274796 0.0278327 0.0269097 0.0307353 0.0295574 0.0196042 0.0241362 0.025623 0.0261056 0.0267695 0.0274796 0.0278327 0.0269097 0.0307353 0.0295574
20200520 0.0209988 0.0209988 0.0284693 0.0286876 0.0287088 0.0292289 0.0297659 0.0298216 0.0300131 0.033465 0.0337524 0.033767 0.0218495 0.0292361 0.0300661 0.0303187 0.0304411 0.0313565 0.0324758 0.031324 0.0330794 0.0345752 0.0218495 0.0292361 0.0300661 0.0303187 0.0304411 0.0313565 0.0324758 0.031324 0.0330794 0.0345752
20200527 0.0193941 0.0193941 0.0226637 0.0228815 0.0228789 0.0231435 0.0233045 0.0230306 0.0235349 0.0266777 0.0269069 0.0268615 0.0201353 0.0222841 0.0242339 0.0244265 0.0257597 0.0272125 0.0274681 0.0261808 0.0295741 0.028899 0.0201353 0.0222841 0.0242339 0.0244265 0.0257597 0.0272125 0.0274681 0.0261808 0.0295741 0.028899
20200603 0.0236245 0.0236245 0.0276092 0.0277155 0.0276324 0.0276044 0.0279514 0.0278431 0.0279643 0.0340127 0.0347391 0.0348619 0.0244188 0.0284408 0.0284954 0.0277313 0.0272141 0.0264698 0.0280776 0.0295713 0.0324087 0.0335901 0.0244188 0.0284408 0.0284954 0.0277313 0.0272141 0.0264698 0.0280776 0.0295713 0.0324087 0.0335901
20200610 0.0183381 0.0183381 0.0230867 0.0233304 0.0234112 0.0234991 0.0238543 0.0238544 0.0237455 0.0315227 0.0318719 0.0312419 0.0189357 0.0228819 0.021803 0.022476 0.0230629 0.0236308 0.0234525 0.0248373 0.0279699 0.0282688 0.0189357 0.0228819 0.021803 0.022476 0.0230629 0.0236308 0.0234525 0.0248373 0.0279699 0.0282688
20200617 0.0238189 0.0238189 0.0309413 0.030859 0.0312009 0.0312671 0.0316537 0.0318138 0.0318924 0.0375362 0.0370948 0.0378072 0.0244366 0.0330852 0.0341245 0.034152 0.0342784 0.0335154 0.0340455 0.0338357 0.0360313 0.0354896 0.0244366 0.0330852 0.0341245 0.034152 0.0342784 0.0335154 0.0340455 0.0338357 0.0360313 0.0354896
20200624 0.0203173 0.0203173 0.0263716 0.026389 0.026406 0.0261989 0.0264757 0.0268226 0.0267951 0.0309753 0.0311415 0.0307766 0.0213936 0.0271288 0.0279927 0.0281165 0.0276854 0.0267176 0.0257492 0.0262387 0.0311175 0.0310044 0.0213936 0.0271288 0.0279927 0.0281165 0.0276854 0.0267176 0.0257492 0.0262387 0.0311175 0.0310044
20200701 0.0191435 0.0191435 0.0257304 0.0257523 0.0258654 0.0259001 0.0260359 0.0259262 0.025598 0.0312802 0.0313238 0.0315308 0.0199523 0.0264937 0.0263691 0.027476 0.0284451 0.026187 0.0265976 0.0274199 0.0324776 0.0327514 0.0199523 0.0264937 0.0263691 0.027476 0.0284451 0.026187 0.0265976 0.0274199 0.0324776 0.0327514
20200708 0.0230981 0.0230981 0.0299355 0.0299599 0.0298182 0.0299963 0.0305705 0.0305706 0.0302424 0.0331838 0.0336634 0.0337392 0.0237874 0.0295268 0.0305065 0.0304363 0.0290531 0.0289224 0.0275287 0.0285872 0.033146 0.0319966 0.0237874 0.0295268 0.0305065 0.0304363 0.0290531 0.0289224 0.0275287 0.0285872 0.033146 0.0319966
20200715 0.0188972 0.0188972 0.0245942 0.024661 0.0247133 0.0246668 0.0248276 0.0250987 0.0247825 0.0282919 0.0283559 0.0288254 0.0196806 0.0249151 0.0264121 0.0253292 0.0245058 0.0249018 0.0259601 0.0258318 0.0288781 0.0271454 0.0196806 0.0249151 0.0264121 0.0253292 0.0245058 0.0249018 0.0259601 0.0258318 0.0288781 0.0271454
20200722 0.019726 0.019726 0.0262052 0.026108 0.0259989 0.026349 0.0265869 0.026472 0.0264577 0.031454 0.0318844 0.031377 0.0204696 0.0265098 0.0281398 0.0279161 0.0288252 0.0292558 0.0289068 0.0293698 0.0323685 0.0330446 0.0204696 0.0265098 0.0281398 0.0279161 0.0288252 0.0292558 0.0289068 0.0293698 0.0323685 0.0330446
20200729 0.0209274 0.0209274 0.0265115 0.0264571 0.0262573 0.026507 0.0267139 0.0267632 0.0270239 0.0305212 0.0314774 0.0315977 0.0220052 0.0262954 0.0264117 0.0262878 0.0278852 0.0279939 0.0285274 0.0291978 0.033087 0.0328184 0.0220052 0.0262954 0.0264117 0.0262878 0.0278852 0.0279939 0.0285274 0.0291978 0.033087 0.0328184
20230310 0.0210316 0.0210316 0.0230584 0.0229335 0.027671 0.0273748 0.0272257 0.0280322 0.0282331 0.0283965 0.0290864 0.0315013 0.0229315 0.0231941 0.0237823 0.0285533 0.0289903 0.0284554 0.0281627 0.029093 0.030102 0.0322274 0.0229315 0.0231941 0.0237823 0.0285533 0.0289903 0.0284554 0.0281627 0.029093 0.030102 0.0322274
20230311 0.0205199 0.0205199 0.0239551 0.023995 0.0238744 0.029104 0.0293775 0.0297888 0.0301718 0.0301054 0.0306988 0.0311937 0.0238184 0.0241896 0.0256285 0.0252893 0.0309272 0.0307234 0.030254 0.0302028 0.0299846 0.0313952 0.0238184 0.0241896 0.0256285 0.0252893 0.0309272 0.0307234 0.030254 0.0302028 0.0299846 0.0313952
20230312 0.0176811 0.0176811 0.021781 0.0218585 0.0219194 0.0221447 0.0277924 0.0278145 0.0283112 0.0288703 0.0292236 0.0292069 0.0217812 0.0223367 0.0229202 0.0235854 0.0226803 0.0290577 0.0278161 0.0275592 0.0274491 0.027156 0.0217812 0.0223367 0.0229202 0.0235854 0.0226803 0.0290577 0.0278161 0.0275592 0.0274491 0.027156
20230313 0.0166329 0.0166329 0.0215602 0.0215119 0.0217852 0.0217365 0.0221004 0.0292903 0.0286577 0.0288492 0.0299559 0.0299733 0.0215149 0.0217936 0.0219999 0.021451 0.0214873 0.0201808 0.0258362 0.0254646 0.0251638 0.0252392 0.0215149 0.0217936 0.0219999 0.021451 0.0214873 0.0201808 0.0258362 0.0254646 0.0251638 0.0252392
20230314 0.0181595 0.0181595 0.02245 0.022493 0.0226 0.0226729 0.0223291 0.0229867 0.0306653 0.0296792 0.030465 0.0305414 0.0223347 0.0220281 0.0231805 0.0228713 0.0225796 0.0230099 0.0215187 0.0251647 0.0245128 0.0250722 0.0223347 0.0220281 0.0231805 0.0228713 0.0225796 0.0230099 0.0215187 0.0251647 0.0245128 0.0250722
20230315 0.0230457 0.0230457 0.0282569 0.0282674 0.0283637 0.0287868 0.0290784 0.0287949 0.0287498 0.0328154 0.0327344 0.0336636 0.0236372 0.027646 0.02702 0.0264172 0.0257911 0.0257509 0.0270145 0.0251215 0.0281997 0.0276623 0.0236372 0.027646 0.02702 0.0264172 0.0257911 0.0257509 0.0270145 0.0251215 0.0281997 0.0276623
20230316 0.116983 0.116983 0.121275 0.121589 0.121583 0.121892 0.120594 0.120099 0.122344 0.120125 0.142836 0.137889 0.121151 0.112908 0.111567 0.0925065 0.0866803 0.0848484 0.0876817 0.0927768 0.0935634 0.109335 0.121151 0.112908 0.111567 0.0925065 0.0866803 0.0848484 0.0876817 0.0927768 0.0935634 0.109335
20230317 0.240099 0.240099 0.242792 0.243241 0.25301 0.252454 0.253026 0.255252 0.253186 0.255413 0.255561 0.260659 0.242792 0.241289 0.247478 0.25221 0.230116 0.222174 0.219928 0.218814 0.228345 0.238302 0.242792 0.241289 0.247478 0.25221 0.230116 0.222174 0.219928 0.218814 0.228345 0.238302
20230318 0.304076 0.304076 0.305408 0.305408 0.304055 0.309684 0.308818 0.308286 0.308088 0.313389 0.306469 0.314351 0.305408 0.306568 0.306672 0.310899 0.317965 0.31437 0.299757 0.307133 0.308782 0.313503 0.305408 0.306568 0.306672 0.310899 0.317965 0.31437 0.299757 0.307133 0.308782 0.313503
20230319 0.123624 0.123624 0.126236 0.126236 0.126236 0.124925 0.133052 0.131764 0.13386 0.12975 0.131138 0.134156 0.126235 0.125346 0.127682 0.125812 0.126821 0.139329 0.138877 0.131273 0.130514 0.128914 0.126235 0.125346 0.127682 0.125812 0.126821 0.139329 0.138877 0.131273 0.130514 0.128914
20230320 0.0380378 0.0380378 0.0461754 0.0461755 0.0461755 0.0461753 0.0468067 0.0383119 0.0390423 0.0382294 0.039893 0.0371741 0.0458223 0.0465798 0.0372263 0.041584 0.0405133 0.0391067 0.0453282 0.0435749 0.0395347 0.0363848 0.0458223 0.0465798 0.0372263 0.041584 0.0405133 0.0391067 0.0453282 0.0435749 0.0395347 0.0363848
20230321 0.0241628 0.0241628 0.0285379 0.0290502 0.0290501 0.0290502 0.0290503 0.0298757 0.0345074 0.0342273 0.0344867 0.0350405 0.0284235 0.0312512 0.0332337 0.032845 0.0332873 0.0333483 0.0333001 0.0352081 0.0354447 0.0347311 0.0284235 0.0312512 0.0332337 0.032845 0.0332873 0.0333483 0.0333001 0.0352081 0.0354447 0.0347311
20230322 0.0210762 0.0210762 0.0256051 0.0255251 0.0266486 0.0266486 0.0266482 0.0266484 0.0275372 0.0319962 0.0327337 0.0321969 0.0213164 0.0266132 0.0285019 0.0304617 0.0301881 0.0308094 0.0312073 0.0307399 0.0340202 0.0346724 0.0213164 0.0266132 0.0285019 0.0304617 0.0301881 0.0308094 0.0312073 0.0307399 0.0340202 0.0346724
20230323 0.0209378 0.0209378 0.0217502 0.0263914 0.0263902 0.026959 0.0269589 0.0269588 0.0269591 0.0268021 0.0326532 0.0335271 0.0216392 0.021487 0.0280123 0.0296722 0.0310531 0.0305775 0.0308174 0.0311518 0.0297714 0.0347312 0.0216392 0.021487 0.0280123 0.0296722 0.0310531 0.0305775 0.0308174 0.0311518 0.0297714 0.0347312
20230324 0.0200376 0.0200376 0.0216885 0.0217978 0.0255541 0.0256457 0.0264434 0.0264436 0.0264436 0.0264438 0.0262812 0.0302273 0.0216263 0.0222654 0.0232407 0.0278689 0.0278474 0.0283936 0.0283776 0.0283558 0.0289387 0.0284524 0.0216263 0.0222654 0.0232407 0.0278689 0.0278474 0.0283936 0.0283776 0.0283558 0.0289387 0.0284524
20230325 0.019898 0.019898 0.0229885 0.0231557 0.023224 0.0252747 0.0255227 0.0263289 0.0263283 0.02633 0.0263293 0.0260135 0.022864 0.0230333 0.0233769 0.0239034 0.0275629 0.0279407 0.0290775 0.0290891 0.0285261 0.029059 0.022864 0.0230333 0.0233769 0.0239034 0.0275629 0.0279407 0.0290775 0.0290891 0.0285261 0.029059
20230326 0.0196548 0.0196548 0.0240354 0.0241529 0.0243764 0.0244603 0.0285443 0.0285771 0.0297648 0.0297648 0.029764 0.0297632 0.0239037 0.0248305 0.0263942 0.026464 0.0261782 0.0307904 0.0309949 0.0320953 0.0308591 0.0304904 0.0239037 0.0248305 0.0263942 0.026464 0.0261782 0.0307904 0.0309949 0.0320953 0.0308591 0.0304904
20230327 0.0200002 0.0200002 0.024451 0.0241342 0.0242773 0.0246836 0.0249148 0.0303489 0.0305603 0.0314848 0.0314823 0.0314839 0.0243512 0.0255879 0.0275925 0.028982 0.0288827 0.0277679 0.0316458 0.031522 0.0324046 0.0304415 0.0243512 0.0255879 0.0275925 0.028982 0.0288827 0.0277679 0.0316458 0.031522 0.0324046 0.0304415
20230328 0.0184124 0.0184124 0.0226162 0.0228221 0.0229027 0.0228445 0.0231082 0.0238867 0.0284171 0.028225 0.0292497 0.0292502 0.0225908 0.0229221 0.0251978 0.0276038 0.0285279 0.0265895 0.0249899 0.0276089 0.0271243 0.0286953 0.0225908 0.0229221 0.0251978 0.0276038 0.0285279 0.0265895 0.0249899 0.0276089 0.0271243 0.0286953
20230329 0.0208626 0.0208626 0.0249827 0.0253143 0.025329 0.0253347 0.0254553 0.0253127 0.0260919 0.0294866 0.0301779 0.0301588 0.0213286 0.0245188 0.0251744 0.0260607 0.0270283 0.0268669 0.0257596 0.0246167 0.0271752 0.0271573 0.0213286 0.0245188 0.0251744 0.0260607 0.0270283 0.0268669 0.0257596 0.0246167 0.0271752 0.0271573
20230330 0.0213742 0.0213742 0.0229162 0.0256995 0.0258066 0.0259868 0.0258751 0.0264454 0.0264739 0.0264146 0.0293676 0.0297444 0.0228273 0.0229117 0.0268049 0.0270464 0.026417 0.0260193 0.0268153 0.0259667 0.0249834 0.0272319 0.0228273 0.0229117 0.0268049 0.0270464 0.026417 0.0260193 0.0268153 0.0259667 0.0249834 0.0272319
20230331 0.0195505 0.0195505 0.0211375 0.0211341 0.0246653 0.0248395 0.0250408 0.0249833 0.0252698 0.0258259 0.0262591 0.0276852 0.0210619 0.0217267 0.0220845 0.0267052 0.0264427 0.0249361 0.0252643 0.0255502 0.0244667 0.024164 0.0210619 0.0217267 0.0220845 0.0267052 0.0264427 0.0249361 0.0252643 0.0255502 0.0244667 0.024164
20230401 0.0192459 0.0192459 0.0217378 0.0217106 0.0216735 0.026401 0.026866 0.0271918 0.027508 0.0276717 0.0278812 0.0276976 0.0216371 0.0217505 0.0225711 0.0225315 0.0272723 0.0263176 0.0260515 0.0269701 0.0269938 0.0261798 0.0216371 0.0217505 0.0225711 0.0225315 0.0272723 0.0263176 0.0260515 0.0269701 0.0269938 0.0261798
20230402 0.0196826 0.0196826 0.0238254 0.0239567 0.0240386 0.0241795 0.0269351 0.0272549 0.0273652 0.0281885 0.0279957 0.0281023 0.0237344 0.0237273 0.0237807 0.0240781 0.0234075 0.0278567 0.0277415 0.0289772 0.0306718 0.030891 0.0237344 0.0237273 0.0237807 0.0240781 0.0234075 0.0278567 0.0277415 0.0289772 0.0306718 0.030891
20230403 0.0196674 0.0196674 0.0243681 0.0242 0.0244115 0.0247984 0.0250601 0.0276839 0.0279294 0.0283661 0.0291273 0.0289942 0.0243394 0.0243587 0.0256855 0.0257355 0.0257314 0.0253516 0.031156 0.0320016 0.0329571 0.0331585 0.0243394 0.0243587 0.0256855 0.0257355 0.0257314 0.0253516 0.031156 0.0320016 0.0329571 0.0331585
20230404 0.019336 0.019336 0.0238843 0.023861 0.0241236 0.0242494 0.0240649 0.0243502 0.0281518 0.0280681 0.0278002 0.028214 0.0238774 0.0232436 0.0250879 0.0266024 0.0270089 0.0269283 0.0262405 0.0301552 0.0313023 0.0309672 0.0238774 0.0232436 0.0250879 0.0266024 0.0270089 0.0269283 0.0262405 0.0301552 0.0313023 0.0309672
20230405 0.01978 0.01978 0.0245258 0.0245847 0.024596 0.024662 0.02496 0.0249907 0.024985 0.0289631 0.0287578 0.0287494 0.0206 0.0238786 0.0242879 0.0252192 0.0258214 0.025453 0.0261923 0.0274148 0.0305832 0.0307315 0.0206 0.0238786 0.0242879 0.0252192 0.0258214 0.025453 0.0261923 0.0274148 0.0305832 0.0307315
20230406 0.0204182 0.0204182 0.0220991 0.0259555 0.0261218 0.0263086 0.0265253 0.0266425 0.0269981 0.026437 0.0312917 0.031672 0.0220865 0.0225108 0.0261511 0.0259674 0.0256908 0.0259089 0.0268617 0.0280466 0.0274073 0.0297534 0.0220865 0.0225108 0.0261511 0.0259674 0.0256908 0.0259089 0.0268617 0.0280466 0.0274073 0.0297534
20230407 0.0221681 0.0221681 0.0248271 0.0248165 0.0280382 0.0282109 0.0284531 0.0290554 0.0289899 0.0290362 0.0286197 0.0361213 0.0246255 0.0248322 0.0258115 0.0287644 0.0282647 0.0282684 0.0284871 0.0285876 0.0282485 0.027242 0.0246255 0.0248322 0.0258115 0.0287644 0.0282647 0.0282684 0.0284871 0.0285876 0.0282485 0.027242
20230408 0.0222141 0.0222141 0.0258949 0.0260574 0.026011 0.0291772 0.0294011 0.0297412 0.0300262 0.0300109 0.0300357 0.0299262 0.0258684 0.0253198 0.0248241 0.0249956 0.0301889 0.0294704 0.0287807 0.0293247 0.0286075 0.0279027 0.0258684 0.0253198 0.0248241 0.0249956 0.0301889 0.0294704 0.0287807 0.0293247 0.0286075 0.0279027
20230409 0.0187937 0.0187937 0.0225103 0.0225524 0.0226756 0.0227472 0.0276802 0.0276383 0.0277238 0.028836 0.028317 0.0289713 0.0224299 0.0220087 0.0223899 0.0222279 0.0222693 0.0264668 0.0259834 0.0262999 0.0274322 0.0271972 0.0224299 0.0220087 0.0223899 0.0222279 0.0222693 0.0264668 0.0259834 0.0262999 0.0274322 0.0271972
20230410 0.0186356 0.0186356 0.0227246 0.0227446 0.0229558 0.0229213 0.0231182 0.0283541 0.0283959 0.0285311 0.0297343 0.0292195 0.0226262 0.0228595 0.0235947 0.0238961 0.0237519 0.02404 0.0266231 0.0265181 0.0275094 0.0284672 0.0226262 0.0228595 0.0235947 0.0238961 0.0237519 0.02404 0.0266231 0.0265181 0.0275094 0.0284672
20230411 0.0203723 0.0203723 0.0268226 0.0268436 0.0269579 0.0268576 0.0267734 0.0267082 0.0294289 0.0290717 0.0292418 0.0303194 0.0267551 0.0254235 0.025414 0.0249896 0.0248335 0.0242642 0.0245724 0.0267068 0.0267108 0.0274288 0.0267551 0.0254235 0.025414 0.0249896 0.0248335 0.0242642 0.0245724 0.0267068 0.0267108 0.0274288
20230412 0.0213322 0.0213322 0.0290797 0.029253 0.0293695 0.0291003 0.0293257 0.029043 0.0291402 0.0301732 0.0296548 0.0303748 0.021718 0.0286062 0.0274097 0.0264491 0.0261439 0.0256382 0.0255636 0.0258777 0.0294607 0.0294723 0.021718 0.0286062 0.0274097 0.0264491 0.0261439 0.0256382 0.0255636 0.0258777 0.0294607 0.0294723
20230413 0.0217817 0.0217817 0.0227915 0.0293007 0.0294038 0.0294179 0.0294884 0.0293823 0.0295635 0.0299833 0.0328108 0.0325835 0.0227302 0.0228243 0.027754 0.0267322 0.0263367 0.0266719 0.0269886 0.027205 0.0278079 0.0341892 0.0227302 0.0228243 0.027754 0.0267322 0.0263367 0.0266719 0.0269886 0.027205 0.0278079 0.0341892
20230414 0.0193657 0.0193657 0.0220224 0.0219579 0.0267743 0.0265658 0.0267361 0.0267289 0.0270615 0.0277241 0.0278713 0.0292423 0.0218857 0.0219397 0.0227419 0.0254479 0.0256022 0.0267329 0.026878 0.0275745 0.0277726 0.0274007 0.0218857 0.0219397 0.0227419 0.0254479 0.0256022 0.0267329 0.026878 0.0275745 0.0277726 0.0274007
20230415 0.0197142 0.0197142 0.0234419 0.0235151 0.0233339 0.0276203 0.027981 0.0280264 0.0280462 0.0284382 0.0283114 0.0288292 0.0233173 0.0240764 0.0243148 0.0245285 0.0273677 0.0269372 0.0269343 0.027101 0.028233 0.027971 0.0233173 0.0240764 0.0243148 0.0245285 0.0273677 0.0269372 0.0269343 0.027101 0.028233 0.027971
20230416 0.0203919 0.0203919 0.024661 0.0247963 0.0247459 0.0248518 0.0287832 0.0289309 0.0291931 0.0291275 0.0298607 0.0293147 0.0245379 0.0249818 0.0259374 0.0254471 0.0250637 0.0296085 0.0285194 0.0284541 0.0288424 0.0290104 0.0245379 0.0249818 0.0259374 0.0254471 0.0250637 0.0296085 0.0285194 0.0284541 0.0288424 0.0290104
20230417 0.0200883 0.0200883 0.0270636 0.0271111 0.0273238 0.0274621 0.0274867 0.030424 0.0304479 0.0307376 0.0311175 0.0317067 0.0269287 0.0268889 0.028104 0.02811 0.0268086 0.0262671 0.0290471 0.0282218 0.0285441 0.0282388 0.0269287 0.0268889 0.028104 0.02811 0.0268086 0.0262671 0.0290471 0.0282218 0.0285441 0.0282388
20230418 0.0205431 0.0205431 0.0280464 0.0281888 0.0282763 0.0282285 0.0285339 0.0285248 0.0294597 0.0295759 0.02983 0.0302134 0.0279299 0.0275222 0.0288543 0.0282443 0.0287803 0.0276573 0.0275373 0.0282566 0.0280779 0.029189 0.0279299 0.0275222 0.0288543 0.0282443 0.0287803 0.0276573 0.0275373 0.0282566 0.0280779 0.029189
20230419 0.0208787 0.0208787 0.0305065 0.0306154 0.0306525 0.0307904 0.0305999 0.0306792 0.0308381 0.0290501 0.0292066 0.0301083 0.0214938 0.0292409 0.0290439 0.0298857 0.0279494 0.0285962 0.0287247 0.0282411 0.0285733 0.0291965 0.0214938 0.0292409 0.0290439 0.0298857 0.0279494 0.0285962 0.0287247 0.0282411 0.0285733 0.0291965
20230420 0.0196743 0.0196743 0.0214693 0.0304165 0.0306679 0.0308421 0.0310506 0.0317079 0.031286 0.0312968 0.0313386 0.0311337 0.0214828 0.0224392 0.0287629 0.0283011 0.0285319 0.0277532 0.0286263 0.0296077 0.0288487 0.0291664 0.0214828 0.0224392 0.0287629 0.0283011 0.0285319 0.0277532 0.0286263 0.0296077 0.0288487 0.0291664
20230421 0.0199125 0.0199125 0.0230599 0.0230928 0.0293186 0.0299603 0.0297754 0.0298701 0.0307098 0.0303369 0.0300433 0.0288749 0.0229561 0.0227096 0.0230475 0.0271866 0.0276222 0.027164 0.0265053 0.0270996 0.0272874 0.0262159 0.0229561 0.0227096 0.0230475 0.0271866 0.0276222 0.027164 0.0265053 0.0270996 0.0272874 0.0262159
20230422 0.0204542 0.0204542 0.024585 0.0246626 0.0246516 0.0296789 0.0297971 0.0300459 0.0303714 0.0307818 0.0304388 0.0304154 0.0245167 0.0245351 0.0252956 0.0251847 0.0288368 0.0282586 0.0280978 0.0280056 0.0288558 0.0283041 0.0245167 0.0245351 0.0252956 0.0251847 0.0288368 0.0282586 0.0280978 0.0280056 0.0288558 0.0283041
20230423 0.0187325 0.0187325 0.0242168 0.0242119 0.0245893 0.0246849 0.028944 0.0290616 0.0292322 0.0293872 0.0300951 0.0295742 0.0242523 0.0248278 0.0252585 0.0250502 0.0244564 0.0274045 0.0265465 0.026874 0.0267051 0.0273484 0.0242523 0.0248278 0.0252585 0.0250502 0.0244564 0.0274045 0.0265465 0.026874 0.0267051 0.0273484
20230424 0.0166509 0.0166509 0.0215927 0.0216991 0.0219303 0.0220009 0.0219539 0.0254681 0.0256311 0.0255905 0.0258307 0.026656 0.0215575 0.0224394 0.0231488 0.0232795 0.0227287 0.0231734 0.0244432 0.0248287 0.0253548 0.0251846 0.0215575 0.0224394 0.0231488 0.0232795 0.0227287 0.0231734 0.0244432 0.0248287 0.0253548 0.0251846
20230425 0.0169073 0.0169073 0.0203198 0.020303 0.0204568 0.0203186 0.0204825 0.0209205 0.0269052 0.0268954 0.0269787 0.0270048 0.0202922 0.0206807 0.021522 0.0225408 0.0228772 0.0236792 0.0250413 0.0281181 0.0284246 0.0281579 0.0202922 0.0206807 0.021522 0.0225408 0.0228772 0.0236792 0.0250413 0.0281181 0.0284246 0.0281579
20230426 0.0180857 0.0180857 0.0234169 0.0235201 0.0236416 0.0239718 0.0243034 0.0240531 0.0243381 0.031331 0.0308724 0.0311425 0.0184929 0.0231848 0.0239383 0.0241387 0.024962 0.0263145 0.0271376 0.0285959 0.0335081 0.032071 0.0184929 0.0231848 0.0239383 0.0241387 0.024962 0.0263145 0.0271376 0.0285959 0.0335081 0.032071
20230427 0.0213949 0.0213949 0.0224243 0.0276578 0.0277354 0.0278473 0.0277966 0.0280123 0.0279404 0.0280164 0.031557 0.0314918 0.02234 0.0218556 0.0255218 0.025479 0.0255407 0.0258718 0.0271545 0.0276482 0.0294074 0.0338363 0.02234 0.0218556 0.0255218 0.025479 0.0255407 0.0258718 0.0271545 0.0276482 0.0294074 0.0338363
20230428 0.0193446 0.0193446 0.0211719 0.0212837 0.0264263 0.026646 0.0267882 0.0271175 0.0272361 0.0272291 0.0279185 0.0313653 0.0211614 0.0237879 0.0238231 0.0272999 0.0270377 0.0269025 0.0269067 0.0269229 0.0274116 0.0289963 0.0211614 0.0237879 0.0238231 0.0272999 0.0270377 0.0269025 0.0269067 0.0269229 0.0274116 0.0289963
20230429 0.0187607 0.0187607 0.0219385 0.0218472 0.0220006 0.0269459 0.0270581 0.0271715 0.0270295 0.0276247 0.0279416 0.028106 0.0218289 0.0234057 0.0254585 0.0244537 0.0283857 0.0287519 0.0282853 0.0294088 0.0297306 0.0310051 0.0218289 0.0234057 0.0254585 0.0244537 0.0283857 0.0287519 0.0282853 0.0294088 0.0297306 0.0310051
20230430 0.0195626 0.0195626 0.0226423 0.0223764 0.0226222 0.0227499 0.0280069 0.0280885 0.0283663 0.0291393 0.0294696 0.0300507 0.0225775 0.0232243 0.025259 0.0263148 0.0263679 0.0299283 0.0318313 0.0322783 0.032124 0.0327194 0.0225775 0.0232243 0.025259 0.0263148 0.0263679 0.0299283 0.0318313 0.0322783 0.032124 0.0327194
20230501 0.0188584 0.0188584 0.0225521 0.0225171 0.0225198 0.0225742 0.0226098 0.0304722 0.0309167 0.0314098 0.0318709 0.0322859 0.0224589 0.0226217 0.0241568 0.0258027 0.0268848 0.0279966 0.0334788 0.0342727 0.0343982 0.0340855 0.0224589 0.0226217 0.0241568 0.0258027 0.0268848 0.0279966 0.0334788 0.0342727 0.0343982 0.0340855
20230502 0.0190692 0.0190692 0.0236866 0.0235155 0.023602 0.0234856 0.0237565 0.0241339 0.0309906 0.0310013 0.0319868 0.0315571 0.0234661 0.0233604 0.0240973 0.0253866 0.0272416 0.027705 0.0276175 0.0323805 0.0340814 0.0356969 0.0234661 0.0233604 0.0240973 0.0253866 0.0272416 0.027705 0.0276175 0.0323805 0.0340814 0.0356969
