20190306 0.106032 0.106032 0.11064 0.111295 0.111195 0.11175 0.11175 0.11175 0.111751 0.115113 0.11712 0.117029 0.107773 0.111339 0.113548 0.113837 0.112369 0.115257 0.112713 0.113172 0.112812 0.112953 0.107773 0.111339 0.113548 0.113837 0.112369 0.115257 0.112713 0.113172 0.112812 0.112953
20190313 0.104715 0.104715 0.111164 0.111286 0.110994 0.110999 0.111797 0.112884 0.111876 0.111408 0.112525 0.113059 0.105076 0.113302 0.117532 0.118074 0.116132 0.116521 0.117163 0.115181 0.118156 0.119634 0.105076 0.113302 0.117532 0.118074 0.116132 0.116521 0.117163 0.115181 0.118156 0.119634
20190320 0.109785 0.109785 0.116682 0.117273 0.117533 0.117299 0.116955 0.117517 0.117042 0.118654 0.120272 0.120374 0.110493 0.114696 0.119981 0.121573 0.117599 0.119764 0.121276 0.119971 0.12257 0.124926 0.110493 0.114696 0.119981 0.121573 0.117599 0.119764 0.121276 0.119971 0.12257 0.124926
20190327 0.100427 0.100427 0.103864 0.104102 0.104553 0.105274 0.105693 0.105631 0.105562 0.112088 0.112433 0.111459 0.100132 0.105007 0.107321 0.107758 0.109788 0.112135 0.111149 0.111771 0.113875 0.116284 0.100132 0.105007 0.107321 0.107758 0.109788 0.112135 0.111149 0.111771 0.113875 0.116284
20190403 0.106387 0.106387 0.110252 0.110239 0.110794 0.11071 0.110461 0.111612 0.114603 0.117294 0.116182 0.117495 0.107131 0.113338 0.112226 0.113002 0.112256 0.114544 0.114586 0.117248 0.122274 0.122533 0.107131 0.113338 0.112226 0.113002 0.112256 0.114544 0.114586 0.117248 0.122274 0.122533
20190410 0.109474 0.109474 0.111461 0.111483 0.111994 0.111606 0.112223 0.1126 0.113859 0.118526 0.119312 0.118902 0.108922 0.112305 0.113587 0.114344 0.11336 0.115422 0.116787 0.118345 0.120779 0.122861 0.108922 0.112305 0.113587 0.114344 0.11336 0.115422 0.116787 0.118345 0.120779 0.122861
20190417 0.102858 0.102858 0.109932 0.109992 0.110234 0.110102 0.110637 0.111339 0.111574 0.114621 0.11405 0.114109 0.105942 0.111806 0.111742 0.111044 0.114912 0.116036 0.1161 0.11622 0.12202 0.122254 0.105942 0.111806 0.111742 0.111044 0.114912 0.116036 0.1161 0.11622 0.12202 0.122254
20190424 0.0988605 0.0988605 0.110109 0.109674 0.110306 0.111487 0.110923 0.110581 0.111406 0.111106 0.111813 0.110978 0.100821 0.108641 0.111883 0.112606 0.112418 0.111641 0.111167 0.111388 0.111097 0.114646 0.100821 0.108641 0.111883 0.112606 0.112418 0.111641 0.111167 0.111388 0.111097 0.114646
20190501 0.104106 0.104106 0.114395 0.114593 0.114713 0.114974 0.11481 0.114151 0.114303 0.118308 0.11669 0.117667 0.105258 0.113181 0.111332 0.11452 0.115733 0.114529 0.115788 0.116858 0.1196 0.119121 0.105258 0.113181 0.111332 0.11452 0.115733 0.114529 0.115788 0.116858 0.1196 0.119121
20190508 0.103601 0.103601 0.111839 0.111623 0.111848 0.11207 0.112912 0.113611 0.113345 0.118686 0.117797 0.117049 0.106409 0.114653 0.115837 0.115375 0.116683 0.116446 0.115387 0.116526 0.121851 0.122242 0.106409 0.114653 0.115837 0.115375 0.116683 0.116446 0.115387 0.116526 0.121851 0.122242
20190515 0.102594 0.102594 0.110179 0.110179 0.110851 0.110229 0.111864 0.111865 0.11219 0.11649 0.116955 0.116772 0.103908 0.11405 0.113184 0.114319 0.113987 0.115402 0.115223 0.117217 0.122249 0.12168 0.103908 0.11405 0.113184 0.114319 0.113987 0.115402 0.115223 0.117217 0.122249 0.12168
20190522 0.0977947 0.0977947 0.103062 0.103431 0.103713 0.105191 0.105414 0.105414 0.104524 0.106402 0.106402 0.108148 0.097698 0.103553 0.107324 0.108815 0.106176 0.105975 0.10656 0.106806 0.110886 0.110725 0.097698 0.103553 0.107324 0.108815 0.106176 0.105975 0.10656 0.106806 0.110886 0.110725
20190529 0.0978811 0.0978811 0.10235 0.10235 0.102411 0.102425 0.102893 0.102892 0.103343 0.10783 0.107756 0.109109 0.0974108 0.104245 0.103255 0.106547 0.108067 0.108737 0.111424 0.111523 0.116369 0.114866 0.0974108 0.104245 0.103255 0.106547 0.108067 0.108737 0.111424 0.111523 0.116369 0.114866
20190605 0.0956324 0.0956324 0.10124 0.101519 0.101929 0.10248 0.102481 0.102481 0.10248 0.109394 0.109395 0.111436 0.0953272 0.103412 0.106126 0.108542 0.108393 0.108417 0.107711 0.10937 0.116282 0.115846 0.0953272 0.103412 0.106126 0.108542 0.108393 0.108417 0.107711 0.10937 0.116282 0.115846
20190612 0.0900013 0.0900013 0.0987578 0.0990029 0.0994749 0.0998647 0.101114 0.101655 0.103863 0.107845 0.108155 0.107079 0.0897219 0.0986989 0.0963035 0.096465 0.0949315 0.0939483 0.0968212 0.0995107 0.104378 0.102601 0.0897219 0.0986989 0.0963035 0.096465 0.0949315 0.0939483 0.0968212 0.0995107 0.104378 0.102601
20190619 0.0926733 0.0926733 0.10754 0.107884 0.107884 0.107811 0.108379 0.10838 0.10799 0.110544 0.110732 0.112017 0.0928878 0.10905 0.10903 0.108128 0.107744 0.105213 0.106095 0.107504 0.114121 0.114732 0.0928878 0.10905 0.10903 0.108128 0.107744 0.105213 0.106095 0.107504 0.114121 0.114732
20190626 0.0988688 0.0988688 0.106239 0.106239 0.106055 0.104803 0.105566 0.105566 0.107921 0.11783 0.117361 0.117362 0.0981129 0.105703 0.108106 0.107477 0.110321 0.112107 0.112622 0.113661 0.121068 0.121029 0.0981129 0.105703 0.108106 0.107477 0.110321 0.112107 0.112622 0.113661 0.121068 0.121029
20190703 0.0956693 0.0956693 0.103907 0.104259 0.104246 0.10398 0.10485 0.104466 0.104467 0.111606 0.111605 0.109822 0.0959182 0.105139 0.105277 0.105536 0.101801 0.102836 0.103612 0.104784 0.10872 0.108268 0.0959182 0.105139 0.105277 0.105536 0.101801 0.102836 0.103612 0.104784 0.10872 0.108268
20190710 0.0964811 0.0964811 0.104319 0.104702 0.104164 0.104474 0.104385 0.104716 0.10412 0.108416 0.107948 0.10879 0.0969024 0.104969 0.107613 0.104892 0.103243 0.104622 0.106445 0.106344 0.108863 0.10959 0.0969024 0.104969 0.107613 0.104892 0.103243 0.104622 0.106445 0.106344 0.108863 0.10959
20190717 0.0959904 0.0959904 0.107448 0.107448 0.107772 0.108792 0.109697 0.110357 0.110921 0.110135 0.112442 0.111465 0.0980505 0.109535 0.110311 0.109638 0.111256 0.111978 0.110691 0.110712 0.116951 0.119033 0.0980505 0.109535 0.110311 0.109638 0.111256 0.111978 0.110691 0.110712 0.116951 0.119033
20190724 0.0930856 0.0930856 0.103348 0.103364 0.103753 0.104135 0.104273 0.104578 0.105362 0.106871 0.106868 0.106783 0.0935584 0.106786 0.108564 0.108807 0.106868 0.107527 0.106788 0.108552 0.114607 0.113339 0.0935584 0.106786 0.108564 0.108807 0.106868 0.107527 0.106788 0.108552 0.114607 0.113339
20190731 0.0965658 0.0965658 0.104195 0.104874 0.104195 0.104197 0.103911 0.103229 0.103659 0.111755 0.111548 0.111993 0.0980334 0.107546 0.104259 0.104411 0.102592 0.103242 0.103502 0.10705 0.112448 0.114313 0.0980334 0.107546 0.104259 0.104411 0.102592 0.103242 0.103502 0.10705 0.112448 0.114313
20190805 0.0921829 0.0921829 0.102374 0.102295 0.103521 0.103363 0.10246 0.108883 0.108086 0.10845 0.11141 0.110972 0.101739 0.104333 0.107552 0.105072 0.107207 0.10487 0.107401 0.110495 0.112329 0.110897 0.101739 0.104333 0.107552 0.105072 0.107207 0.10487 0.107401 0.110495 0.112329 0.110897
20190807 0.0959428 0.0959428 0.10758 0.108042 0.107904 0.108939 0.109266 0.10913 0.108793 0.114311 0.116048 0.115606 0.0957828 0.10785 0.111949 0.111617 0.112554 0.107414 0.108378 0.11027 0.112866 0.114 0.0957828 0.10785 0.111949 0.111617 0.112554 0.107414 0.108378 0.11027 0.112866 0.114
20190812 0.0935943 0.0935943 0.101424 0.101403 0.101403 0.101403 0.102697 0.109229 0.111064 0.108569 0.110708 0.112223 0.10079 0.106894 0.104982 0.102665 0.101081 0.106818 0.110538 0.10778 0.110436 0.108012 0.10079 0.106894 0.104982 0.102665 0.101081 0.106818 0.110538 0.10778 0.110436 0.108012
20190814 0.0911628 0.0911628 0.101069 0.101104 0.101105 0.102891 0.102891 0.10289 0.10321 0.109601 0.108669 0.11096 0.0925797 0.102156 0.10394 0.107507 0.105267 0.104979 0.107137 0.110444 0.114775 0.111148 0.0925797 0.102156 0.10394 0.107507 0.105267 0.104979 0.107137 0.110444 0.114775 0.111148
20190821 0.0953951 0.0953951 0.101124 0.101216 0.103183 0.104091 0.102778 0.102785 0.102792 0.107161 0.108628 0.109022 0.0952858 0.104464 0.103324 0.100302 0.100435 0.103414 0.106574 0.107734 0.108581 0.109017 0.0952858 0.104464 0.103324 0.100302 0.100435 0.103414 0.106574 0.107734 0.108581 0.109017
20190828 0.0929843 0.0929843 0.0974944 0.0974942 0.0971041 0.0972465 0.0971049 0.0978502 0.0976076 0.103271 0.104163 0.103649 0.0933671 0.0992668 0.0986496 0.0987961 0.099617 0.0996019 0.101514 0.101702 0.103487 0.103945 0.0933671 0.0992668 0.0986496 0.0987961 0.099617 0.0996019 0.101514 0.101702 0.103487 0.103945
20190904 0.0876987 0.0876987 0.0957787 0.0957872 0.0957871 0.0972964 0.0972971 0.0972976 0.0972955 0.101329 0.101323 0.100623 0.0884453 0.0979224 0.100954 0.100389 0.10283 0.101592 0.100549 0.100326 0.104936 0.107386 0.0884453 0.0979224 0.100954 0.100389 0.10283 0.101592 0.100549 0.100326 0.104936 0.107386
20190911 0.0932813 0.0932813 0.102785 0.102786 0.102786 0.103057 0.103056 0.104916 0.104916 0.110332 0.11034 0.110337 0.0942427 0.104962 0.105981 0.106024 0.107608 0.107035 0.104634 0.105041 0.112183 0.11325 0.0942427 0.104962 0.105981 0.106024 0.107608 0.107035 0.104634 0.105041 0.112183 0.11325
20190918 0.0908827 0.0908827 0.0991819 0.0993883 0.0990169 0.0999565 0.10169 0.101689 0.10169 0.110281 0.110278 0.110274 0.0907854 0.104376 0.105226 0.108563 0.108314 0.104687 0.108326 0.106377 0.112058 0.11317 0.0907854 0.104376 0.105226 0.108563 0.108314 0.104687 0.108326 0.106377 0.112058 0.11317
20190925 0.0918222 0.0918222 0.101407 0.101713 0.102544 0.101658 0.102082 0.103013 0.103771 0.110969 0.110004 0.111058 0.0933402 0.10526 0.106577 0.108172 0.10976 0.107529 0.109342 0.109738 0.116607 0.117298 0.0933402 0.10526 0.106577 0.108172 0.10976 0.107529 0.109342 0.109738 0.116607 0.117298
20191002 0.0947852 0.0947852 0.106091 0.106851 0.106751 0.107021 0.107154 0.110441 0.107646 0.115104 0.11497 0.116288 0.0952304 0.106316 0.108055 0.105954 0.107338 0.106627 0.109592 0.110596 0.115759 0.116553 0.0952304 0.106316 0.108055 0.105954 0.107338 0.106627 0.109592 0.110596 0.115759 0.116553
20191009 0.0982912 0.0982912 0.107571 0.107614 0.109288 0.109811 0.109287 0.110148 0.111645 0.11417 0.115193 0.115231 0.0995741 0.109508 0.110206 0.109319 0.110468 0.114086 0.113894 0.115345 0.123868 0.121744 0.0995741 0.109508 0.110206 0.109319 0.110468 0.114086 0.113894 0.115345 0.123868 0.121744
20191016 0.101248 0.101248 0.109988 0.110185 0.111025 0.112268 0.113175 0.112834 0.112856 0.119852 0.118135 0.119177 0.102802 0.110396 0.114298 0.115972 0.11543 0.116451 0.115105 0.116816 0.121585 0.119658 0.102802 0.110396 0.114298 0.115972 0.11543 0.116451 0.115105 0.116816 0.121585 0.119658
20191023 0.104251 0.104251 0.11346 0.113782 0.113997 0.114499 0.116017 0.116812 0.118151 0.123947 0.12422 0.125109 0.103692 0.115734 0.116 0.11462 0.116012 0.115586 0.116071 0.118919 0.121793 0.123703 0.103692 0.115734 0.116 0.11462 0.116012 0.115586 0.116071 0.118919 0.121793 0.123703
20191030 0.102602 0.102602 0.111271 0.111622 0.111939 0.112218 0.113009 0.113899 0.114242 0.119964 0.120217 0.120752 0.103913 0.111541 0.114195 0.11257 0.114903 0.11466 0.115619 0.118514 0.123715 0.121977 0.103913 0.111541 0.114195 0.11257 0.114903 0.11466 0.115619 0.118514 0.123715 0.121977
20191106 0.102772 0.102772 0.111636 0.111923 0.111859 0.112177 0.11259 0.113946 0.114356 0.117815 0.120382 0.118682 0.103855 0.112658 0.115466 0.114209 0.113794 0.115983 0.118878 0.123277 0.126221 0.125447 0.103855 0.112658 0.115466 0.114209 0.113794 0.115983 0.118878 0.123277 0.126221 0.125447
20191113 0.101193 0.101193 0.109116 0.109558 0.11012 0.110096 0.110625 0.110495 0.109668 0.11645 0.116828 0.119336 0.101551 0.111111 0.112443 0.112794 0.116594 0.117002 0.116644 0.119231 0.122375 0.119651 0.101551 0.111111 0.112443 0.112794 0.116594 0.117002 0.116644 0.119231 0.122375 0.119651
20191120 0.0996349 0.0996349 0.106869 0.106653 0.107138 0.107872 0.108553 0.108557 0.108619 0.110985 0.11162 0.110336 0.10007 0.10867 0.110233 0.111335 0.112029 0.111987 0.114235 0.114463 0.119495 0.122356 0.10007 0.10867 0.110233 0.111335 0.112029 0.111987 0.114235 0.114463 0.119495 0.122356
20191127 0.100717 0.100717 0.10804 0.107632 0.108951 0.108814 0.108726 0.108667 0.109636 0.116634 0.117285 0.116015 0.101624 0.106194 0.108279 0.109928 0.107592 0.110778 0.110806 0.113056 0.116958 0.118697 0.101624 0.106194 0.108279 0.109928 0.107592 0.110778 0.110806 0.113056 0.116958 0.118697
20191204 0.103442 0.103442 0.111781 0.111529 0.111716 0.112466 0.111807 0.113022 0.114015 0.117518 0.1183 0.118696 0.103954 0.111237 0.113708 0.113149 0.111469 0.11228 0.113109 0.115071 0.115599 0.116178 0.103954 0.111237 0.113708 0.113149 0.111469 0.11228 0.113109 0.115071 0.115599 0.116178
20191211 0.101082 0.101082 0.10691 0.107058 0.107396 0.107463 0.108035 0.10801 0.109558 0.118112 0.118144 0.118652 0.101842 0.112736 0.114601 0.116367 0.11504 0.116171 0.115869 0.119135 0.124467 0.12551 0.101842 0.112736 0.114601 0.116367 0.11504 0.116171 0.115869 0.119135 0.124467 0.12551
20191218 0.102526 0.102526 0.109053 0.109326 0.110057 0.110333 0.110351 0.110297 0.110382 0.116936 0.117315 0.118046 0.102837 0.109399 0.112 0.112413 0.113711 0.114959 0.115701 0.116065 0.119322 0.119851 0.102837 0.109399 0.112 0.112413 0.113711 0.114959 0.115701 0.116065 0.119322 0.119851
20191225 0.0987374 0.0987374 0.105232 0.105129 0.105693 0.10634 0.107024 0.107944 0.108061 0.1115 0.111292 0.111813 0.0989389 0.106603 0.107714 0.109423 0.108349 0.10801 0.108198 0.110993 0.11256 0.115621 0.0989389 0.106603 0.107714 0.109423 0.108349 0.10801 0.108198 0.110993 0.11256 0.115621
20200101 0.0957089 0.0957089 0.102741 0.103133 0.104001 0.104035 0.10349 0.104654 0.104127 0.109805 0.108704 0.11007 0.0968412 0.104149 0.104764 0.10804 0.108747 0.109252 0.1096 0.108801 0.115817 0.113608 0.0968412 0.104149 0.104764 0.10804 0.108747 0.109252 0.1096 0.108801 0.115817 0.113608
20200108 0.102472 0.102472 0.107394 0.107285 0.107511 0.107334 0.107556 0.109063 0.108808 0.11392 0.115512 0.11599 0.10197 0.109252 0.111522 0.111431 0.112424 0.115486 0.114296 0.114338 0.116368 0.119297 0.10197 0.109252 0.111522 0.111431 0.112424 0.115486 0.114296 0.114338 0.116368 0.119297
20200115 0.103743 0.103743 0.107058 0.106827 0.107219 0.107944 0.107727 0.109081 0.108424 0.111344 0.111268 0.112269 0.103565 0.106624 0.109547 0.109409 0.110017 0.11016 0.111264 0.11199 0.112545 0.113277 0.103565 0.106624 0.109547 0.109409 0.110017 0.11016 0.111264 0.11199 0.112545 0.113277
20200122 0.0966358 0.0966358 0.101367 0.101496 0.101122 0.10159 0.102901 0.103579 0.103494 0.105976 0.106827 0.107347 0.097194 0.103348 0.105537 0.107395 0.107536 0.106014 0.104771 0.106027 0.110985 0.111739 0.097194 0.103348 0.105537 0.107395 0.107536 0.106014 0.104771 0.106027 0.110985 0.111739
20200129 0.0915801 0.0915801 0.0993408 0.0997653 0.0996364 0.0994711 0.099731 0.100354 0.100069 0.105066 0.105785 0.105836 0.0918955 0.099409 0.101898 0.103171 0.104924 0.103575 0.103222 0.104053 0.106335 0.107579 0.0918955 0.099409 0.101898 0.103171 0.104924 0.103575 0.103222 0.104053 0.106335 0.107579
20200205 0.102146 0.102146 0.104834 0.105299 0.105754 0.105847 0.105812 0.108376 0.107366 0.111995 0.112158 0.112787 0.103434 0.107408 0.109767 0.109767 0.111231 0.109809 0.109129 0.109664 0.115405 0.116416 0.103434 0.107408 0.109767 0.109767 0.111231 0.109809 0.109129 0.109664 0.115405 0.116416
20200212 0.107874 0.107874 0.11011 0.11011 0.110439 0.110446 0.111378 0.111177 0.11158 0.113803 0.114407 0.113871 0.108058 0.110305 0.109452 0.109754 0.108939 0.110336 0.110854 0.110079 0.112784 0.114989 0.108058 0.110305 0.109452 0.109754 0.108939 0.110336 0.110854 0.110079 0.112784 0.114989
20200219 0.0986424 0.0986424 0.105987 0.106013 0.106482 0.106 0.106312 0.109194 0.109193 0.112089 0.112092 0.112071 0.105395 0.107392 0.10767 0.108488 0.108098 0.107264 0.107258 0.109284 0.113653 0.114204 0.105395 0.107392 0.10767 0.108488 0.108098 0.107264 0.107258 0.109284 0.113653 0.114204
20200226 0.0985699 0.0985699 0.109724 0.109895 0.110104 0.110212 0.110133 0.110121 0.111437 0.109427 0.10885 0.109587 0.0997626 0.109722 0.108677 0.109141 0.109631 0.108951 0.109703 0.108931 0.10849 0.10782 0.0997626 0.109722 0.108677 0.109141 0.109631 0.108951 0.109703 0.108931 0.10849 0.10782
20200304 0.0987383 0.0987383 0.103996 0.104718 0.104718 0.105018 0.104115 0.104363 0.104223 0.114376 0.113861 0.114208 0.0990871 0.106494 0.10743 0.108824 0.108589 0.107397 0.108076 0.10643 0.113552 0.111679 0.0990871 0.106494 0.10743 0.108824 0.108589 0.107397 0.108076 0.10643 0.113552 0.111679
20200311 0.104041 0.104041 0.110131 0.110592 0.110837 0.110473 0.110794 0.11246 0.111342 0.115475 0.113787 0.113787 0.104807 0.110905 0.112997 0.113788 0.11522 0.114869 0.114978 0.11465 0.115667 0.114664 0.104807 0.110905 0.112997 0.113788 0.11522 0.114869 0.114978 0.11465 0.115667 0.114664
20200318 0.099809 0.099809 0.105244 0.10524 0.10524 0.104951 0.106027 0.105849 0.105481 0.10798 0.109329 0.10995 0.100811 0.10508 0.106645 0.10852 0.107364 0.106659 0.105422 0.104956 0.111217 0.112633 0.100811 0.10508 0.106645 0.10852 0.107364 0.106659 0.105422 0.104956 0.111217 0.112633
20200325 0.101981 0.101981 0.109436 0.10958 0.109906 0.109804 0.110043 0.110044 0.110817 0.114398 0.114393 0.114395 0.102929 0.109738 0.111069 0.111081 0.112064 0.110437 0.110895 0.112113 0.111397 0.111517 0.102929 0.109738 0.111069 0.111081 0.112064 0.110437 0.110895 0.112113 0.111397 0.111517
20200401 0.0987647 0.0987647 0.104095 0.104483 0.105259 0.105259 0.10624 0.10624 0.105854 0.106799 0.106455 0.107719 0.0990201 0.105204 0.107111 0.106553 0.106894 0.108194 0.106843 0.107451 0.109879 0.111759 0.0990201 0.105204 0.107111 0.106553 0.106894 0.108194 0.106843 0.107451 0.109879 0.111759
20200408 0.096241 0.096241 0.102093 0.10217 0.102464 0.10221 0.102847 0.102617 0.102357 0.105958 0.106369 0.108286 0.0984201 0.102441 0.104468 0.106 0.105585 0.105333 0.107451 0.106392 0.109012 0.110218 0.0984201 0.102441 0.104468 0.106 0.105585 0.105333 0.107451 0.106392 0.109012 0.110218
20200415 0.0943585 0.0943585 0.0975043 0.0972893 0.0970819 0.0974661 0.0980389 0.0987002 0.0979926 0.103453 0.104039 0.104254 0.094937 0.0986929 0.101795 0.10316 0.103612 0.102507 0.105604 0.105666 0.10762 0.108671 0.094937 0.0986929 0.101795 0.10316 0.103612 0.102507 0.105604 0.105666 0.10762 0.108671
20200422 0.0935966 0.0935966 0.101262 0.101698 0.10169 0.101571 0.10181 0.102191 0.102468 0.105298 0.105342 0.105234 0.0951893 0.101659 0.101848 0.101058 0.101387 0.101625 0.102158 0.102792 0.106814 0.105194 0.0951893 0.101659 0.101848 0.101058 0.101387 0.101625 0.102158 0.102792 0.106814 0.105194
20200513 0.0935891 0.0935891 0.0995445 0.0996243 0.0995003 0.0999267 0.100294 0.100439 0.101115 0.106327 0.107271 0.10707 0.0948185 0.100414 0.100411 0.0994546 0.100437 0.101942 0.101402 0.101237 0.107287 0.106363 0.0948185 0.100414 0.100411 0.0994546 0.100437 0.101942 0.101402 0.101237 0.107287 0.106363
20200520 0.0966328 0.0966328 0.106052 0.106259 0.106517 0.10746 0.10788 0.108043 0.107557 0.114376 0.113719 0.11407 0.0982054 0.107978 0.109147 0.108867 0.106447 0.107818 0.108943 0.108161 0.111608 0.111266 0.0982054 0.107978 0.109147 0.108867 0.106447 0.107818 0.108943 0.108161 0.111608 0.111266
20200527 0.0952888 0.0952888 0.101993 0.102118 0.102272 0.102575 0.102608 0.102811 0.104097 0.107299 0.107769 0.107408 0.0971234 0.102221 0.106153 0.105118 0.105191 0.107316 0.108351 0.106113 0.11053 0.110423 0.0971234 0.102221 0.106153 0.105118 0.105191 0.107316 0.108351 0.106113 0.11053 0.110423
20200603 0.0978965 0.0978965 0.103716 0.103957 0.103957 0.10412 0.104123 0.103758 0.103592 0.107223 0.106832 0.107017 0.0988924 0.104046 0.103785 0.103973 0.103007 0.101572 0.103867 0.105681 0.108788 0.112035 0.0988924 0.104046 0.103785 0.103973 0.103007 0.101572 0.103867 0.105681 0.108788 0.112035
20200610 0.0957045 0.0957045 0.103972 0.104384 0.104326 0.104469 0.105082 0.105084 0.105486 0.108745 0.109327 0.109957 0.0960716 0.102467 0.101828 0.102214 0.102897 0.104339 0.106012 0.107864 0.108177 0.108702 0.0960716 0.102467 0.101828 0.102214 0.102897 0.104339 0.106012 0.107864 0.108177 0.108702
20200617 0.098234 0.098234 0.106795 0.106834 0.107279 0.106999 0.107919 0.107476 0.108073 0.114087 0.113639 0.114474 0.0990819 0.108057 0.108392 0.110434 0.110949 0.109783 0.111936 0.113113 0.113768 0.114241 0.0990819 0.108057 0.108392 0.110434 0.110949 0.109783 0.111936 0.113113 0.113768 0.114241
20200624 0.0933044 0.0933044 0.100507 0.100484 0.100507 0.100425 0.100434 0.100708 0.100763 0.107421 0.1065 0.106364 0.0934172 0.102181 0.101349 0.101747 0.102086 0.101369 0.102364 0.102976 0.109098 0.110224 0.0934172 0.102181 0.101349 0.101747 0.102086 0.101369 0.102364 0.102976 0.109098 0.110224
20200701 0.094246 0.094246 0.100665 0.100795 0.100108 0.0993494 0.0999116 0.0992354 0.0995667 0.105003 0.104712 0.105351 0.094544 0.099192 0.0999616 0.100123 0.102567 0.104941 0.103651 0.104881 0.111126 0.108601 0.094544 0.099192 0.0999616 0.100123 0.102567 0.104941 0.103651 0.104881 0.111126 0.108601
20200708 0.0974893 0.0974893 0.107897 0.107515 0.107498 0.107533 0.108027 0.108027 0.10846 0.108794 0.108866 0.110415 0.0983414 0.108009 0.110055 0.11176 0.109953 0.111537 0.107483 0.107587 0.113634 0.115382 0.0983414 0.108009 0.110055 0.11176 0.109953 0.111537 0.107483 0.107587 0.113634 0.115382
20200715 0.0926234 0.0926234 0.0984603 0.098229 0.0984559 0.0983906 0.0990456 0.0996161 0.0984577 0.10383 0.10414 0.105438 0.0933697 0.0974207 0.0990503 0.0987467 0.09988 0.0991354 0.100524 0.0996728 0.104388 0.102139 0.0933697 0.0974207 0.0990503 0.0987467 0.09988 0.0991354 0.100524 0.0996728 0.104388 0.102139
20200722 0.0998186 0.0998186 0.103998 0.103983 0.103672 0.104401 0.104484 0.104913 0.105053 0.11074 0.110961 0.112304 0.100115 0.105249 0.107637 0.107281 0.108951 0.108433 0.108496 0.108945 0.109393 0.11044 0.100115 0.105249 0.107637 0.107281 0.108951 0.108433 0.108496 0.108945 0.109393 0.11044
20200729 0.0957523 0.0957523 0.103321 0.102818 0.103542 0.104228 0.104501 0.104291 0.103372 0.106534 0.107935 0.108938 0.097114 0.106007 0.103607 0.102891 0.104995 0.10517 0.105966 0.106277 0.109546 0.10777 0.097114 0.106007 0.103607 0.102891 0.104995 0.10517 0.105966 0.106277 0.109546 0.10777
20230310 0.0953883 0.0953883 0.0970389 0.0968569 0.10317 0.103642 0.10303 0.10393 0.104236 0.105339 0.105261 0.105949 0.0970666 0.0971341 0.100445 0.105807 0.105302 0.104228 0.10551 0.105945 0.10894 0.111646 0.0970666 0.0971341 0.100445 0.105807 0.105302 0.104228 0.10551 0.105945 0.10894 0.111646
20230311 0.0920111 0.0920111 0.0949472 0.0947823 0.0950897 0.101307 0.101229 0.102123 0.102438 0.103255 0.104042 0.104269 0.0949364 0.0937602 0.0950969 0.0966877 0.103526 0.103854 0.102948 0.103642 0.103995 0.105148 0.0949364 0.0937602 0.0950969 0.0966877 0.103526 0.103854 0.102948 0.103642 0.103995 0.105148
20230312 0.0878154 0.0878154 0.0925162 0.0926801 0.0926425 0.0928183 0.0965917 0.0963983 0.0967377 0.0981951 0.0990508 0.09918 0.0924148 0.0936911 0.0946649 0.0939794 0.0941918 0.0995155 0.0988223 0.097814 0.0964497 0.0975271 0.0924148 0.0936911 0.0946649 0.0939794 0.0941918 0.0995155 0.0988223 0.097814 0.0964497 0.0975271
20230313 0.0884337 0.0884337 0.0932649 0.0930022 0.0932656 0.0935213 0.0940279 0.0985989 0.0970367 0.0971747 0.0974471 0.0990145 0.0932362 0.0946827 0.0949453 0.0961331 0.0954712 0.0938315 0.0963594 0.0970375 0.0973274 0.0982538 0.0932362 0.0946827 0.0949453 0.0961331 0.0954712 0.0938315 0.0963594 0.0970375 0.0973274 0.0982538
20230314 0.0878674 0.0878674 0.0929279 0.0929909 0.0929798 0.093228 0.0928512 0.0939144 0.0994307 0.0978342 0.0989456 0.0997384 0.092807 0.0944389 0.094697 0.0962427 0.0966947 0.0979757 0.0944815 0.0957563 0.0967075 0.0956648 0.092807 0.0944389 0.094697 0.0962427 0.0966947 0.0979757 0.0944815 0.0957563 0.0967075 0.0956648
20230315 0.0973741 0.0973741 0.101237 0.101529 0.102027 0.101985 0.101832 0.102035 0.103039 0.109517 0.107041 0.109881 0.0973209 0.100807 0.103017 0.102692 0.104651 0.105405 0.106268 0.102738 0.105776 0.105218 0.0973209 0.100807 0.103017 0.102692 0.104651 0.105405 0.106268 0.102738 0.105776 0.105218
20230316 0.149088 0.149088 0.146544 0.149707 0.150084 0.150081 0.148646 0.149538 0.151751 0.151551 0.157324 0.153876 0.146768 0.141158 0.146873 0.139167 0.133989 0.136777 0.137234 0.132597 0.132184 0.137845 0.146768 0.141158 0.146873 0.139167 0.133989 0.136777 0.137234 0.132597 0.132184 0.137845
20230317 0.179863 0.179863 0.179527 0.179606 0.186521 0.186102 0.185585 0.182876 0.181837 0.183387 0.184193 0.192268 0.179526 0.169955 0.171305 0.180411 0.173882 0.166066 0.165567 0.171996 0.165381 0.167494 0.179526 0.169955 0.171305 0.180411 0.173882 0.166066 0.165567 0.171996 0.165381 0.167494
20230318 0.223855 0.223855 0.223553 0.223553 0.222882 0.233475 0.233603 0.233822 0.231363 0.232612 0.229693 0.230817 0.223553 0.22342 0.225742 0.232538 0.238698 0.235715 0.229744 0.226923 0.231513 0.234782 0.223553 0.22342 0.225742 0.232538 0.238698 0.235715 0.229744 0.226923 0.231513 0.234782
20230319 0.155796 0.155796 0.167266 0.167266 0.167266 0.166289 0.163845 0.1635 0.159107 0.160602 0.164889 0.167664 0.167266 0.160884 0.159006 0.161937 0.165892 0.17048 0.161684 0.157685 0.154639 0.160503 0.167266 0.160884 0.159006 0.161937 0.165892 0.17048 0.161684 0.157685 0.154639 0.160503
20230320 0.107368 0.107368 0.12413 0.12413 0.12413 0.124131 0.122177 0.114772 0.111602 0.111514 0.113766 0.120701 0.120623 0.124851 0.117242 0.110746 0.112264 0.116231 0.130094 0.113788 0.104836 0.103336 0.120623 0.124851 0.117242 0.110746 0.112264 0.116231 0.130094 0.113788 0.104836 0.103336
20230321 0.101662 0.101662 0.106238 0.107418 0.107418 0.107418 0.107418 0.109286 0.114787 0.114992 0.114157 0.116318 0.105994 0.110307 0.112932 0.112913 0.112368 0.112504 0.112888 0.117638 0.11531 0.116316 0.105994 0.110307 0.112932 0.112913 0.112368 0.112504 0.112888 0.117638 0.11531 0.116316
20230322 0.0946971 0.0946971 0.0987637 0.0988345 0.099575 0.0995749 0.0995747 0.0995747 0.100917 0.109636 0.108507 0.107249 0.0952307 0.0997024 0.102252 0.105058 0.105487 0.107198 0.107836 0.10727 0.111535 0.110331 0.0952307 0.0997024 0.102252 0.105058 0.105487 0.107198 0.107836 0.10727 0.111535 0.110331
20230323 0.0897362 0.0897362 0.090533 0.0944411 0.0942468 0.0958689 0.0958686 0.0958682 0.0958687 0.095382 0.103506 0.104218 0.090605 0.0924592 0.0993229 0.0992115 0.10049 0.10042 0.10383 0.104044 0.102639 0.108462 0.090605 0.0924592 0.0993229 0.0992115 0.10049 0.10042 0.10383 0.104044 0.102639 0.108462
20230324 0.0916073 0.0916073 0.0943375 0.0944727 0.0995033 0.0997463 0.101801 0.101801 0.101801 0.101802 0.10187 0.105041 0.0942621 0.0954987 0.0959132 0.101986 0.102044 0.101319 0.100759 0.103409 0.10469 0.104021 0.0942621 0.0954987 0.0959132 0.101986 0.102044 0.101319 0.100759 0.103409 0.10469 0.104021
20230325 0.0908689 0.0908689 0.0960538 0.0963297 0.096314 0.0989233 0.0988014 0.100004 0.100003 0.100005 0.100005 0.100687 0.0959259 0.0964326 0.0969406 0.0974189 0.100986 0.101103 0.101323 0.100882 0.102348 0.102762 0.0959259 0.0964326 0.0969406 0.0974189 0.100986 0.101103 0.101323 0.100882 0.102348 0.102762
20230326 0.0922368 0.0922368 0.0977875 0.0984426 0.098564 0.0984218 0.10302 0.103511 0.104353 0.104354 0.104352 0.104352 0.097735 0.0987218 0.099243 0.0984498 0.0991452 0.102446 0.102027 0.101787 0.100206 0.101372 0.097735 0.0987218 0.099243 0.0984498 0.0991452 0.102446 0.102027 0.101787 0.100206 0.101372
20230327 0.0942965 0.0942965 0.0981324 0.0980403 0.0978271 0.098594 0.0988887 0.107486 0.108155 0.110044 0.110044 0.110045 0.0978654 0.100077 0.102722 0.103077 0.102543 0.102831 0.10561 0.106814 0.106089 0.105359 0.0978654 0.100077 0.102722 0.103077 0.102543 0.102831 0.10561 0.106814 0.106089 0.105359
20230328 0.0948743 0.0948743 0.100786 0.101034 0.100923 0.100663 0.101258 0.101755 0.10743 0.108624 0.109704 0.109704 0.100794 0.102216 0.104098 0.104766 0.106528 0.103783 0.10277 0.106067 0.106552 0.107355 0.100794 0.102216 0.104098 0.104766 0.106528 0.103783 0.10277 0.106067 0.106552 0.107355
20230329 0.0955294 0.0955294 0.102733 0.103229 0.1035 0.103793 0.104683 0.10396 0.105636 0.10853 0.10867 0.10962 0.096812 0.10346 0.105352 0.105576 0.104968 0.104394 0.100858 0.099876 0.102822 0.103741 0.096812 0.10346 0.105352 0.105576 0.104968 0.104394 0.100858 0.099876 0.102822 0.103741
20230330 0.0925036 0.0925036 0.094363 0.100885 0.100475 0.100375 0.100368 0.100522 0.102205 0.101408 0.104636 0.104904 0.0942922 0.0958009 0.102037 0.103029 0.100632 0.0981451 0.0974651 0.0953796 0.0973825 0.102965 0.0942922 0.0958009 0.102037 0.103029 0.100632 0.0981451 0.0974651 0.0953796 0.0973825 0.102965
20230331 0.0927801 0.0927801 0.0951698 0.09528 0.100988 0.101761 0.102414 0.102093 0.10183 0.10285 0.102935 0.103859 0.0951477 0.094433 0.0941373 0.100484 0.101254 0.0979104 0.0973049 0.0971898 0.0951402 0.0978271 0.0951477 0.094433 0.0941373 0.100484 0.101254 0.0979104 0.0973049 0.0971898 0.0951402 0.0978271
20230401 0.0923879 0.0923879 0.09637 0.0965648 0.0961585 0.0981314 0.0987475 0.0986042 0.0986326 0.100645 0.0992643 0.100481 0.0960988 0.0977131 0.0974694 0.0962495 0.0992105 0.098092 0.0970816 0.0983079 0.100515 0.0990755 0.0960988 0.0977131 0.0974694 0.0962495 0.0992105 0.098092 0.0970816 0.0983079 0.100515 0.0990755
20230402 0.0929575 0.0929575 0.0965412 0.0967697 0.0968075 0.09696 0.100427 0.100371 0.10067 0.100791 0.101764 0.101084 0.0965307 0.0972246 0.0978948 0.0977973 0.0966233 0.0991104 0.0999462 0.0999825 0.101187 0.100695 0.0965307 0.0972246 0.0978948 0.0977973 0.0966233 0.0991104 0.0999462 0.0999825 0.101187 0.100695
20230403 0.094738 0.094738 0.10074 0.100543 0.100638 0.100928 0.100476 0.103728 0.104035 0.104635 0.104834 0.105428 0.100605 0.0998688 0.100437 0.0999967 0.100419 0.0976275 0.102694 0.105287 0.105679 0.106459 0.100605 0.0998688 0.100437 0.0999967 0.100419 0.0976275 0.102694 0.105287 0.105679 0.106459
20230404 0.0946989 0.0946989 0.100674 0.100462 0.10075 0.10126 0.101552 0.101696 0.104838 0.10513 0.104945 0.106586 0.100471 0.10124 0.101078 0.10158 0.100874 0.100794 0.0993114 0.104222 0.106701 0.105787 0.100471 0.10124 0.101078 0.10158 0.100874 0.100794 0.0993114 0.104222 0.106701 0.105787
20230405 0.0926805 0.0926805 0.0990248 0.0989991 0.0985947 0.0983692 0.0978846 0.0982146 0.0981214 0.102072 0.10259 0.102765 0.0932258 0.0991511 0.100568 0.100789 0.101057 0.0989696 0.0993279 0.0995374 0.103651 0.105041 0.0932258 0.0991511 0.100568 0.100789 0.101057 0.0989696 0.0993279 0.0995374 0.103651 0.105041
20230406 0.0923674 0.0923674 0.0951732 0.0987427 0.0993483 0.0993641 0.0996674 0.0992234 0.0994402 0.0996934 0.10265 0.104385 0.0950962 0.0952179 0.101069 0.101836 0.10087 0.100991 0.101192 0.102265 0.102217 0.104859 0.0950962 0.0952179 0.101069 0.101836 0.10087 0.100991 0.101192 0.102265 0.102217 0.104859
20230407 0.0973132 0.0973132 0.10044 0.100255 0.10328 0.103639 0.103223 0.103369 0.103749 0.103431 0.102269 0.108234 0.100301 0.100316 0.102694 0.105602 0.105749 0.105695 0.10644 0.105309 0.10529 0.104513 0.100301 0.100316 0.102694 0.105602 0.105749 0.105695 0.10644 0.105309 0.10529 0.104513
20230408 0.0952531 0.0952531 0.0990528 0.0995895 0.0995049 0.102375 0.102896 0.10322 0.10321 0.101937 0.10358 0.10378 0.0991107 0.101238 0.101874 0.10319 0.105891 0.104836 0.104469 0.105485 0.10316 0.102488 0.0991107 0.101238 0.101874 0.10319 0.105891 0.104836 0.104469 0.105485 0.10316 0.102488
20230409 0.0939235 0.0939235 0.0969637 0.0966597 0.0963917 0.0967458 0.102655 0.102661 0.102616 0.10341 0.102201 0.104501 0.0967789 0.096683 0.0987145 0.0995494 0.100009 0.103126 0.101944 0.102577 0.102969 0.103001 0.0967789 0.096683 0.0987145 0.0995494 0.100009 0.103126 0.101944 0.102577 0.102969 0.103001
20230410 0.0919821 0.0919821 0.0963427 0.0965886 0.0970551 0.0973985 0.0980692 0.104217 0.104475 0.104781 0.104835 0.10472 0.0962921 0.0977043 0.0976528 0.0987594 0.0988843 0.101239 0.101926 0.102313 0.103074 0.103197 0.0962921 0.0977043 0.0976528 0.0987594 0.0988843 0.101239 0.101926 0.102313 0.103074 0.103197
20230411 0.0936337 0.0936337 0.100496 0.100479 0.100215 0.100004 0.100205 0.101163 0.104421 0.104198 0.105036 0.10513 0.100357 0.0986709 0.0977795 0.0974208 0.098814 0.0982989 0.0996128 0.102101 0.102468 0.10419 0.100357 0.0986709 0.0977795 0.0974208 0.098814 0.0982989 0.0996128 0.102101 0.102468 0.10419
20230412 0.093385 0.093385 0.100356 0.101019 0.101095 0.100926 0.100883 0.100686 0.101843 0.101944 0.102472 0.10319 0.0936014 0.10213 0.0992772 0.0991731 0.0985851 0.100609 0.099255 0.100005 0.104742 0.104309 0.0936014 0.10213 0.0992772 0.0991731 0.0985851 0.100609 0.099255 0.100005 0.104742 0.104309
20230413 0.0959364 0.0959364 0.0969721 0.101017 0.101522 0.101304 0.101871 0.101425 0.102508 0.103676 0.101671 0.102975 0.0968806 0.0970692 0.102602 0.101614 0.102194 0.102515 0.103675 0.102328 0.10299 0.108548 0.0968806 0.0970692 0.102602 0.101614 0.102194 0.102515 0.103675 0.102328 0.10299 0.108548
20230414 0.0944099 0.0944099 0.0975295 0.0973918 0.0991592 0.0991803 0.0997094 0.0988108 0.0998542 0.100645 0.10064 0.105762 0.0973637 0.0965127 0.0975527 0.103119 0.102385 0.104669 0.105262 0.107017 0.107155 0.10768 0.0973637 0.0965127 0.0975527 0.103119 0.102385 0.104669 0.105262 0.107017 0.107155 0.10768
20230415 0.093734 0.093734 0.097349 0.0970131 0.097446 0.102374 0.103045 0.102793 0.103475 0.105322 0.103792 0.105696 0.0969041 0.0980352 0.0982931 0.0990492 0.104441 0.10529 0.105846 0.105553 0.107174 0.106261 0.0969041 0.0980352 0.0982931 0.0990492 0.104441 0.10529 0.105846 0.105553 0.107174 0.106261
20230416 0.0945381 0.0945381 0.0983251 0.0983715 0.0982742 0.0985436 0.103562 0.104018 0.104375 0.1042 0.1058 0.106208 0.0980807 0.0991044 0.10126 0.100284 0.10084 0.1066 0.10698 0.107699 0.107433 0.107677 0.0980807 0.0991044 0.10126 0.100284 0.10084 0.1066 0.10698 0.107699 0.107433 0.107677
20230417 0.0939512 0.0939512 0.0996006 0.0996497 0.100025 0.100567 0.100402 0.104145 0.10456 0.104802 0.105188 0.106967 0.099654 0.100389 0.101539 0.10447 0.102307 0.101362 0.106607 0.104629 0.105061 0.104122 0.099654 0.100389 0.101539 0.10447 0.102307 0.101362 0.106607 0.104629 0.105061 0.104122
20230418 0.0913546 0.0913546 0.100677 0.101085 0.1002 0.100919 0.101787 0.101113 0.105926 0.105111 0.106266 0.106005 0.100399 0.102056 0.103478 0.10304 0.10632 0.104046 0.102733 0.105989 0.104445 0.104374 0.100399 0.102056 0.103478 0.10304 0.10632 0.104046 0.102733 0.105989 0.104445 0.104374
20230419 0.0950571 0.0950571 0.103441 0.103661 0.10398 0.104794 0.105172 0.105149 0.105781 0.105734 0.105797 0.106456 0.0959614 0.103565 0.106328 0.107729 0.107027 0.108766 0.108158 0.106676 0.108297 0.106468 0.0959614 0.103565 0.106328 0.107729 0.107027 0.108766 0.108158 0.106676 0.108297 0.106468
20230420 0.0957354 0.0957354 0.0983384 0.104285 0.104615 0.105436 0.105563 0.105864 0.105796 0.106354 0.106283 0.106963 0.09822 0.0986919 0.103642 0.105824 0.107592 0.107127 0.108212 0.108034 0.106534 0.108242 0.09822 0.0986919 0.103642 0.105824 0.107592 0.107127 0.108212 0.108034 0.106534 0.108242
20230421 0.0913356 0.0913356 0.0952205 0.0954948 0.0981467 0.0990455 0.0987869 0.099316 0.0988341 0.0996781 0.0998145 0.100877 0.094928 0.0973408 0.0971399 0.0984268 0.100174 0.10108 0.100863 0.102268 0.101072 0.10082 0.094928 0.0973408 0.0971399 0.0984268 0.100174 0.10108 0.100863 0.102268 0.101072 0.10082
20230422 0.0935332 0.0935332 0.0986704 0.0989829 0.0989493 0.0981799 0.0987019 0.0982419 0.0984178 0.100312 0.101162 0.10019 0.0983993 0.0985221 0.1019 0.0999801 0.100978 0.101041 0.103034 0.104266 0.106093 0.104023 0.0983993 0.0985221 0.1019 0.0999801 0.100978 0.101041 0.103034 0.104266 0.106093 0.104023
20230423 0.0929784 0.0929784 0.0981017 0.0980876 0.0986038 0.0989479 0.102399 0.10298 0.102052 0.10244 0.103535 0.103616 0.0979426 0.0992637 0.100259 0.102475 0.102031 0.105357 0.105547 0.107828 0.107381 0.108054 0.0979426 0.0992637 0.100259 0.102475 0.102031 0.105357 0.105547 0.107828 0.107381 0.108054
20230424 0.0916511 0.0916511 0.0963181 0.0964452 0.0967253 0.0968952 0.0973257 0.101886 0.103017 0.102659 0.101313 0.10258 0.0961559 0.0974625 0.0995655 0.0993967 0.0998949 0.100234 0.102576 0.102736 0.105269 0.104815 0.0961559 0.0974625 0.0995655 0.0993967 0.0998949 0.100234 0.102576 0.102736 0.105269 0.104815
20230425 0.092472 0.092472 0.0953921 0.0955324 0.0957039 0.0952425 0.0957706 0.0969597 0.101556 0.103067 0.10113 0.101765 0.0952889 0.0972406 0.0984713 0.0998634 0.09913 0.0998437 0.102114 0.104232 0.103435 0.104937 0.0952889 0.0972406 0.0984713 0.0998634 0.09913 0.0998437 0.102114 0.104232 0.103435 0.104937
20230426 0.0949602 0.0949602 0.0969493 0.0971216 0.0972406 0.0968361 0.0968967 0.0971035 0.0974012 0.104119 0.104522 0.104051 0.0938321 0.0983253 0.0984318 0.0966409 0.0982482 0.099551 0.101852 0.104731 0.105736 0.105077 0.0938321 0.0983253 0.0984318 0.0966409 0.0982482 0.099551 0.101852 0.104731 0.105736 0.105077
20230427 0.097759 0.097759 0.0970004 0.10093 0.100588 0.100795 0.10073 0.101091 0.101106 0.10136 0.104706 0.10464 0.096943 0.0957186 0.100057 0.0995292 0.098924 0.100734 0.101317 0.103064 0.10475 0.106415 0.096943 0.0957186 0.100057 0.0995292 0.098924 0.100734 0.101317 0.103064 0.10475 0.106415
20230428 0.0987847 0.0987847 0.0994707 0.0998253 0.103358 0.103877 0.10348 0.10433 0.103102 0.103506 0.104245 0.105184 0.0993736 0.101262 0.101576 0.100558 0.10069 0.100719 0.101901 0.102414 0.101949 0.103253 0.0993736 0.101262 0.101576 0.100558 0.10069 0.100719 0.101901 0.102414 0.101949 0.103253
20230429 0.0953391 0.0953391 0.0970112 0.0966412 0.0971781 0.100068 0.100634 0.101116 0.101997 0.102504 0.102013 0.102606 0.0969901 0.097925 0.0988162 0.099546 0.0987767 0.099519 0.0993103 0.102537 0.104601 0.104569 0.0969901 0.097925 0.0988162 0.099546 0.0987767 0.099519 0.0993103 0.102537 0.104601 0.104569
20230430 0.0971098 0.0971098 0.0989384 0.0985496 0.0991398 0.0993218 0.101438 0.101665 0.101031 0.102144 0.102742 0.103958 0.0987588 0.0988172 0.101226 0.100714 0.101429 0.101959 0.104169 0.10447 0.104086 0.105124 0.0987588 0.0988172 0.101226 0.100714 0.101429 0.101959 0.104169 0.10447 0.104086 0.105124
20230501 0.097805 0.097805 0.100734 0.100694 0.100656 0.100712 0.10071 0.104414 0.106023 0.105739 0.105883 0.105332 0.100406 0.1012 0.102083 0.10369 0.104565 0.105251 0.108799 0.109999 0.11084 0.110209 0.100406 0.1012 0.102083 0.10369 0.104565 0.105251 0.108799 0.109999 0.11084 0.110209
20230502 0.098829 0.098829 0.103193 0.10262 0.102958 0.101917 0.103201 0.102746 0.108484 0.10712 0.108702 0.109161 0.102943 0.104065 0.105016 0.104864 0.106475 0.107067 0.107828 0.110627 0.110693 0.111925 0.102943 0.104065 0.105016 0.104864 0.106475 0.107067 0.107828 0.110627 0.110693 0.111925
